504.873627 462.828186 
80.423035 442.296417 
362.296783 487.714264 
371.775909 382.271301 
157.309601 270.254211 
231.141266 418.411133 
18.163860 210.855499 
89.881737 443.308990 
374.195831 455.815308 
62.444588 536.128601 
138.301620 391.544373 
83.590874 469.342285 
16.566807 423.112518 
434.682404 487.644928 
320.715759 549.682739 
54.603973 362.468262 
523.853210 449.037140 
226.248657 439.456299 
51.720242 499.182159 
16.674507 515.019165 
96.040833 381.466888 
36.261517 558.825867 
117.678757 445.281555 
243.803650 442.177887 
250.843201 527.375732 
28.623428 499.923676 
56.223057 579.722656 
394.418427 395.173767 
397.428802 479.827576 
124.328239 480.155975 
129.427719 386.148743 
258.970734 515.333435 
274.363251 448.491669 
117.236176 346.618256 
322.414062 342.550446 
355.076996 480.535400 
46.101540 520.478577 
268.991974 464.378723 
189.100067 460.542053 
79.895439 460.592926 
157.297852 233.210052 
234.138748 171.126068 
44.314301 375.786530 
203.048767 469.333740 
287.742981 457.609070 
532.776489 482.963623 
140.564346 434.386353 
233.822388 171.991989 
54.169651 213.063263 
290.814697 422.925690 
298.865967 471.618896 
266.327850 439.251526 
473.252106 504.515015 
150.755478 396.400238 
16.849831 569.075623 
18.977600 519.097778 
115.122864 488.297546 
249.544739 400.405609 
528.139404 435.573090 
96.528847 448.508392 
128.893417 522.640015 
254.005341 408.738251 
209.243896 575.026428 
41.874519 543.308228 
272.075409 488.575989 
276.774170 381.634613 
91.415161 580.047302 
87.650337 253.113907 
415.725800 491.730347 
506.957153 479.388336 
191.146149 402.856140 
192.199097 441.610046 
70.058022 385.924286 
419.884460 483.082825 
156.850067 358.830627 
336.309265 354.235168 
157.409241 353.081268 
284.555145 402.646942 
62.472206 431.640564 
17.905144 327.031128 
193.153778 350.072815 
137.065460 235.539886 
211.427719 476.360535 
444.222778 544.427246 
75.161469 488.584076 
79.600540 571.357666 
470.033325 486.177673 
206.573227 365.941833 
157.381531 431.060028 
17.464062 402.180664 
524.420959 442.345886 
216.639664 420.933105 
105.469978 432.557709 
248.074631 439.304871 
510.964478 481.971985 
131.668808 495.693359 
263.042664 406.953003 
273.583191 504.205963 
281.132812 435.201263 
42.824821 413.875122 
269.257812 378.998199 
234.161789 392.244415 
187.763916 540.861267 
143.731873 237.155121 
157.259369 315.596893 
56.321609 423.909668 
337.992126 413.635559 
16.718983 295.451904 
200.323792 385.789459 
159.700867 480.690155 
17.601442 355.098846 
192.453369 356.433624 
148.731125 472.178925 
34.588867 156.244705 
436.160583 409.248322 
215.197769 569.282959 
219.335159 519.098633 
295.016724 389.925964 
580.110596 564.057922 
26.893223 371.312073 
192.515533 391.241364 
157.397766 384.981689 
224.253632 556.979126 
17.036638 456.523773 
18.158028 412.780884 
301.020691 422.416107 
60.169983 363.079102 
454.701965 412.455078 
460.769501 485.229736 
530.012634 544.609497 
538.691895 446.957153 
316.902069 412.808685 
157.317612 311.654877 
179.648056 531.618835 
182.178482 506.473999 
356.697052 563.447876 
95.782692 567.717529 
43.816887 450.849915 
332.868317 419.166412 
193.790817 406.471375 
103.977364 556.833496 
55.757069 467.018860 
202.202103 526.369446 
208.590027 538.930054 
63.599358 415.200623 
68.056519 431.694489 
147.926392 479.046600 
480.001587 495.555939 
210.184769 414.681702 
74.645676 403.791901 
93.025352 499.365753 
151.772644 549.084778 
156.343628 415.444275 
223.125748 498.816132 
23.793135 453.726379 
309.599823 416.378143 
40.479343 289.226990 
376.399963 503.761902 
163.161102 539.005676 
537.952148 440.979706 
537.467773 491.657654 
184.720093 486.161499 
547.340088 546.370300 
327.400909 426.125061 
51.957958 476.024841 
409.816376 463.174774 
197.571671 300.506653 
113.016930 397.901917 
555.580566 525.672485 
243.980331 489.235382 
140.510864 321.433228 
431.849365 93.567627 
102.187065 501.511017 
58.297718 432.574738 
340.565125 519.218018 
87.141533 489.406921 
476.031708 477.976105 
71.279129 424.372284 
241.723129 361.781677 
356.973450 436.444031 
484.872101 498.921295 
219.720062 530.565308 
366.551331 495.536835 
44.191475 351.450562 
19.468489 444.589874 
340.742889 483.709045 
377.874054 553.805359 
165.186630 484.007599 
169.790054 555.445862 
92.145409 368.616180 
30.225018 387.619629 
424.544708 77.415405 
288.817810 566.033508 
103.588516 359.185425 
225.666855 351.413574 
301.050690 580.394592 
90.823502 461.728088 
96.596802 481.757050 
113.528442 426.121124 
133.900848 375.201141 
240.420349 541.492859 
346.150787 511.093292 
120.102348 394.983673 
447.461456 439.095123 
206.734055 429.564941 
175.365341 492.156769 
285.660614 570.513550 
137.815414 451.043701 
502.304047 465.063171 
191.205246 359.231445 
362.537628 548.812439 
224.290115 414.203735 
18.886433 294.598328 
202.925079 370.769592 
87.667122 378.985901 
146.262146 541.852844 
34.875004 335.482727 
297.048309 563.384216 
463.537872 430.668884 
237.413681 525.338135 
95.433815 405.787476 
42.869667 578.579529 
116.185242 577.330872 
111.675896 482.926117 
562.490234 431.671204 
249.742798 491.485962 
105.889435 416.717041 
337.423889 579.663696 
120.065460 444.350464 
126.499298 447.666992 
477.621460 467.154510 
255.188293 486.358734 
493.731384 449.874969 
352.498322 516.265381 
136.382523 409.514526 
157.473892 259.075653 
491.751007 451.720612 
71.933311 375.471222 
157.430984 264.469391 
19.002533 339.978027 
202.555420 337.682037 
86.634941 433.442139 
65.363594 530.278992 
94.171700 258.356293 
56.321491 366.080750 
290.615692 435.119415 
465.138336 497.530365 
443.845856 492.596222 
17.097000 506.975067 
73.270226 369.228149 
100.974777 399.772308 
112.530487 512.555420 
118.538933 426.278870 
245.505768 408.250488 
195.597031 574.288208 
25.189629 521.614441 
104.950096 386.954468 
157.497650 284.505951 
176.464767 577.283875 
130.877670 390.713043 
41.776848 578.141907 
494.568024 476.246277 
275.243988 402.613678 
406.527863 481.479462 
359.743439 512.283264 
132.631714 392.394897 
42.745342 502.662872 
266.727478 485.242493 
499.358093 548.200012 
506.583679 440.725494 
191.044525 440.114410 
83.733421 463.812164 
157.472733 202.819122 
233.798309 393.298645 
48.753227 454.184509 
284.095520 443.374023 
63.948624 558.752380 
143.688492 416.816193 
437.207123 514.126648 
289.941895 395.382629 
297.095612 475.973358 
76.653641 548.660706 
473.527405 431.395691 
150.536972 402.918335 
16.821762 536.349609 
22.849350 502.853333 
97.851059 402.515045 
384.419617 394.162201 
450.524323 502.220673 
250.203018 402.047943 
25.087904 478.164917 
428.626831 70.156166 
122.926682 553.882324 
127.414780 412.310028 
16.974993 348.019897 
253.390884 383.216705 
541.734375 443.424591 
279.663300 423.805878 
135.458038 540.520447 
43.302479 542.622986 
211.158768 576.342651 
503.564636 544.821716 
508.580475 492.110962 
191.896332 389.238434 
75.044640 580.213135 
141.190857 284.124237 
49.885582 384.749268 
55.726887 484.464813 
23.804604 277.299011 
517.450745 552.291931 
202.020386 449.423340 
285.381805 388.673340 
62.194466 518.886475 
70.286583 567.315430 
405.680908 71.439522 
143.274063 458.311493 
540.179749 433.683472 
294.333038 447.092773 
470.664154 484.974335 
154.638794 470.370087 
448.992096 485.262848 
16.617687 396.321136 
19.561501 494.630798 
144.105118 266.403198 
100.849159 362.638428 
383.648193 495.626862 
114.806976 561.414246 
450.667358 494.060883 
250.274887 472.671021 
529.522705 459.920868 
232.238770 354.130554 
131.586288 546.723267 
137.772110 478.086975 
45.943146 391.412109 
266.004791 401.161682 
108.347168 286.225220 
555.056946 433.776764 
509.177979 547.931091 
186.856323 527.698669 
194.354858 464.752747 
78.441956 526.728638 
53.452438 440.990356 
59.589081 526.679993 
568.403015 517.029663 
35.110378 366.821075 
60.000000 450.000000 
70.037712 510.794189 
196.894653 377.304077 
144.910019 443.046997 
215.622665 549.976746 
296.925110 393.818756 
74.943550 463.292542 
16.989418 211.377960 
156.379883 452.462830 
222.016296 561.548584 
16.650055 429.389648 
263.503174 458.427612 
300.628693 394.962616 
38.113792 372.172729 
217.870728 348.771454 
169.588821 467.972565 
279.403687 575.793823 
24.704372 391.164215 
178.938889 535.827209 
127.901253 519.419861 
569.278992 537.250610 
36.794769 452.592651 
551.320862 443.799042 
45.056438 436.707458 
143.811768 259.788177 
78.033966 209.552368 
105.305313 559.437988 
57.722828 398.049988 
341.989044 433.506775 
18.649223 168.458755 
133.103241 502.487518 
202.752380 554.511902 
207.266937 528.674805 
61.218742 409.213409 
70.081154 457.694275 
144.368622 494.442841 
215.849243 540.477783 
328.027985 357.036804 
77.990112 422.037292 
27.999109 342.930695 
361.989075 457.300171 
153.190536 481.079407 
50.449905 375.154755 
229.123032 552.083069 
19.637726 386.489746 
304.698059 448.393921 
39.525536 308.699615 
28.029430 447.349976 
34.227028 449.236084 
179.139374 552.128723 
184.856354 480.207458 
261.173309 372.504089 
41.824764 413.839386 
272.369537 572.646912 
280.261993 491.963806 
95.520821 492.370026 
100.244591 545.132568 
110.248878 371.748444 
556.658997 541.932007 
558.850464 544.528015 
371.903015 574.525452 
59.537022 443.163666 
339.494476 486.889740 
48.574905 418.715607 
205.286469 563.744812 
140.912735 163.136749 
115.875015 230.178391 
68.730118 405.931213 
136.106888 298.415771 
148.727661 500.402313 
212.787369 392.644562 
219.726959 546.886841 
229.110916 388.938354 
72.035530 379.632660 
162.897385 579.332153 
161.797180 538.170044 
23.338768 431.273163 
306.125183 395.441589 
61.927425 318.014099 
456.381195 414.472107 
260.033875 169.493591 
91.416283 352.737518 
34.237232 395.812683 
130.605209 578.460388 
36.794373 391.242157 
549.183716 523.668518 
324.571655 406.533844 
89.223473 359.960022 
303.075562 162.388733 
93.552452 441.715149 
99.589478 551.736511 
112.557838 420.487488 
122.340973 410.060822 
479.426483 502.456451 
257.305023 523.114746 
207.901154 425.449341 
17.097324 272.421539 
133.938644 304.611053 
482.816345 427.754547 
211.659943 434.805145 
217.038406 411.062042 
191.496887 339.964752 
144.906006 414.814941 
369.045349 516.821167 
161.293991 493.803375 
222.653595 382.175812 
232.703827 494.546936 
19.038288 324.815369 
310.741302 436.632568 
45.456730 296.068298 
512.379944 463.309082 
197.082199 179.060074 
444.938049 509.706360 
210.479538 365.987427 
176.691040 472.815521 
202.521469 187.541351 
543.864380 506.373627 
222.283997 375.090881 
89.589302 415.950897 
91.580559 386.259399 
99.303406 504.276123 
380.039368 444.737579 
108.884262 454.253204 
116.337517 414.606903 
29.354952 576.450928 
107.753914 446.600739 
346.975067 491.662628 
568.549988 549.057129 
252.942017 484.150360 
207.640732 453.008545 
351.676178 486.746552 
150.569260 443.860107 
134.543976 426.732056 
491.285309 482.223694 
80.611504 381.029633 
362.107880 522.533020 
48.058250 491.122986 
19.754440 367.221771 
304.584229 558.135864 
88.989433 451.723511 
431.448242 478.171753 
172.123215 488.365631 
404.397278 113.930801 
132.270004 162.360703 
69.502136 241.704636 
313.717102 548.275940 
39.016983 565.291260 
17.762577 187.664795 
469.292358 417.851807 
439.981659 500.720642 
327.740479 534.033630 
157.495407 278.256805 
69.306618 361.259430 
96.874077 464.067291 
113.728973 507.798615 
115.935822 461.900604 
78.550285 377.857941 
104.163086 391.900299 
200.733643 578.442810 
258.696289 522.203308 
496.446533 471.597076 
115.857170 356.098938 
16.566063 163.490707 
137.176849 387.150696 
85.554840 215.807999 
486.044556 428.037231 
502.541351 482.021332 
508.625885 459.857513 
294.389771 580.372864 
130.614441 370.388947 
78.697716 446.270050 
361.220734 481.380066 
157.404175 192.128754 
120.627853 160.784134 
519.580750 445.023712 
88.899391 507.470795 
374.681183 471.103516 
63.567776 556.078308 
26.560329 418.429413 
140.723251 396.589294 
31.305811 326.141205 
437.313507 485.134338 
320.633575 554.233643 
56.607277 346.316040 
288.081482 457.585815 
73.022125 565.147827 
472.075653 473.585297 
238.270737 398.796051 
16.560791 533.384949 
252.803467 366.871613 
96.593277 424.115723 
88.836670 375.291626 
119.446297 502.702057 
249.586441 531.753845 
26.312691 496.854492 
398.228210 496.708405 
130.325150 416.848816 
252.275299 468.501709 
258.208588 520.324585 
39.068531 554.217346 
272.600403 426.829468 
117.594116 350.664673 
354.702545 487.655548 
149.851105 287.262756 
45.730507 525.568359 
267.157928 458.349792 
112.860718 223.525757 
509.888153 511.429993 
190.098923 464.587341 
17.971258 264.756287 
369.717865 430.808533 
157.289352 227.008026 
54.045734 486.898834 
337.099976 343.229279 
52.103970 395.867371 
18.534962 261.992493 
198.911514 453.181396 
46.153572 228.626526 
17.761620 291.948822 
138.532135 442.146210 
291.991333 416.272583 
296.853180 450.104675 
470.255310 503.708588 
106.409004 219.115662 
17.755323 560.966675 
18.786072 479.521484 
163.187988 467.007233 
254.949326 407.181122 
263.430939 462.883392 
541.707397 467.006195 
244.812088 168.708725 
279.955872 400.721100 
42.778355 568.906250 
269.941376 414.967163 
191.840561 408.874542 
50.764191 410.177429 
57.115677 555.993225 
17.879501 305.309998 
198.640106 422.450867 
88.097206 545.364990 
286.195404 412.049805 
63.748924 448.605164 
17.738043 320.335907 
192.409912 342.184937 
147.024994 408.160950 
433.532349 401.687805 
400.730225 122.664398 
298.506012 421.094421 
75.457687 482.512390 
81.742249 578.179443 
194.252991 399.112427 
152.809509 449.640320 
156.650726 448.940979 
223.781921 450.746094 
224.720306 545.664673 
70.526711 248.964310 
19.197063 565.911255 
248.630173 447.970245 
26.957199 409.580750 
172.984482 580.190735 
50.368942 472.789612 
258.483307 412.983551 
40.854206 497.557007 
279.848175 426.022247 
47.226562 417.919952 
191.407562 166.309448 
190.713104 547.383179 
143.486115 243.314026 
79.149422 551.657410 
423.021454 504.647003 
52.611916 462.797028 
57.897995 402.046143 
166.931168 488.852905 
64.075340 380.522034 
16.804737 376.471222 
348.207794 443.871887 
153.687683 464.017731 
148.337448 463.911835 
213.656433 522.342407 
218.016174 510.770721 
579.675232 563.617981 
28.891109 365.178284 
157.391663 378.836395 
440.170441 427.360352 
391.066833 364.887146 
16.631163 451.242371 
18.888756 415.625793 
302.477020 418.379425 
61.459644 355.693634 
453.170837 419.122437 
459.102600 478.894531 
28.243219 465.210876 
30.609959 498.692657 
316.013702 403.564301 
60.268063 388.789948 
176.303894 562.890869 
180.523438 500.571930 
541.808899 550.016479 
49.079933 483.967773 
411.009857 407.793579 
93.052719 478.713776 
46.246910 456.152069 
331.630646 421.151001 
110.073212 364.418488 
96.798576 369.107697 
193.845703 544.188477 
420.024231 487.223846 
379.454651 490.672028 
57.834370 472.811890 
121.723427 376.267303 
200.884323 529.508850 
207.610626 555.659607 
70.448158 434.989441 
480.233093 488.022064 
210.665451 424.976898 
220.116760 564.623657 
74.355202 398.573303 
365.963501 432.138123 
150.474487 553.380127 
227.770874 508.323944 
88.557251 470.689423 
303.185303 468.454590 
308.648621 424.547211 
36.936539 286.512177 
165.562958 542.336121 
60.540974 316.712769 
225.713409 510.443878 
530.884827 462.311646 
250.915298 365.555603 
74.557426 448.773346 
31.937220 473.422638 
313.007507 461.438080 
396.990479 472.819977 
184.179138 553.812805 
150.616928 578.066162 
41.506332 388.297607 
549.879822 557.393188 
17.171143 579.705994 
110.920288 390.371124 
244.618439 482.374542 
192.602570 548.478760 
341.367889 513.821716 
478.275269 481.949432 
202.811218 474.035797 
68.628418 379.320129 
489.436462 544.069824 
220.431625 523.092285 
522.836304 481.606079 
29.853088 278.326141 
49.608337 563.294006 
230.706696 513.335144 
23.274931 310.429718 
310.289276 463.469452 
372.601837 548.775330 
245.094406 535.283630 
92.153404 372.797729 
423.257111 70.064293 
292.626160 558.254150 
103.675415 360.958252 
239.491516 490.859650 
117.216438 571.199829 
332.885956 506.048370 
217.313156 169.691406 
104.557266 450.342163 
190.107773 580.107788 
195.677017 506.405243 
49.336899 578.823242 
124.096466 388.941254 
478.462006 428.972626 
208.539062 444.431854 
282.209991 580.008362 
355.085052 387.811249 
481.140076 453.175171 
491.947449 486.463806 
221.980850 387.301758 
501.642426 473.514282 
191.671341 363.354187 
67.563377 366.958740 
371.259155 543.969971 
19.029503 304.747955 
302.984955 553.055420 
200.332382 375.914307 
46.824768 318.526550 
388.504608 350.624146 
170.635941 504.784637 
429.313782 494.337524 
210.385956 341.387482 
398.001740 361.240082 
299.100433 568.782654 
467.271820 433.381317 
473.020691 411.549072 
548.519531 496.825378 
570.024170 436.881714 
75.031441 375.772491 
95.281136 410.957825 
99.014801 433.578369 
382.336639 468.141266 
418.225067 498.643616 
109.571198 475.693848 
118.749893 392.956024 
563.961304 433.744263 
240.587646 396.508850 
250.374130 492.803406 
49.905811 449.064301 
121.450920 438.315125 
130.302567 427.912048 
478.180115 472.493988 
492.569641 438.154968 
272.335449 394.192719 
17.403353 157.420929 
352.024872 510.746613 
134.275726 405.390839 
485.230103 409.120422 
491.575867 458.500427 
216.322540 440.214264 
81.905128 405.559601 
361.809326 500.358459 
49.042477 510.621185 
18.491936 344.253540 
518.390869 463.143982 
311.411865 551.474487 
42.399925 360.078003 
139.002716 383.211792 
33.959606 282.769348 
322.104889 559.632324 
54.217804 377.169159 
288.044434 426.383545 
191.182068 168.424011 
467.760559 478.457764 
237.111389 378.669678 
17.094154 498.094482 
252.345535 364.817749 
97.673836 394.592651 
117.322708 435.550934 
245.235962 402.146362 
264.385925 372.073944 
342.496521 522.249878 
342.289490 530.875061 
126.880974 399.518280 
69.917969 509.858582 
38.819824 570.267578 
493.501129 495.196411 
275.664429 412.643158 
133.583145 555.517944 
47.071587 509.028290 
502.670197 553.147644 
509.032104 434.435181 
190.980072 448.770142 
24.961655 152.975372 
157.342026 218.929016 
123.463882 229.129593 
86.755447 483.104034 
282.802277 448.945404 
63.936260 485.030273 
515.934631 459.475342 
140.531967 425.657593 
288.699280 387.953491 
216.528625 308.900360 
464.145325 544.676636 
151.409164 413.667358 
440.454468 545.135010 
543.347473 514.696838 
87.975647 397.999512 
21.171534 508.210938 
109.010414 560.347046 
451.004395 507.956299 
530.275696 448.612793 
124.085663 548.776733 
510.125732 436.892456 
255.699997 401.848907 
545.495789 460.011627 
270.841827 455.999512 
280.214447 418.443970 
206.118439 367.628754 
44.260067 546.488342 
264.976349 437.361420 
506.199707 488.964325 
190.841980 395.887482 
74.359032 573.199219 
157.351181 342.429565 
55.057507 560.339600 
503.101868 453.417145 
365.884369 445.120087 
17.055401 316.572571 
142.264648 463.950958 
118.782951 160.527420 
70.951164 390.857208 
298.666809 430.603210 
29.342167 329.325592 
468.859222 479.668915 
150.748535 453.429413 
445.169006 479.885956 
234.119308 467.185120 
17.130703 391.431122 
260.023132 450.722046 
98.624481 359.887970 
127.373413 463.338745 
529.025818 450.842621 
178.681625 478.053986 
88.699585 369.272766 
281.452698 469.170929 
43.479935 400.742065 
267.862122 392.987579 
553.116333 431.429047 
186.772141 531.025452 
193.399750 458.471008 
157.184067 303.894592 
54.200790 533.535461 
339.074982 421.665588 
136.126190 504.632477 
204.553909 493.531921 
17.478113 347.850281 
350.230408 435.476105 
194.967392 367.640533 
147.761765 434.244690 
32.544506 218.030945 
212.914368 554.575256 
534.427673 473.476532 
298.839844 396.160675 
76.658905 460.967285 
161.370239 472.884552 
16.702438 444.976685 
18.106163 545.188965 
303.513275 409.801544 
41.440674 367.950836 
387.745697 494.189148 
219.878845 347.143311 
50.469078 356.409546 
457.001099 493.964478 
138.614471 578.206177 
28.845766 386.779175 
32.724331 482.543030 
316.789246 420.214844 
394.241058 485.454620 
176.500458 540.087280 
151.195175 161.443253 
179.408875 507.691650 
276.909058 499.413116 
92.111893 553.758606 
99.893692 577.379211 
187.601852 479.204468 
193.169250 416.556610 
69.645401 401.417999 
102.380936 566.525391 
56.846992 378.069214 
338.159241 428.926483 
156.147980 364.732208 
569.067627 567.906250 
201.058945 534.941895 
208.925125 524.428162 
40.908188 457.655457 
63.514973 405.679657 
66.870079 464.449951 
141.606583 551.202759 
212.296890 405.010223 
77.371910 414.489868 
29.226912 339.361816 
360.669189 451.925049 
154.834824 558.784668 
157.470688 406.558716 
236.493668 357.431427 
233.153900 546.697327 
19.099136 395.641663 
301.836151 440.958466 
311.314728 403.283813 
101.842239 274.894562 
416.156250 96.380898 
250.338150 366.667542 
29.673920 442.982727 
181.763916 474.173248 
38.546406 405.816620 
273.257019 579.957703 
46.458485 429.531555 
413.825195 382.944672 
132.684967 578.427368 
112.323128 388.340942 
552.513916 535.464905 
140.769226 307.452454 
414.076324 402.054871 
58.283363 444.978882 
109.534035 322.583344 
540.058044 473.083130 
208.522995 385.649323 
70.063194 409.898682 
348.572601 423.480499 
137.973785 316.166138 
487.506958 547.302612 
212.818893 400.245422 
216.827576 543.019836 
140.786728 254.734543 
159.259827 557.845093 
230.419312 506.010956 
23.875046 432.824707 
72.572525 330.609833 
311.241425 398.740845 
376.626801 494.857635 
461.381378 411.481750 
95.472214 358.057037 
316.093842 437.273285 
321.177399 432.057495 
157.443237 319.981781 
184.928070 531.538147 
210.701767 343.310608 
102.903572 366.203156 
550.952148 529.882202 
325.934662 423.892273 
89.051170 424.622070 
93.706978 446.077484 
98.188293 497.768616 
191.522354 182.064728 
111.275719 416.715637 
148.959991 163.353333 
245.834213 506.853943 
192.986847 474.708618 
343.063568 426.742096 
122.867981 402.586365 
566.857483 554.829285 
209.742279 414.683075 
208.334564 342.082214 
148.741150 546.102112 
484.583923 472.067169 
216.945221 403.995667 
156.217133 432.070129 
190.879654 347.790131 
368.264496 503.696716 
161.217285 489.372681 
293.550690 333.579346 
19.024769 285.170105 
412.783936 78.358536 
308.359558 442.003387 
45.757385 303.887756 
192.680618 171.374496 
31.443924 344.546509 
213.158844 371.303009 
66.127747 454.706085 
135.172165 561.060242 
325.879303 550.008423 
235.881210 513.759705 
95.095451 394.426697 
98.243752 501.032806 
543.040466 430.177338 
114.900398 420.401093 
559.197937 441.383026 
19.906561 275.658386 
29.926071 575.227417 
194.531891 557.558838 
105.416771 429.853790 
347.011078 497.020142 
123.952591 460.914307 
567.753906 438.163116 
254.318558 474.181488 
154.098892 330.076691 
493.171906 432.947144 
272.399628 376.893341 
352.541138 505.539917 
193.282104 408.733124 
137.273758 444.812500 
488.889465 467.648163 
500.673706 448.653198 
80.124207 387.913757 
362.822144 519.599365 
157.449875 254.648758 
89.411667 428.849915 
23.932125 374.137756 
521.679626 460.093597 
44.595356 342.515961 
282.516846 483.159546 
169.217117 484.201843 
578.636292 550.297668 
34.569271 360.787567 
316.984222 540.000610 
238.023392 504.005249 
289.337524 448.429535 
242.475555 318.394562 
181.005188 473.329285 
441.709106 504.643402 
16.750868 496.641388 
98.633949 459.448578 
385.867126 444.698822 
110.911736 500.911743 
118.363564 466.418274 
82.429726 359.095337 
105.632362 400.053833 
131.217468 453.386108 
257.172516 432.399933 
493.398285 466.071808 
275.620209 418.528687 
16.525709 182.304077 
359.296143 498.650360 
136.202103 380.219635 
16.746750 465.983124 
488.472595 437.313141 
498.357483 487.542328 
506.270599 455.872864 
64.174683 568.053650 
129.999664 376.128784 
78.679390 426.909485 
362.539337 476.753357 
53.456779 536.668335 
49.894207 399.385162 
231.514908 378.376038 
516.447510 439.953308 
84.242462 498.231506 
283.267578 427.590179 
62.293915 550.558167 
142.497452 406.474518 
30.988052 307.634521 
289.685455 451.719238 
467.419006 502.424316 
473.228516 466.564117 
153.624832 417.990936 
527.985535 466.959900 
236.930588 403.581635 
511.729950 494.971069 
247.988037 420.222321 
112.122780 553.255737 
156.121521 165.717102 
241.169373 430.282745 
248.166687 417.012329 
29.878733 488.112549 
32.108715 570.486877 
400.330170 487.993988 
121.863129 565.218750 
126.271942 425.523041 
262.388000 475.505402 
39.324890 547.476501 
272.591827 435.390656 
358.670563 492.745728 
44.079151 530.251221 
267.024750 452.548523 
187.837387 473.602417 
368.698212 434.915955 
157.378143 339.825073 
56.339710 493.753113 
340.671967 337.845734 
22.287315 265.474243 
70.392517 556.711731 
202.730194 461.635742 
89.995316 554.342102 
65.146339 505.844971 
16.818581 282.993530 
143.963425 448.113190 
147.579102 399.766449 
30.699738 279.540527 
289.817078 409.382660 
365.202881 363.033875 
153.398590 386.420593 
440.502563 425.611450 
16.724255 384.691284 
18.192039 485.360809 
66.707146 558.843872 
96.772682 372.572174 
166.612457 470.922089 
114.734100 550.703491 
451.661285 483.078400 
528.689880 471.175446 
157.377625 295.204620 
183.571960 579.137329 
518.880066 19.376793 
258.474609 469.220123 
495.165558 551.209412 
281.116577 393.170166 
71.795998 573.859436 
410.857300 484.318359 
43.818798 378.257111 
267.363434 408.619446 
190.848343 417.280457 
51.799683 402.964050 
202.892197 406.978943 
283.851318 419.913849 
64.521111 443.594269 
16.716049 337.687286 
196.301498 337.949371 
148.787155 402.486908 
31.888666 224.067032 
399.292969 118.484741 
294.048553 407.962250 
72.022644 475.287415 
150.935593 431.016235 
156.534805 440.298126 
447.772766 500.189117 
223.136276 523.054077 
16.678831 418.427277 
19.670132 522.300842 
41.654819 362.951538 
117.176056 541.418518 
456.634460 510.603271 
29.418407 402.814911 
477.580170 417.846466 
125.279678 580.092957 
68.428940 479.709381 
260.212036 415.578644 
37.878414 491.053101 
156.959122 370.894470 
157.442642 234.668243 
95.601616 535.306091 
47.977375 424.712585 
264.300751 447.211090 
89.391098 577.801270 
143.059769 251.446381 
82.802475 554.770325 
418.701630 466.162750 
425.051941 498.774017 
157.460938 324.419220 
58.248329 410.038452 
483.433258 544.912964 
516.596008 480.822723 
205.000763 521.762146 
63.229771 400.181335 
16.801872 366.280792 
148.751892 456.220001 
212.900543 529.491821 
219.811844 508.187073 
578.636597 553.578796 
24.437588 356.390076 
155.981461 497.301025 
156.650787 397.682495 
224.145737 495.865875 
16.742189 473.845947 
20.313538 423.569672 
301.645569 433.093048 
36.251278 347.607971 
216.467926 429.726868 
35.964550 504.740448 
313.545227 401.939453 
73.933434 361.665314 
40.019188 449.124146 
91.901924 485.864502 
89.804718 352.734619 
331.759186 431.870819 
108.948242 356.965485 
157.054626 465.899384 
140.441055 292.869629 
61.261177 233.720276 
56.251076 451.394836 
121.640030 368.964813 
18.029476 154.656052 
205.168610 549.702515 
32.862473 355.843872 
67.239471 441.906006 
129.200500 562.816772 
482.325409 480.992310 
212.214417 378.234314 
221.939590 560.903198 
74.771561 394.171112 
29.077255 216.306168 
365.918701 431.480530 
152.473694 538.241028 
48.192268 568.474731 
18.160744 463.225067 
303.861664 467.016541 
256.274597 168.664337 
38.603848 303.004089 
35.530079 455.012360 
321.229004 441.070892 
396.598450 466.853516 
229.926590 241.264435 
41.854645 380.801941 
225.985046 172.198471 
17.612335 573.379150 
409.083771 451.663025 
97.404457 560.966064 
110.090134 408.641327 
559.413025 551.805115 
243.511627 475.446747 
123.545799 420.647308 
474.177856 491.768799 
306.715668 353.272919 
209.475540 409.660736 
17.485096 262.629089 
349.740540 544.748718 
354.981232 444.777740 
235.081604 548.017334 
291.719635 579.554077 
27.493420 274.737274 
17.119766 474.372803 
248.293030 461.780945 
229.032654 483.487000 
18.537659 312.514191 
207.788040 261.506958 
89.113525 411.578217 
163.479553 492.676941 
173.515335 540.236328 
33.794884 425.855988 
235.824829 492.724548 
91.812157 472.744324 
331.087738 510.690613 
109.860458 443.268311 
117.574173 403.279388 
103.048851 457.696350 
343.192261 503.107483 
121.929520 379.410309 
569.266663 436.763306 
209.679688 438.855530 
466.404816 49.516975 
137.170715 462.072845 
488.298920 493.911224 
221.089523 379.855774 
499.025818 427.371857 
191.078934 371.248016 
578.803223 571.569214 
81.075653 391.504242 
224.774780 406.929932 
19.647221 354.595947 
200.647583 357.850677 
84.407066 390.066956 
173.103470 501.447968 
430.197327 498.413605 
317.677612 558.562683 
320.043732 405.902649 
55.258911 317.163849 
239.738968 538.527039 
18.656456 574.873657 
97.884979 427.222870 
334.026459 552.803528 
111.258949 497.415466 
118.329514 399.222534 
78.802231 341.542053 
16.927509 552.162720 
103.429359 405.581970 
122.814667 434.362823 
129.640472 432.744781 
255.205704 500.679749 
496.485626 459.286591 
272.784973 401.082672 
16.702324 155.534485 
403.118927 499.199707 
136.295181 421.634949 
491.701721 443.958344 
264.681122 512.738220 
219.916428 436.899811 
507.687256 470.443054 
79.484451 411.909729 
362.287872 497.544586 
48.790249 504.659302 
19.233160 353.241791 
519.438171 436.446930 
307.805450 552.911438 
43.118439 367.841583 
64.779869 579.276245 
512.372742 455.567780 
139.721542 384.831055 
432.284180 495.480835 
54.666946 358.683563 
464.186432 482.132721 
472.777802 461.775543 
440.862671 482.712555 
17.543097 516.989685 
307.536896 579.813721 
96.544334 387.257080 
112.750984 524.017395 
119.428391 442.486420 
243.051163 446.281799 
24.171789 507.365356 
54.138626 575.563232 
396.663544 484.736938 
47.970596 483.080750 
257.853760 460.160248 
496.029999 488.401825 
271.404572 439.580933 
206.790085 373.381775 
135.267349 546.888611 
44.664494 515.991821 
190.851685 451.236084 
127.923149 303.532867 
79.980812 450.875854 
368.389832 441.312988 
157.448730 214.211884 
56.320839 503.291443 
123.623383 227.709122 
511.131866 548.247864 
201.363525 466.375458 
87.883652 479.359802 
373.501282 438.127838 
427.910400 491.652924 
63.794998 477.593475 
143.523544 427.256714 
94.874451 218.775452 
84.492561 347.823914 
524.755310 452.226746 
468.825104 438.695801 
389.486237 378.207184 
111.606064 578.801208 
455.155243 511.308624 
240.281326 453.612122 
248.300522 393.421387 
530.454773 441.281433 
395.785583 549.476196 
121.687408 541.346741 
131.168655 544.594055 
207.569397 578.786865 
494.178802 544.138123 
270.944550 458.198639 
278.724335 385.229431 
408.719360 502.042267 
95.118774 570.392700 
42.480076 557.712280 
264.727631 429.105774 
507.029785 480.693634 
191.918854 396.341187 
192.231827 445.736389 
419.268616 475.742554 
48.679169 424.570038 
55.141563 568.556885 
16.554916 307.216766 
532.740784 479.898224 
141.899857 471.475952 
144.133179 420.126953 
541.211853 552.248291 
212.480148 518.196960 
227.813675 294.355499 
296.473328 433.530090 
24.608145 319.356567 
472.756256 492.136963 
151.367386 456.254425 
48.412155 302.150696 
446.527985 492.739960 
17.711704 408.214417 
198.768692 172.240555 
143.442795 160.771072 
34.728683 568.831360 
100.812309 440.810760 
179.299622 481.779572 
260.798340 444.001923 
229.897430 353.254608 
274.943420 502.218689 
279.740479 463.519165 
47.931087 407.614899 
187.655365 534.424927 
193.550659 455.870850 
79.439041 560.396851 
423.613007 542.894653 
50.516941 429.536652 
58.004822 415.715546 
338.233948 417.239899 
50.091282 378.840851 
155.126404 165.468491 
201.473312 383.429962 
16.722479 361.311371 
350.668732 431.366943 
195.150528 360.227814 
144.245300 429.831940 
32.895214 154.943787 
76.994644 455.301727 
28.163490 373.500244 
53.869152 310.134583 
17.904594 439.405060 
18.004547 404.963928 
98.164101 308.312286 
459.422699 486.045990 
27.367161 381.362732 
33.960205 513.126770 
313.249664 417.759613 
178.703308 527.748901 
129.408432 506.536194 
38.165428 467.352234 
76.160362 432.615753 
93.530518 561.861267 
44.155411 447.215240 
46.958035 441.644135 
331.502594 412.418427 
113.167442 353.687408 
559.635986 510.785217 
190.375854 483.146912 
140.783737 273.965942 
420.243500 477.684937 
107.880653 551.247192 
59.625324 386.451172 
343.244812 420.719604 
567.285767 563.570801 
198.110992 545.072144 
208.826202 542.112061 
60.828648 421.885925 
141.264786 555.248230 
144.507568 480.998505 
210.242569 411.553711 
75.067719 410.561951 
24.430038 333.785004 
194.111221 389.364288 
52.545673 363.058502 
222.453522 519.890930 
19.132851 399.606812 
76.267075 337.100220 
376.385132 505.616425 
212.832611 515.380249 
27.484325 437.135742 
35.423508 437.265808 
48.507565 461.093658 
184.060638 496.351318 
324.582611 432.167175 
144.249878 256.729126 
94.347427 507.696045 
191.818527 174.061020 
109.030533 383.635559 
240.544632 497.645416 
138.911346 315.019196 
58.490314 430.488831 
120.059464 346.200958 
209.407440 378.536621 
363.340881 347.935425 
68.377945 417.608368 
355.272369 428.609406 
144.852890 534.852905 
216.576385 536.056763 
371.945221 486.514771 
49.370060 225.009781 
233.999512 502.608917 
20.093102 442.999878 
373.912140 486.150452 
163.185974 478.601105 
60.889351 234.427643 
456.707916 403.115326 
92.776123 365.863678 
33.194859 380.314056 
312.715637 428.183258 
365.150299 504.106934 
185.281097 527.882385 
105.351715 373.127472 
547.897095 534.623474 
327.541840 418.674957 
52.656727 521.543091 
91.956062 454.639099 
97.367668 489.768616 
112.708305 435.968872 
107.224808 465.832397 
346.475098 436.941132 
122.522789 397.278320 
206.748489 437.858429 
354.263092 422.849640 
133.092468 458.727814 
485.804504 467.040222 
486.995880 498.722687 
220.827194 400.055115 
503.767609 460.389496 
190.718994 350.838654 
369.697662 504.188660 
222.487839 387.752563 
18.123413 289.155579 
111.234894 542.052490 
307.835236 445.590576 
85.131470 384.262848 
192.315231 167.069412 
131.929413 162.262772 
33.503063 349.222290 
210.201508 372.115875 
239.746124 502.782135 
289.850037 484.442444 
161.572662 580.210327 
93.201637 398.395660 
44.788158 575.910217 
119.554329 382.800903 
80.907280 347.849152 
157.471451 176.284241 
98.370567 512.504944 
122.338364 451.267822 
131.939499 443.815277 
479.682190 461.722168 
253.717834 492.897003 
78.770035 489.523346 
348.940338 499.582184 
127.300629 555.007019 
136.748413 439.985199 
481.879639 425.385864 
486.012604 473.908752 
68.458961 445.471924 
79.065735 414.736725 
157.497665 248.678650 
52.681507 547.020691 
231.345825 439.757141 
19.059963 335.626831 
519.062988 450.891876 
199.118332 335.304504 
89.936348 466.449707 
283.213226 490.011902 
169.502213 475.694885 
136.374725 308.089111 
314.860962 536.260132 
184.470871 466.658417 
465.792023 488.029358 
442.656311 489.916565 
16.734379 491.634338 
513.333130 491.974396 
97.769272 455.458221 
60.460358 376.674133 
450.519470 546.435730 
195.273819 580.002563 
82.320312 361.999207 
102.965080 378.868225 
345.336548 545.693359 
125.402618 509.391022 
130.352325 458.333527 
492.334503 482.526520 
272.636993 420.538544 
17.107807 176.537933 
402.678589 478.965118 
358.002045 507.115112 
135.002106 401.936493 
44.854607 492.173096 
265.350800 486.694458 
157.254456 540.607727 
499.967194 492.382690 
506.146759 446.872498 
191.297043 432.702759 
82.886017 434.836975 
157.326477 206.074539 
477.415802 438.949951 
231.182327 401.252655 
66.379074 549.181458 
202.754150 303.631500 
38.184578 155.194611 
373.996185 434.300323 
286.002380 433.018066 
156.166611 546.166626 
141.892090 411.780457 
72.228210 557.093018 
466.595856 504.593262 
473.470917 435.663788 
152.287445 420.696625 
75.920334 440.543640 
16.531208 543.421631 
96.342728 408.282318 
110.115959 549.864258 
114.373932 512.526123 
50.082733 552.655701 
42.934376 558.181091 
29.149204 480.139526 
31.774773 576.500916 
49.928242 432.738312 
131.040161 406.418121 
463.200409 580.055237 
263.059814 485.947205 
543.769470 445.605164 
279.517303 403.971313 
147.889618 233.144379 
44.445965 537.689209 
49.400928 371.630432 
214.958420 570.002441 
191.097656 382.575806 
83.926445 476.898376 
157.313477 332.399445 
512.547058 477.388184 
88.283890 548.766541 
284.590363 383.585907 
302.418365 351.254547 
574.249390 438.391968 
353.933075 371.848511 
143.726364 455.116516 
146.860947 394.526428 
294.200287 440.336151 
204.166260 338.117706 
239.213531 453.129791 
16.865656 381.615753 
19.262672 488.424805 
85.130966 572.693970 
120.276817 503.147552 
216.645233 305.421753 
114.553284 555.116760 
451.067444 486.521057 
29.795406 538.878357 
31.097343 525.707825 
179.508667 490.149200 
184.450912 574.450928 
307.327698 157.705048 
39.531017 503.360413 
280.125519 456.445679 
67.830811 577.382324 
44.677380 388.818848 
557.264954 442.493713 
190.789658 424.964569 
192.768982 472.800995 
192.694534 536.231384 
157.159775 288.677246 
54.046928 544.570007 
203.662827 409.666199 
283.713379 425.242950 
63.429932 456.404327 
16.514835 333.825684 
195.684509 335.686676 
144.508041 448.941803 
297.847260 413.932068 
75.886757 473.697571 
150.498291 434.469574 
159.669846 461.006409 
445.127411 516.393921 
225.660309 532.323364 
16.654789 432.058380 
525.323853 458.412689 
304.867493 396.127319 
100.729439 575.776245 
41.302238 354.583282 
169.287521 471.746704 
452.894104 433.250641 
458.160370 504.479462 
86.678535 449.652313 
31.292034 496.359497 
124.661415 575.952026 
258.257233 422.364899 
63.308701 221.523102 
550.843689 434.009766 
276.609802 438.550598 
406.948090 460.137054 
88.952637 364.210938 
216.380188 570.277771 
403.693542 107.781670 
196.106430 383.154480 
414.528564 469.795319 
104.387726 578.379822 
59.621117 393.925323 
20.172197 164.255905 
519.458191 474.445221 
202.048798 551.578552 
208.708954 513.476807 
427.628265 505.144592 
60.465847 393.057465 
29.697065 156.424271 
140.455658 536.894958 
144.368271 453.771667 
211.066101 536.750183 
75.208878 429.047089 
570.419250 561.648315 
154.190918 474.433441 
49.510006 522.366882 
71.531113 207.087097 
19.857395 379.071594 
305.889069 426.360870 
229.173904 298.051727 
162.570068 560.002869 
64.203949 371.132324 
31.340607 439.221344 
175.482681 549.649963 
261.466125 370.987610 
36.408192 442.944519 
280.437103 495.330750 
95.927742 490.491791 
46.831207 468.800690 
335.295807 433.803436 
108.871597 377.566315 
555.759094 550.767822 
195.198578 533.167236 
56.533695 458.574677 
340.634521 494.813751 
18.734425 157.956375 
479.492950 546.534912 
515.053589 446.556580 
114.580666 224.322845 
575.795471 568.246033 
482.524536 478.444153 
211.586639 386.606506 
218.736618 555.051880 
77.921684 386.247437 
25.587784 213.904968 
17.480469 481.829407 
150.509750 540.509766 
50.706398 194.999008 
225.342300 447.312897 
231.432816 543.432495 
18.369377 472.137207 
375.222931 485.487366 
164.971207 504.919708 
63.931259 324.702606 
144.210373 578.848206 
537.646667 485.092529 
94.140327 381.261536 
127.038094 573.404724 
39.832745 400.358582 
326.190613 409.625977 
94.416183 437.922974 
100.597488 552.816956 
113.921600 405.666290 
560.320312 553.159241 
241.222305 517.812439 
102.150078 497.315918 
341.067993 498.420959 
156.956894 375.828033 
123.125465 416.035461 
474.684143 497.675842 
253.188675 528.901917 
152.389511 303.035339 
40.069424 471.730194 
16.643414 278.997375 
149.162430 560.964172 
484.957611 437.947540 
215.455475 428.352692 
190.920700 332.871185 
24.431976 269.599548 
159.524414 479.068817 
53.327728 574.142273 
226.147034 391.259064 
18.383629 320.230164 
307.334503 428.212799 
87.071396 406.648712 
168.588638 539.841797 
209.511734 305.977966 
30.039425 404.755402 
422.985077 83.373985 
175.357483 466.943359 
523.155701 547.777710 
285.700623 329.276062 
277.964783 580.019348 
144.172516 161.178513 
138.452469 297.057892 
381.459442 441.211060 
111.235023 456.482666 
118.320480 410.440674 
248.954437 515.827515 
70.408936 325.896423 
107.089569 441.203125 
121.106171 470.353668 
70.432167 542.055786 
208.938889 456.308258 
496.112366 421.584198 
348.441223 495.388763 
134.225021 434.870789 
487.127594 479.594330 
507.083191 412.740143 
191.029419 376.494385 
83.131828 399.781830 
141.431534 266.334412 
52.549320 496.686768 
18.779572 363.300293 
305.031372 564.792053 
203.433456 363.315582 
84.049461 461.158203 
384.658997 341.941040 
284.009338 565.573303 
171.397736 494.442505 
561.471069 17.160717 
515.828857 468.804260 
35.219032 376.686340 
178.342133 502.265717 
323.869385 409.767517 
408.169769 76.829384 
467.816772 472.698975 
473.983215 424.983429 
327.345032 544.610840 
239.850693 543.698975 
71.501076 359.890503 
19.276230 577.331909 
144.277588 238.699448 
91.835670 422.152466 
109.322906 489.751984 
343.294678 418.684875 
563.449585 473.899872 
250.462799 481.510956 
83.833199 369.502777 
313.391998 579.198547 
104.985214 410.813110 
391.215424 447.415009 
24.010803 309.421600 
123.411507 431.926086 
73.434471 157.767670 
255.574875 520.937012 
495.312500 452.490723 
273.565094 382.872467 
206.287613 357.514130 
135.699036 418.644043 
46.248608 476.800385 
490.861298 447.242371 
268.759064 506.230347 
157.436584 244.182159 
499.687592 478.761902 
