183.959045 31.589909 
80.890396 442.239319 
315.286957 313.824493 
16.995361 410.105530 
228.625259 415.068726 
22.726725 212.289001 
44.943909 374.564697 
239.843292 288.464539 
532.317444 65.019180 
404.689148 144.050781 
534.684692 251.393005 
437.090576 486.647217 
565.140869 174.110199 
475.963684 71.023438 
473.286957 450.244232 
262.930450 201.953476 
512.289795 127.051987 
242.205414 443.795288 
247.369843 526.497437 
480.820740 204.956070 
366.072418 181.318802 
58.130981 577.986328 
391.846100 392.920288 
292.459381 346.645447 
118.262581 346.817108 
459.241425 325.088470 
188.981522 458.283386 
78.062477 458.587646 
109.791946 323.714111 
338.323914 351.346405 
19.773485 209.210754 
431.787811 399.975311 
555.920898 44.218716 
346.759338 154.505646 
242.969879 199.738754 
579.677490 456.940063 
512.495422 242.448395 
437.992279 212.690903 
456.192841 567.597229 
368.209351 32.253326 
268.733643 323.713013 
76.548294 73.075188 
516.060852 58.740913 
209.589783 575.780334 
224.739273 184.428009 
16.766239 64.927834 
190.999939 407.412201 
192.367249 443.613556 
531.244263 121.623085 
316.487915 38.588123 
339.728973 356.408966 
456.129852 77.329094 
38.721565 86.627373 
272.834900 178.296921 
61.979393 429.048920 
195.358398 353.221893 
537.763977 355.307190 
535.688538 133.967514 
364.994446 330.506805 
155.939728 438.630524 
156.785614 427.097900 
277.256378 26.448677 
527.854614 438.330231 
201.806564 154.580688 
221.159988 374.994263 
114.448425 532.797913 
560.744568 187.395660 
250.935486 441.048523 
483.021942 172.931473 
57.996773 108.337898 
289.015686 308.003784 
177.834747 510.101501 
570.005188 49.300114 
456.110229 245.506149 
42.824821 413.875122 
489.864166 310.696106 
269.114227 383.556396 
287.400848 247.181366 
531.864624 175.147675 
340.483032 413.726471 
22.506310 96.452385 
270.346252 192.638062 
70.830620 483.663391 
194.473114 355.960999 
537.384094 39.753616 
437.308105 411.264130 
214.320389 568.399536 
240.840317 262.391846 
579.463928 569.315857 
155.771194 505.933105 
49.425438 350.806030 
492.383270 166.933365 
412.427795 101.705650 
455.310486 409.314362 
458.621277 484.313293 
499.691559 28.708574 
225.453491 52.713303 
46.706203 450.321686 
417.492188 396.133331 
106.475037 556.623474 
121.712357 285.705048 
387.270935 177.814407 
60.191395 418.317627 
71.239067 427.186768 
319.890167 335.975677 
109.782784 33.385777 
553.205688 110.152397 
343.286469 328.103271 
258.615051 30.275990 
156.512726 418.025452 
302.624573 455.995239 
559.817993 104.928474 
352.095276 164.429642 
368.302490 350.243774 
268.346802 193.451920 
54.547852 27.017920 
498.360687 69.418221 
72.139359 335.011536 
328.586334 426.071533 
574.693481 37.379311 
150.951447 71.786896 
147.119461 73.986809 
491.293823 223.431396 
375.993408 142.734558 
426.056702 95.062103 
425.504364 426.196136 
103.010826 502.002350 
449.473389 75.362564 
464.963379 59.413948 
153.869583 308.713135 
389.178070 136.843018 
274.965637 304.279694 
170.627197 50.564030 
303.145569 214.740311 
347.523590 366.030151 
241.896774 175.055496 
468.839630 244.633148 
466.851318 95.616791 
513.504028 317.298889 
310.038300 461.782257 
541.409668 343.427612 
332.444733 47.677910 
558.062195 120.631638 
456.566925 401.665009 
135.755600 63.459873 
289.492493 565.602173 
516.435486 275.431427 
104.904343 358.975189 
224.605927 350.163910 
48.659321 342.653564 
296.883728 322.662689 
535.523254 580.264160 
421.776825 389.329254 
107.907112 473.754852 
360.431122 424.604797 
155.284149 375.337250 
322.579926 54.865204 
220.012177 391.859497 
219.906967 164.100586 
344.215912 339.603546 
19.337280 414.416901 
366.854492 534.972839 
408.715393 155.295563 
525.598938 225.788712 
410.626495 71.316849 
202.793884 371.841400 
540.834351 300.595062 
328.031708 242.789810 
561.372803 167.773849 
351.457092 250.692612 
446.225220 580.302917 
502.799744 104.460709 
398.663025 347.966919 
298.063263 561.688477 
521.102783 230.255356 
205.780746 26.920040 
440.482544 238.105469 
238.747543 523.472229 
565.216309 228.205704 
46.270287 579.586365 
487.967163 143.228882 
81.624695 353.425751 
427.437408 175.612000 
106.228996 415.527679 
232.447876 99.703629 
576.138062 54.624943 
474.957245 467.869995 
155.651367 31.536192 
495.002075 447.319244 
289.170776 50.520229 
535.210266 160.029190 
434.360870 580.214966 
453.048187 150.767914 
243.231964 44.146290 
53.716499 355.018250 
423.830658 176.076736 
157.410507 267.330566 
497.119751 332.001953 
523.018738 265.751740 
521.417236 469.480194 
198.088226 336.619934 
89.501984 433.686035 
542.614929 44.290092 
560.009521 38.827827 
30.868008 304.702637 
367.160675 261.688202 
56.458858 367.010040 
500.310577 148.423187 
291.946198 433.479492 
419.497498 167.087173 
536.098450 316.196381 
17.503151 508.651031 
488.108734 111.927696 
194.474991 570.435669 
344.891449 526.224609 
577.821899 16.870346 
478.573517 413.831482 
255.351013 445.214813 
37.091644 579.499207 
286.003632 175.677704 
398.646179 268.050018 
318.830048 21.423679 
282.415039 40.348309 
29.082005 156.075134 
157.359497 203.885620 
394.307343 157.905945 
522.729065 309.121460 
86.791954 513.454468 
331.507477 169.575592 
561.589355 83.764404 
352.945496 335.909454 
247.093811 90.946411 
381.726898 265.808411 
267.299561 27.769054 
56.529636 341.740112 
292.322388 391.588013 
188.829514 35.215710 
415.410278 137.878265 
236.265839 419.676575 
17.627287 537.754272 
19.269634 499.099915 
358.288757 147.516373 
257.176453 305.428925 
491.583557 54.914875 
376.513947 359.560547 
299.557251 205.015060 
82.937988 25.466267 
575.830322 223.110580 
214.987549 104.529564 
232.995087 36.438625 
576.624817 21.122160 
151.928711 45.183857 
277.892334 423.704163 
434.670837 112.459991 
211.390671 576.507446 
537.308716 230.405899 
35.798355 56.496780 
26.375603 21.845131 
52.321911 389.015961 
227.361526 403.912384 
278.614807 306.949707 
84.049301 569.993408 
542.395508 31.117477 
334.823120 210.290756 
17.075779 295.406311 
379.665192 215.319031 
297.496582 444.039886 
418.721313 78.829674 
438.602203 412.039948 
446.260132 485.358093 
575.516846 346.774292 
18.691986 493.537781 
490.335754 29.280464 
569.246643 80.779152 
407.105408 286.058105 
78.957283 70.172318 
427.447723 301.512360 
231.208817 354.110687 
262.928772 434.711029 
436.605042 117.869179 
108.374084 284.400879 
450.311371 38.261517 
25.821554 72.247177 
246.024094 263.777924 
156.014801 282.300995 
335.886017 255.979462 
17.020170 349.800262 
144.305618 442.019745 
378.564911 352.478668 
55.642323 254.016418 
398.362671 127.847885 
295.425659 394.446228 
72.717384 463.268951 
574.920349 553.566101 
205.833847 196.322418 
222.524826 559.027771 
16.650055 429.389648 
21.328766 537.866699 
253.611435 194.439514 
374.481720 202.604141 
168.449219 466.804413 
505.503754 100.667374 
402.049194 375.422485 
193.578583 60.717632 
189.802094 58.312431 
365.181244 46.037174 
405.604279 466.558228 
436.757843 169.541565 
217.239426 568.868347 
303.014038 28.925394 
54.373566 398.070496 
277.354492 343.456543 
179.682922 31.981018 
309.291931 329.830750 
544.804504 114.075333 
17.251564 190.725937 
459.406219 147.498520 
239.085526 539.462158 
398.433441 181.565613 
72.577042 421.555969 
204.126465 227.718048 
551.213440 73.198364 
229.125412 554.611267 
18.468800 388.040588 
359.049713 222.421509 
386.818359 509.021606 
165.527069 565.980591 
193.405212 66.242699 
421.708710 161.152252 
231.771240 294.792572 
479.154877 194.482544 
263.104828 373.029266 
379.978790 380.095612 
285.313904 346.098389 
526.178345 580.223999 
413.486633 384.233154 
93.156273 497.616852 
97.885139 540.842407 
435.560303 35.610332 
113.352341 368.293671 
20.093788 456.661102 
59.649666 442.007690 
288.556000 169.559113 
334.692902 341.882874 
486.345093 566.674683 
74.172012 381.957031 
533.065247 327.161011 
107.764969 73.679581 
341.722778 176.203415 
235.077484 202.512115 
233.493607 534.139587 
568.345886 51.780006 
357.472351 360.268250 
252.982758 184.288727 
47.361748 63.833527 
61.927425 318.014099 
194.621277 26.487690 
510.206390 233.065308 
422.516968 92.965721 
320.226349 427.041046 
457.340363 436.698914 
228.915054 256.785278 
130.367798 577.875183 
462.898010 393.718475 
360.499634 155.086807 
261.881836 320.134369 
91.049919 440.943420 
432.130005 89.902412 
218.007202 97.302307 
284.011230 405.910248 
245.060654 515.680298 
312.388428 461.120392 
525.762268 132.683029 
311.519226 28.959465 
16.739258 272.965271 
35.862007 49.426754 
251.390503 35.269127 
502.918610 400.917999 
289.899597 219.796051 
190.994293 337.566956 
185.258759 113.259964 
441.388641 152.752380 
337.156433 228.760818 
226.184311 400.987732 
122.410187 50.497150 
23.372471 325.800232 
44.195187 298.040466 
372.953033 529.146423 
193.844406 176.800018 
90.974350 298.360016 
536.596558 530.524841 
422.625641 48.278316 
555.373779 359.065460 
233.580414 188.349915 
463.266907 408.322723 
276.868835 572.465759 
511.997528 29.958687 
89.235550 64.075783 
218.915375 150.320877 
482.045532 407.789581 
249.397766 516.768738 
28.047218 580.044250 
480.777893 286.371399 
380.146667 167.692093 
157.282104 165.976822 
216.470993 232.003174 
526.792542 176.804886 
378.898010 40.948727 
498.545349 440.033203 
508.376953 403.568939 
190.822540 287.514587 
551.160034 152.610214 
18.541498 369.841614 
400.592865 580.454895 
46.320061 337.465240 
224.623230 538.913330 
215.318085 213.351166 
495.131714 580.057861 
243.127472 324.635223 
475.924622 130.990646 
473.008575 418.990234 
263.004089 210.080170 
493.503418 17.991940 
71.376045 362.164612 
514.898010 165.315414 
411.283661 354.451202 
96.281868 465.595337 
114.464378 456.568970 
483.658417 245.172424 
198.343658 577.162354 
114.403488 359.642303 
356.857666 545.221130 
380.080872 175.085266 
266.774567 499.452606 
167.933105 71.824112 
505.746857 460.645966 
80.174835 448.836182 
548.065918 100.370255 
467.812988 210.172836 
387.502106 288.338959 
402.701050 151.984116 
539.834290 254.509872 
432.265869 484.584290 
579.149780 447.222168 
477.729462 76.964828 
469.350250 472.709778 
492.310242 43.359428 
412.171204 219.444901 
202.118988 51.654259 
97.915718 422.734161 
113.255753 537.937622 
115.375153 498.551697 
242.319183 433.781250 
29.974924 492.402130 
485.263153 203.498840 
367.035095 165.602356 
292.442871 340.141388 
293.898926 442.790863 
521.959595 67.846512 
114.274826 352.683289 
461.674561 319.307404 
487.393555 399.760742 
167.355927 64.852280 
83.160736 490.711884 
336.682648 344.206635 
122.508362 214.786362 
19.726862 263.960266 
42.850426 233.607513 
287.947357 467.702881 
65.247108 488.213257 
538.420471 297.786377 
211.014603 248.895920 
556.306763 39.901306 
342.038971 156.195038 
244.896759 192.338806 
129.677032 76.066460 
365.340240 371.353424 
151.242004 379.210510 
392.140656 256.482391 
114.716217 493.814789 
558.148926 370.782593 
348.154236 45.286865 
485.808228 160.705872 
370.525208 39.581985 
265.550140 312.088806 
289.754608 296.431183 
76.633453 71.605171 
519.069397 27.905575 
551.104248 255.250992 
16.509737 59.164600 
528.985718 116.555115 
312.980682 31.333757 
237.300537 28.283669 
40.023975 78.526588 
63.748924 448.605164 
406.451721 46.923996 
193.808777 342.175964 
432.413971 396.845795 
241.393784 248.300140 
28.629862 308.535095 
156.880478 447.912994 
492.412994 129.010468 
78.673698 568.018738 
411.775513 133.099243 
200.902145 157.722275 
562.669556 192.724472 
250.971390 444.713165 
481.725464 167.511520 
395.397003 505.696960 
400.278442 386.924072 
77.499725 29.032911 
543.685913 422.847839 
441.594238 314.526062 
574.319153 55.817417 
445.341248 184.290436 
25.894989 504.647339 
193.087845 390.487823 
529.666443 172.833176 
446.834137 177.236908 
19.290512 105.873505 
367.565857 178.900955 
40.101746 39.969391 
67.568367 486.013733 
435.876434 403.011719 
319.339264 226.074158 
552.844849 144.670929 
580.396423 563.312256 
26.578115 360.806549 
263.079895 47.745834 
157.113861 379.206757 
496.238403 185.235962 
392.440735 361.288910 
514.377136 334.809937 
227.769226 444.898438 
118.056061 577.243835 
453.222748 414.049347 
353.723602 33.035942 
248.628601 296.529602 
485.364990 124.697678 
501.782104 30.513857 
400.605347 414.893097 
182.747528 498.641296 
519.444092 161.627975 
416.414978 290.708710 
205.590271 100.240250 
490.671112 258.362427 
294.748413 28.370636 
419.143036 383.848480 
317.123932 43.313992 
449.558167 135.981155 
125.873856 376.966064 
155.335312 248.378510 
388.479309 170.360260 
69.068924 433.437775 
568.362488 156.894867 
536.834900 85.173561 
320.763458 341.276581 
111.929802 51.277096 
557.819458 102.953903 
579.950500 521.657532 
263.018707 36.266228 
492.620605 214.580658 
412.364136 145.602249 
310.416046 421.946594 
558.621033 112.881042 
353.566711 185.947037 
246.022064 362.057892 
135.634033 75.735367 
399.533508 469.238861 
328.588928 445.395233 
17.946877 579.978088 
564.015198 285.919708 
375.187683 158.339355 
111.440094 426.693909 
299.070435 354.969788 
428.236603 100.782616 
102.558121 508.911224 
447.188751 70.586029 
564.586914 386.234070 
387.703796 130.514435 
271.623566 282.484772 
173.443359 44.725758 
90.596878 16.506401 
112.313690 83.737419 
242.863495 170.793427 
29.793560 281.025513 
310.443176 463.144653 
541.259827 360.496918 
333.108459 52.019390 
190.107773 580.107788 
562.121521 152.267624 
457.305115 390.104187 
135.344147 56.451214 
483.388153 37.206718 
56.456902 74.810226 
293.506500 563.086121 
205.407211 185.244003 
104.112701 364.305573 
238.107956 491.244598 
422.300598 382.827148 
489.891113 176.397934 
297.106781 329.067383 
563.064636 255.760635 
484.014435 431.497345 
431.401245 139.284592 
312.806702 151.690964 
233.055298 161.860474 
22.067524 89.262680 
492.578339 411.987457 
533.682983 496.982025 
241.145264 32.901173 
576.812988 577.148132 
363.163513 541.091553 
368.396240 541.990540 
394.324524 33.767590 
525.077881 230.041153 
409.802307 63.817337 
84.059212 401.839935 
540.274780 294.710266 
246.958038 280.854553 
56.154430 311.692200 
398.193481 364.709961 
191.961258 50.554501 
75.473221 242.984650 
521.585632 222.341385 
415.880463 155.697952 
535.020752 311.645203 
238.176682 530.734741 
489.760681 147.086517 
102.911369 423.850555 
577.874939 50.940964 
478.724548 470.023499 
257.131500 508.378723 
150.100098 41.545078 
496.813385 438.275116 
275.932281 395.813538 
301.882080 317.843719 
534.310120 140.382538 
242.867584 205.630524 
33.776192 72.168747 
454.654419 160.864609 
240.246872 87.093758 
157.380035 259.346710 
276.146484 192.973068 
511.922546 406.759857 
88.917259 431.886414 
545.456177 60.239235 
335.260559 132.672668 
326.890137 195.028503 
562.156860 19.334455 
34.297829 287.570709 
269.663269 65.274666 
55.342583 375.550568 
503.951080 155.818329 
290.329041 431.200745 
190.665207 168.338165 
415.338531 173.197006 
106.779045 281.316498 
223.170410 246.087021 
16.574972 499.619904 
564.601990 276.436920 
237.187317 427.984375 
507.653870 28.827572 
346.610321 531.684998 
232.382751 53.988831 
464.807678 163.593185 
257.424164 442.725006 
258.560699 502.691650 
284.162048 183.492828 
305.042114 345.969086 
319.372375 29.684874 
455.144989 105.093567 
24.600058 153.151855 
157.429092 221.480301 
55.569691 519.671082 
395.281128 138.419937 
525.965271 317.421417 
386.832397 379.230408 
310.852203 542.765259 
87.384956 485.348206 
330.787720 176.505417 
118.141335 67.039902 
560.871155 84.409317 
351.720886 353.805573 
382.027374 273.306427 
503.757935 194.866272 
289.394440 388.275940 
294.926605 481.386597 
418.458038 118.246010 
239.433365 421.781006 
16.572449 552.116333 
19.220680 504.242310 
356.252228 153.696564 
254.134628 298.470581 
376.265533 372.157990 
62.682701 76.820457 
213.858200 108.954361 
272.154694 36.756088 
232.765381 34.128971 
126.614067 537.518616 
277.418182 415.895874 
319.158020 167.219772 
453.102783 51.559998 
473.020844 70.878036 
156.060577 345.179657 
279.661224 327.829834 
523.800537 354.556793 
540.874878 145.895721 
16.677567 315.346436 
383.240082 216.849747 
502.049316 235.793243 
191.226288 174.031601 
75.063080 498.482269 
417.359406 84.659134 
205.492691 353.240692 
442.684998 395.674805 
17.541649 392.913971 
18.047756 549.188538 
402.985077 293.003662 
430.400909 308.569489 
210.244156 155.509644 
479.364014 307.902649 
258.532257 441.608704 
278.724335 385.229431 
462.082306 435.578461 
404.313751 380.792572 
26.891813 68.535675 
53.948978 437.807343 
58.831863 529.991455 
572.148804 399.966949 
353.577545 437.065430 
399.310638 146.511398 
72.873810 458.200562 
17.754646 447.316345 
18.106163 545.188965 
41.128208 366.284851 
62.284904 353.354309 
197.305115 56.264320 
314.759644 422.478363 
445.135437 381.525452 
363.598846 36.410454 
231.436829 353.856842 
271.075287 562.024719 
277.200958 500.534180 
406.952789 469.461731 
100.470978 580.123169 
435.490631 164.092255 
555.040161 384.291077 
18.571520 452.566010 
161.129379 43.510029 
56.846992 378.069214 
179.619171 41.026993 
540.421814 137.617554 
325.735321 26.316326 
16.901386 206.215073 
316.826660 176.073196 
247.721848 57.152977 
398.817535 178.436035 
528.564331 267.712341 
106.622803 113.350204 
237.394958 357.893250 
120.052353 33.167198 
18.282221 394.976044 
44.949005 28.246859 
36.019028 324.051239 
424.317810 151.922226 
214.504807 42.321266 
458.504791 442.260895 
230.568848 268.661591 
71.995888 97.030441 
512.633240 44.179401 
411.410797 383.601624 
91.556190 499.686523 
334.052765 447.698914 
450.785126 322.054962 
58.915539 449.558411 
207.238693 387.007263 
330.695648 347.883240 
352.780121 422.779694 
396.006226 36.665150 
529.708923 319.407471 
233.361023 281.272217 
341.214142 173.789688 
236.505905 207.081635 
568.363892 46.654907 
354.563477 367.076752 
255.123810 179.687866 
47.788845 71.137360 
95.345833 356.732452 
315.813202 437.737061 
323.073486 432.485138 
232.880722 247.733398 
477.115784 147.063934 
362.453888 149.342117 
284.518158 299.361938 
300.814423 180.071411 
90.815697 446.378845 
86.080078 76.355377 
217.763641 95.348740 
30.749901 23.855057 
563.741699 398.285461 
157.332993 30.000929 
522.749268 143.597244 
308.536224 30.306332 
204.929047 418.807709 
326.488708 158.225418 
17.720085 100.475800 
457.761719 58.950935 
146.361084 546.375183 
31.751785 82.728333 
264.930420 576.209412 
191.489349 346.580322 
312.736176 197.984131 
105.174042 29.723915 
225.304291 381.320587 
124.197327 46.624828 
23.407688 282.176819 
373.513367 527.188660 
531.703308 29.088953 
403.714752 123.422356 
192.075989 173.295761 
430.011383 479.880127 
421.953613 43.853477 
215.032440 367.755737 
557.087708 349.306763 
568.029175 167.593826 
462.024048 443.767120 
69.833832 40.607075 
513.401489 155.951950 
412.335693 297.457153 
98.737312 503.767944 
218.343491 149.996292 
157.404861 183.640228 
442.963715 174.468903 
220.373093 286.938782 
523.829651 270.148499 
135.047318 449.218903 
383.831665 139.758728 
504.598083 401.876862 
83.920975 384.047668 
548.237549 156.813477 
232.413681 446.739960 
20.420219 374.301208 
467.539459 201.957336 
46.929680 343.144623 
386.453552 377.461975 
407.952576 162.677460 
483.427521 176.391510 
242.942108 322.379120 
475.286926 136.180161 
360.318726 254.904434 
263.139557 217.913940 
53.726265 173.262299 
514.979431 170.213333 
411.740234 353.381042 
89.377777 112.599342 
111.752075 501.078339 
455.283356 206.322525 
243.401886 425.563141 
483.510376 239.674271 
369.612854 152.729004 
441.972534 146.666626 
114.000786 364.736816 
17.893448 182.706711 
268.732819 493.328400 
164.595551 72.445198 
504.162506 450.294342 
296.026611 174.793289 
83.289314 427.578461 
254.193481 27.521622 
36.090225 156.053543 
385.981506 283.577515 
64.555916 548.859314 
406.313782 157.793549 
210.279297 259.038727 
556.601685 73.126984 
360.190582 215.035599 
466.525879 474.836273 
511.145966 119.059532 
202.036316 32.820469 
100.303123 415.558136 
218.502533 60.505672 
116.425926 504.428650 
563.763916 309.481812 
245.506409 426.866821 
28.515800 490.404999 
370.664673 172.447647 
395.276428 383.403748 
293.948883 330.916473 
300.134277 469.496002 
223.646439 150.290802 
508.419617 505.842957 
186.470428 469.368042 
82.434563 497.179077 
340.629089 341.608276 
238.550583 182.941742 
21.255648 265.673798 
43.188652 236.194061 
67.798798 556.019531 
193.172516 186.938141 
539.003662 300.995728 
553.769775 30.007027 
244.514587 191.904022 
577.237061 400.734680 
474.027100 29.301386 
360.941162 363.925568 
52.452286 87.849464 
89.144402 578.133240 
433.053406 249.150192 
454.968994 484.197144 
569.111938 58.323135 
264.069855 311.687103 
156.972107 297.075806 
184.392502 578.450500 
543.223511 385.524994 
224.171432 172.092926 
444.360901 162.538528 
45.648125 381.362030 
163.145264 16.888382 
529.859253 158.236359 
316.563843 29.519157 
445.796326 139.844559 
236.134598 34.042549 
19.117836 115.110046 
462.835754 325.197815 
41.590935 48.930386 
64.370804 440.022949 
407.091736 49.606071 
195.966980 341.284668 
535.805115 342.355286 
432.248871 394.026428 
556.724243 185.111893 
344.256531 205.698639 
580.442627 402.702209 
28.687040 301.412018 
493.242493 145.894241 
281.665619 41.690178 
511.560455 223.003601 
411.783386 128.813049 
454.243103 430.503937 
247.499283 426.716003 
483.261749 111.437119 
476.122314 414.377472 
396.614227 383.622284 
518.151001 169.817535 
414.508514 377.335846 
443.613556 299.280579 
457.865204 175.578827 
574.358887 61.847576 
460.513214 232.414536 
193.899475 384.199677 
533.152222 164.144440 
107.851082 571.812439 
274.447418 409.618988 
19.872623 112.029648 
38.884731 32.158581 
385.416901 161.550858 
62.943676 401.346588 
68.245995 497.010651 
535.152588 29.068686 
111.619934 16.736498 
556.141663 141.788727 
580.109680 557.449341 
427.721985 428.067902 
157.171112 396.018250 
494.736725 176.404709 
393.376984 344.991028 
200.849289 112.072784 
542.292725 271.129883 
216.237854 225.934219 
455.956116 423.789642 
349.662659 149.563293 
251.335709 300.012817 
35.309654 509.468933 
288.062958 207.645248 
517.681396 155.571701 
209.702927 94.488419 
547.463135 425.679840 
325.427063 456.233002 
155.559250 501.002197 
45.611721 467.825287 
373.614594 172.158569 
160.506073 463.567902 
418.956909 387.751434 
294.905334 169.400879 
446.341858 130.584106 
360.465576 273.486206 
18.799286 153.445877 
257.288116 578.544312 
71.823738 442.857910 
304.311768 193.022232 
93.360352 72.883392 
211.323471 383.866547 
220.001495 563.527283 
557.549805 99.639969 
18.476181 402.990814 
360.397156 427.089264 
49.534706 199.659851 
300.421906 462.491180 
186.815628 574.497986 
561.683411 95.821892 
460.301544 431.740845 
368.205536 341.429993 
264.430084 182.892883 
398.118042 466.732025 
565.432556 89.419594 
328.187286 443.278931 
223.143829 31.376308 
16.869583 571.420532 
568.835083 572.997925 
317.786682 160.771423 
488.190613 211.397110 
375.051483 153.747910 
428.502045 102.194717 
107.284874 488.832581 
444.564423 84.109879 
475.077301 398.850311 
569.393494 378.663544 
154.427368 294.141998 
388.148285 123.652054 
173.418762 39.183922 
303.909088 226.214859 
430.032104 580.345764 
347.651978 354.982117 
245.491364 167.809357 
24.338207 271.312439 
313.079010 419.738495 
63.287487 485.217468 
453.624512 576.358826 
200.919434 217.831451 
87.193352 409.418701 
542.000305 354.335052 
456.401276 389.113098 
137.494659 29.968536 
480.151794 30.373480 
59.438820 56.867683 
520.652283 239.936844 
539.854858 324.513947 
565.310852 330.972992 
294.013489 306.851562 
431.905884 146.828201 
421.572327 396.894135 
106.173813 459.065643 
296.478729 564.560303 
274.420227 330.537750 
219.225952 381.334290 
450.785034 173.972839 
242.097748 29.945116 
580.122253 575.979858 
361.824463 534.229614 
371.711853 527.390442 
393.306824 40.310459 
409.375977 59.515430 
202.393036 355.450989 
542.078735 316.247009 
154.793167 411.407654 
59.349007 315.059143 
498.054871 162.541473 
398.370026 358.298584 
298.696167 546.592285 
414.062317 161.760101 
208.411987 38.687450 
104.995682 316.172974 
245.177246 38.389507 
326.451721 527.974487 
223.572647 283.215546 
567.353882 195.403381 
355.749542 28.265104 
486.858032 128.918427 
577.922424 43.532581 
257.486206 503.527130 
494.153839 457.620056 
538.784729 148.823318 
451.938354 119.445084 
24.468956 94.062317 
157.096985 279.350189 
395.533752 179.176239 
527.961426 280.897064 
519.558716 432.708221 
311.933105 555.630859 
87.732643 445.048523 
329.802979 188.372391 
116.572380 31.117926 
558.524841 28.045818 
315.787964 56.395817 
379.292297 237.845779 
57.248672 357.833984 
501.192108 160.173935 
417.421173 107.790344 
439.963318 484.264771 
224.300812 253.038544 
17.944145 521.337219 
359.257477 167.249619 
486.104462 98.129082 
171.988907 576.684082 
427.633881 40.212841 
231.019623 42.538929 
476.191528 424.320618 
259.731506 508.021027 
272.368591 443.315460 
97.460800 494.689575 
468.084045 31.313116 
247.311646 275.845612 
157.305634 215.325821 
393.469818 146.387192 
526.981445 320.445312 
84.496056 477.769287 
333.989746 183.992249 
328.593170 341.320892 
115.373795 74.314255 
560.632935 67.519859 
353.997711 343.523254 
249.167938 179.726959 
454.052002 272.338318 
503.516357 198.170746 
575.189087 545.935608 
419.148987 120.461235 
222.104584 201.222305 
16.531284 547.881287 
18.060959 513.338074 
358.365570 156.169235 
257.501648 315.553619 
372.168488 369.310059 
60.443867 67.324898 
531.022522 438.763062 
430.797241 83.945984 
422.444733 270.383514 
254.854126 394.392151 
467.312836 430.127075 
93.113831 575.137939 
433.493073 100.714577 
318.362335 171.766724 
468.410583 87.565269 
157.473022 365.190887 
280.952271 320.349579 
306.350830 209.315384 
87.085304 531.709900 
542.684509 138.445770 
16.556450 307.093811 
380.213104 224.500061 
299.209747 437.612335 
75.927246 492.602051 
209.462921 342.141815 
440.455475 399.470917 
224.353607 218.614700 
572.299622 357.243774 
20.042414 555.565796 
380.599182 506.471588 
78.553299 103.017990 
215.836731 160.651764 
131.500839 491.822845 
262.869385 449.907166 
36.243851 482.705078 
494.782135 574.714417 
271.643463 503.883759 
323.307983 368.800018 
407.185913 389.438354 
433.473572 150.413422 
220.559784 37.882591 
28.221518 64.043945 
471.971252 114.020508 
49.673244 431.066437 
55.154449 418.615204 
48.737206 380.898590 
198.451080 379.967316 
118.970940 113.049126 
570.007202 402.321228 
352.423218 426.596191 
30.446104 155.901154 
378.057281 362.030975 
76.128571 450.095215 
17.486940 439.216980 
569.709656 27.317936 
356.525421 241.162125 
36.134468 340.080780 
373.097229 262.633148 
192.673416 52.185528 
538.641907 443.657471 
425.668884 167.136337 
351.284973 173.719925 
131.490616 508.969727 
362.405579 30.508259 
261.929321 394.353882 
287.290436 27.517578 
410.445496 417.313141 
101.090843 570.261292 
332.173981 409.538696 
553.742920 383.127075 
473.698090 171.295609 
57.971756 389.413391 
465.381836 117.749054 
522.696106 65.857849 
545.991760 127.579018 
17.476467 202.601974 
251.508850 62.968449 
72.203827 409.838165 
530.604065 260.549194 
207.001572 238.811523 
449.046295 384.190338 
18.233383 399.120087 
184.767044 496.425629 
43.174316 32.824104 
36.027390 323.805084 
534.597534 507.237152 
421.629150 124.039345 
213.662933 52.469486 
231.597427 260.181183 
477.350220 207.908585 
39.428841 421.763855 
280.844604 548.631226 
511.151367 52.819420 
411.630066 469.752350 
90.885864 504.400452 
84.382690 39.943935 
110.246399 379.802490 
34.586456 36.095238 
473.773743 152.393524 
487.233154 455.734497 
56.876152 428.987457 
527.015564 104.363342 
307.611938 334.815186 
209.375488 378.031189 
470.142975 476.736298 
335.726685 348.647980 
326.020020 170.918045 
349.407837 418.705292 
358.453094 427.601318 
144.852890 534.852905 
501.820801 418.808594 
396.659058 35.301598 
532.265381 312.581970 
316.301453 230.157181 
104.475922 65.858307 
551.478210 35.897713 
445.583344 418.077332 
222.249603 463.554260 
18.602108 440.604858 
45.135780 77.853310 
172.156845 560.527771 
78.676697 424.776733 
312.764740 553.681885 
197.863342 157.648087 
430.995789 251.326218 
316.250336 428.335266 
345.992950 29.846512 
232.476929 218.649078 
577.512146 227.225449 
477.459167 150.663773 
315.158630 401.824768 
50.521450 520.620178 
70.352219 51.976116 
302.797272 178.672836 
93.893997 450.886871 
100.663643 491.077118 
434.254425 76.708359 
110.725754 435.425629 
561.932251 383.459595 
522.836914 148.709518 
308.348328 38.565319 
205.812134 435.619507 
17.383442 94.577530 
510.655334 424.921936 
354.699615 421.759583 
31.699749 85.832901 
265.958588 574.204102 
191.921387 350.394928 
313.355286 186.061890 
223.234222 389.989136 
509.107513 246.245499 
407.890320 130.357605 
192.813080 162.491592 
429.877136 481.007843 
423.302856 62.408718 
213.015320 376.214142 
232.738525 202.016678 
464.358704 448.333344 
158.586166 576.992065 
465.175415 29.993221 
515.757385 158.807373 
412.017609 292.303497 
95.106064 398.517761 
97.707657 444.195251 
330.906067 539.006409 
452.308014 219.452774 
251.146835 508.615051 
157.314743 177.359711 
74.812500 185.195740 
442.736023 185.082245 
115.381989 328.339203 
574.848694 574.424133 
474.618774 168.177979 
485.791260 420.508698 
380.378540 144.888458 
78.091904 415.433685 
551.464966 118.769348 
232.584045 441.899445 
19.098618 335.713440 
43.905651 353.968262 
376.845795 380.287933 
274.844971 42.080929 
509.881622 301.581268 
402.540161 173.582214 
539.705017 272.990814 
312.407562 538.443115 
215.060425 223.423645 
343.691742 133.827087 
474.232117 46.693459 
496.085266 28.343803 
285.489563 195.162292 
513.122620 105.537315 
98.224854 451.855774 
437.204651 375.805237 
559.996887 298.755096 
244.115997 414.180450 
371.914001 156.484802 
290.427887 30.593273 
439.822815 34.552765 
117.438690 366.206238 
233.649521 167.495071 
145.944748 265.211243 
487.735931 419.152679 
266.568817 487.244110 
297.461609 182.955765 
83.283028 434.556488 
547.254700 111.025635 
232.555618 401.320557 
36.072464 155.823868 
283.370697 432.314240 
60.202568 569.065369 
508.914856 354.039001 
212.622375 268.094330 
554.620728 69.028175 
347.575287 178.829407 
476.029663 88.210159 
471.665466 436.368042 
263.267792 169.190567 
53.079487 28.493282 
239.965103 211.319916 
78.981544 532.045288 
413.313171 207.042847 
199.836716 37.580296 
218.152863 56.328121 
567.727783 60.098957 
247.471848 424.214722 
32.209244 579.117798 
390.098938 389.400604 
157.487549 303.677368 
73.394691 96.888969 
210.195297 341.639984 
311.026550 167.714020 
544.909546 449.320709 
240.619202 411.527252 
227.920273 158.815262 
340.983368 421.135315 
133.539169 523.539185 
380.980164 137.206116 
162.286224 27.059713 
191.201630 381.497833 
83.926445 476.898376 
425.215790 580.431274 
339.832336 330.835785 
20.967846 274.690674 
46.351471 241.308517 
389.720978 43.523849 
286.033875 382.771454 
430.792419 418.417725 
130.752808 16.671419 
479.242340 32.795582 
365.355835 354.291260 
48.710896 79.110657 
290.173401 29.917631 
411.416138 258.315399 
450.523834 487.384155 
485.685211 149.005066 
366.871185 29.904278 
264.321716 303.936401 
462.432159 181.566864 
181.622482 571.622498 
516.413757 40.566883 
306.966736 156.201401 
443.649658 44.054794 
225.620514 106.194939 
134.152054 484.613983 
47.854755 384.276764 
499.250549 579.934753 
191.038727 421.959686 
533.295593 154.797974 
317.846283 22.188053 
449.638947 157.396774 
151.974945 226.358246 
63.435036 457.224976 
70.601776 509.177521 
193.355698 335.634735 
539.909912 352.226562 
433.139557 388.700226 
342.877655 191.559631 
580.333252 545.601013 
28.562489 298.043243 
468.995697 566.423828 
156.123032 458.201447 
494.917053 139.340256 
281.437653 32.035194 
567.010315 31.976524 
305.657867 397.626892 
220.953949 357.181152 
282.023804 303.371216 
250.968597 435.794159 
30.217169 496.723480 
58.825523 177.419189 
400.888611 397.847260 
519.208069 163.168716 
543.101440 532.710876 
574.809204 71.770546 
461.920807 223.239258 
572.239563 375.927002 
294.721313 45.019844 
193.631012 381.093872 
104.448067 577.822083 
448.599701 95.891205 
86.438293 66.973381 
20.365040 164.696899 
389.164337 151.601547 
83.379463 464.565063 
193.640320 289.383972 
555.581543 132.850113 
580.390076 547.878662 
49.547813 335.606293 
496.328552 193.188660 
50.418896 525.408325 
525.479797 501.547119 
409.775574 175.668900 
246.124847 285.473053 
483.706818 63.204880 
293.956512 202.177567 
520.958923 125.608139 
207.598541 111.927315 
551.549194 380.472015 
108.123909 73.532806 
20.449907 188.104294 
144.520020 51.309208 
42.802914 471.408966 
374.452454 166.771240 
105.550598 522.783875 
448.656158 50.750404 
18.428997 156.272263 
465.143616 35.012581 
253.867325 575.519165 
71.246773 445.815491 
211.714066 389.858978 
552.726746 95.100876 
580.407593 509.154602 
26.522350 214.120468 
421.765717 173.849350 
150.509750 540.509766 
495.741333 225.837784 
409.514587 38.434597 
203.134720 256.950409 
218.499695 275.534760 
561.784912 99.435562 
461.415283 425.994080 
145.139099 576.994080 
370.041046 369.437317 
266.454712 178.056946 
551.637085 564.211487 
535.620850 320.893097 
223.587631 39.392067 
491.061646 220.493164 
376.280334 28.806704 
423.023560 410.019623 
105.254875 495.254883 
344.998016 441.096283 
120.758133 419.367432 
569.370239 401.278046 
462.344849 51.053932 
252.165756 529.195374 
275.485687 318.061371 
170.569244 34.120354 
66.677078 390.619049 
302.934631 240.037552 
537.527039 116.987045 
295.853088 476.349792 
347.463654 363.862488 
25.398304 269.694824 
280.217163 172.815384 
512.383911 426.234070 
202.957977 201.820969 
558.525085 142.542694 
246.214661 200.124939 
483.765320 27.326504 
57.855808 61.351254 
178.651001 466.701050 
520.731628 257.822601 
486.884949 167.526154 
222.822159 259.345551 
295.489777 314.231415 
429.359558 150.259186 
420.116058 393.411530 
444.773743 36.601139 
123.016319 469.366028 
474.452484 442.808624 
258.428345 572.764709 
494.498901 425.444641 
539.751282 183.981522 
450.186646 175.046341 
363.296143 533.402771 
369.376556 532.312195 
156.925446 243.158356 
237.453018 254.329849 
389.503204 390.003143 
200.048737 363.034149 
84.196571 457.520264 
542.422852 311.315216 
328.613037 251.809509 
109.734581 568.992493 
561.623108 17.071739 
498.101227 169.198608 
399.548462 373.703674 
191.623505 61.786667 
518.604675 189.478973 
200.021149 193.899048 
205.021622 31.283535 
324.024078 540.257507 
227.034561 291.743988 
16.519642 481.320801 
22.532310 577.666748 
355.516693 32.889717 
488.655304 136.052002 
104.858116 412.357025 
462.260040 160.300110 
257.829895 520.756348 
150.042755 27.223221 
492.406738 455.720490 
274.261749 378.542664 
413.367889 580.226135 
453.387451 121.941589 
468.650299 333.316345 
157.394836 273.780060 
493.947052 362.192169 
394.490417 181.020477 
278.710419 208.316406 
518.583130 431.049194 
84.398994 439.136322 
544.501465 77.724182 
329.969757 206.233368 
563.942810 59.352837 
34.433250 319.971436 
266.535095 49.672733 
54.603973 362.468262 
499.403625 215.570755 
399.565796 211.085312 
516.971069 340.777527 
549.175232 213.096039 
17.628101 512.210144 
355.959534 173.308670 
378.041962 526.081970 
377.796600 285.524628 
428.002106 44.214905 
260.484619 511.518768 
493.285187 509.265381 
271.370422 446.340302 
156.962936 233.074646 
395.725372 131.868210 
176.585297 91.377235 
307.146484 220.979691 
89.426231 493.043091 
324.763092 335.369995 
353.080109 360.347351 
247.907974 183.323761 
577.313721 486.480682 
290.555115 424.276794 
298.310211 472.343994 
473.744659 225.925674 
549.406006 205.690231 
340.693115 36.202919 
222.201294 206.732239 
17.431553 566.895996 
22.816784 516.983093 
255.670944 307.357697 
157.370895 402.175690 
504.205902 71.862617 
528.665466 436.882141 
429.879150 84.080956 
449.081940 249.397766 
128.061310 522.467102 
77.030540 579.267639 
259.166595 459.759369 
488.066650 161.967590 
287.681213 42.842655 
280.286194 381.143646 
82.448669 483.008972 
412.424896 494.092590 
92.270767 577.499878 
229.757965 547.752930 
452.169556 60.633137 
564.096619 16.551893 
470.692902 81.179169 
157.272629 359.077545 
304.374268 440.653687 
99.056580 30.892879 
335.139893 229.905701 
17.293064 327.523987 
140.693985 476.170593 
498.590179 247.474915 
77.751984 488.824524 
80.792358 572.171875 
206.494720 362.879150 
443.080566 382.877991 
444.285126 488.119690 
237.326309 287.118988 
17.573605 407.573547 
22.674686 562.447815 
380.886902 515.499268 
504.089691 120.505707 
407.605316 300.754822 
532.917969 487.538239 
212.022766 21.821095 
480.928802 331.943726 
40.661930 474.562592 
271.467926 506.684875 
276.814789 432.503571 
404.271912 393.818573 
304.771057 55.547695 
435.475433 149.476730 
34.916031 431.175049 
569.309021 133.971176 
156.450226 317.250000 
55.407448 421.225372 
478.651428 459.426331 
523.021790 27.014969 
17.062054 359.687805 
460.690430 168.058578 
30.495461 156.248322 
383.707306 369.060364 
397.582245 157.997391 
294.736145 388.852783 
74.919991 449.048187 
223.576981 554.473145 
16.894833 456.593109 
18.158028 412.780884 
257.457794 201.086349 
38.731632 335.952545 
504.493805 175.520691 
197.286804 45.703098 
537.377258 444.731018 
423.347656 180.396561 
215.226044 16.881449 
555.456421 270.127533 
362.219666 29.835438 
260.474304 398.815002 
40.233025 437.152466 
283.349304 31.463512 
93.717842 567.074829 
332.140839 419.786194 
538.193665 154.048050 
469.370514 167.459595 
59.227982 464.339050 
176.435638 27.414751 
527.931763 70.494011 
97.651817 39.005913 
456.624786 128.712662 
250.648193 42.459904 
531.557373 301.288269 
207.607437 256.512177 
341.063354 153.692184 
234.914429 370.702759 
569.106323 72.779465 
45.752033 38.630135 
40.962265 292.328339 
532.622925 38.853493 
402.898499 195.055939 
17.763193 397.329865 
210.367828 57.731628 
566.194824 107.412994 
576.053772 259.218597 
363.496765 175.381317 
281.491302 567.822144 
412.979156 465.154114 
88.857773 34.165577 
160.986755 17.519581 
54.542095 434.936646 
179.000183 70.501617 
311.688538 337.719604 
332.373413 354.718475 
351.522156 532.063416 
500.432251 420.119232 
399.312347 48.267139 
533.932556 307.577118 
316.578491 224.313049 
106.190109 44.894741 
234.239883 217.396179 
124.373367 76.367706 
20.038376 448.248291 
46.262146 80.504814 
403.527252 237.276672 
197.079697 155.242401 
384.269836 371.751984 
421.471497 74.996330 
284.526398 489.969177 
577.504944 221.649246 
477.268250 158.519730 
363.976074 132.394821 
263.373657 289.133392 
284.680786 307.132324 
95.066475 456.998230 
101.330330 485.670502 
437.758392 66.863327 
221.744644 176.707123 
562.024292 388.548157 
241.035797 543.615295 
482.444702 354.874512 
293.075500 64.206039 
524.819397 153.096054 
17.874763 108.524879 
357.044708 378.239014 
30.455002 66.252907 
269.364716 569.541565 
502.274231 463.487091 
191.241959 356.891724 
234.532761 262.559662 
19.998373 298.719543 
359.804626 326.564392 
254.047424 51.889591 
41.654373 232.364822 
374.209930 534.875183 
274.374878 32.474430 
507.038635 241.354477 
407.574127 135.529037 
425.578339 59.536934 
321.576508 419.576416 
241.155579 303.799713 
479.788635 106.717690 
50.473930 155.911148 
513.598267 143.354462 
94.320862 403.393066 
98.394394 442.964233 
331.517609 540.114868 
110.168411 482.980255 
453.176270 226.944107 
480.816620 312.216736 
443.829651 166.463867 
119.514069 286.371399 
570.539307 579.906860 
353.616669 520.034058 
483.226929 417.570190 
381.840912 154.803253 
182.549500 28.301178 
529.860168 35.539062 
317.142883 234.161224 
548.509521 122.112106 
232.520615 412.912598 
19.791328 341.976288 
47.022594 356.094299 
387.495453 365.636627 
105.941422 59.974396 
403.165680 176.839371 
215.056702 229.066879 
390.369293 283.403503 
473.560516 400.134674 
283.596375 202.485779 
200.672226 76.628914 
17.317272 345.416962 
113.723656 514.332520 
18.926277 434.502167 
370.875305 143.379471 
51.230629 442.960205 
175.598495 578.267456 
439.730652 36.192360 
490.517761 424.219635 
505.932251 441.657898 
190.618805 442.351135 
532.888000 87.252762 
229.048248 391.356689 
564.936462 580.121887 
256.896729 39.283653 
285.582275 441.449371 
509.098602 350.167267 
427.637177 379.967407 
213.347870 275.191406 
342.106262 183.843033 
245.054169 363.048798 
364.333862 203.743637 
493.756531 73.011642 
394.404266 279.888306 
67.751938 328.940552 
510.746124 251.806122 
410.775696 203.838745 
101.131104 405.003357 
232.820374 86.555191 
217.030502 53.262398 
463.629883 178.148300 
519.490479 52.213451 
309.324799 171.561264 
544.088257 439.931915 
439.814880 82.636162 
264.966400 440.428131 
166.365601 30.361824 
190.767212 387.552429 
184.677200 61.244156 
528.640076 91.499046 
313.535553 344.449249 
23.698122 280.235626 
283.818878 386.085205 
465.300964 396.681824 
67.006088 566.451904 
405.138458 71.643692 
431.047211 420.877350 
435.543671 568.669861 
361.371246 349.739838 
52.372692 75.655861 
497.928345 107.679619 
392.352905 226.376419 
512.271545 265.053864 
100.548866 361.487732 
251.324768 470.838623 
266.102203 296.449982 
293.534698 327.104004 
520.315979 30.700951 
43.647179 392.595459 
266.098511 396.618713 
528.824707 145.957687 
444.849884 155.371735 
238.766129 46.794716 
40.195061 65.147385 
271.280640 199.281357 
60.000000 450.000000 
67.734230 511.581207 
407.054382 62.272377 
197.694275 375.910339 
537.128113 330.766357 
213.090775 548.286926 
242.283569 281.617218 
577.384583 537.294800 
26.883554 292.912811 
51.991360 323.498230 
494.582214 156.136566 
392.260559 192.199722 
301.136505 395.044617 
219.682404 348.764252 
452.416840 440.023102 
26.762413 395.146332 
397.911011 390.437683 
520.811218 181.040695 
551.936279 441.286835 
570.197693 76.577591 
148.748123 38.890461 
44.283081 435.602234 
193.581436 424.800659 
412.263702 161.813736 
384.363281 145.525314 
272.403412 216.133774 
64.725601 409.633759 
68.966133 457.975525 
192.188644 284.687622 
93.602791 45.336590 
433.802307 432.600067 
318.723389 219.956055 
552.473755 127.982834 
243.866425 90.986908 
577.915894 496.544525 
48.905441 377.669861 
494.528046 188.425949 
279.554169 80.683685 
410.845581 170.410416 
543.512634 187.442245 
450.798676 386.506561 
351.983398 157.746399 
250.427307 293.904785 
482.788818 56.714619 
519.759155 116.728455 
416.038025 306.142303 
575.922729 20.422968 
565.797119 309.523071 
145.817978 44.133698 
375.664429 180.416260 
164.856644 113.935776 
421.302551 470.275360 
449.101135 44.242489 
22.342443 21.541122 
169.867523 68.617897 
68.200729 403.241516 
316.445831 449.905823 
300.599213 204.044022 
536.440674 56.848392 
319.372681 356.281494 
219.798431 547.533203 
580.312805 498.245361 
19.839867 570.828491 
412.502747 35.424004 
307.044403 395.334534 
335.810425 29.375910 
132.157974 81.639961 
369.132477 373.172913 
398.149933 287.282288 
207.887222 158.051270 
439.251862 202.694626 
328.430634 407.252075 
223.403381 21.826633 
224.703293 280.613861 
422.346863 403.319794 
103.474136 478.016541 
338.410126 543.106567 
230.872772 185.279480 
23.475487 16.507893 
467.198364 79.218651 
253.818542 523.586426 
153.933594 282.601227 
270.158447 328.124207 
169.593842 27.203220 
66.101883 398.762024 
91.149338 32.149715 
537.075073 121.555046 
113.882675 112.276085 
347.649780 345.465973 
370.887665 519.211914 
235.486786 249.253448 
203.816452 206.870972 
85.265816 420.138977 
544.909058 369.390442 
563.721863 145.289749 
247.056610 206.373871 
178.698227 468.574341 
199.423920 190.752472 
442.030029 264.020782 
356.348358 44.661335 
489.888641 172.847443 
164.789139 579.373047 
426.014740 160.453644 
422.988892 360.311615 
447.973145 30.378521 
479.587952 449.056427 
260.955627 577.105164 
497.915344 416.597656 
538.621338 167.392929 
557.084045 579.765198 
452.601837 180.362106 
240.119415 64.876854 
48.221195 486.636139 
411.394409 45.588799 
199.786194 347.492981 
89.761238 452.113739 
543.857361 324.293884 
325.554443 216.539413 
353.721741 270.573730 
503.283051 174.870361 
397.640076 371.089081 
186.532837 68.238182 
518.976929 208.042313 
415.052673 149.212128 
204.654938 52.730686 
237.126862 546.888916 
17.075575 479.618378 
567.826050 205.539551 
490.471863 115.222748 
462.549316 139.169312 
253.618713 512.172302 
65.605309 577.876953 
212.764221 542.505920 
303.502167 318.561981 
366.937683 384.467529 
156.961258 193.744629 
393.126190 164.619812 
280.774384 203.298996 
87.378777 506.858765 
544.580017 70.162842 
334.501587 155.020660 
561.861755 63.104153 
35.998264 324.078674 
381.421509 246.225891 
267.984070 42.999863 
55.599400 345.080566 
499.375214 219.548431 
76.476997 569.957825 
417.517731 90.462685 
226.617020 245.137161 
16.529705 533.792297 
567.056946 236.024704 
359.254211 179.793045 
252.159821 366.710663 
388.870850 458.561920 
424.841644 304.767609 
444.721466 306.369904 
577.349915 36.286556 
259.335114 520.816101 
271.984497 429.044922 
529.897034 97.211044 
453.019409 73.981125 
316.830566 349.472137 
305.017517 446.749847 
395.463531 136.866974 
157.448853 330.708191 
307.939362 227.817154 
96.244705 70.574730 
541.931641 26.337688 
330.212433 195.358795 
329.169250 350.668793 
17.076790 289.038696 
353.982178 354.812103 
141.673279 439.914246 
441.692291 416.106964 
337.134003 32.286949 
236.356049 443.873718 
17.337849 563.623535 
18.749218 475.822540 
489.282166 31.134430 
164.497925 466.500641 
213.983963 175.515900 
305.661804 21.718031 
436.999481 132.148697 
112.351891 281.314941 
53.859539 410.391937 
97.373993 26.860338 
545.082397 151.693604 
16.927208 321.372894 
249.378601 40.043056 
481.406006 574.008789 
29.443476 29.395193 
397.220825 122.610367 
297.558136 423.757599 
74.798088 480.556152 
79.661697 578.420105 
204.825851 357.443665 
546.817688 351.950287 
226.625412 544.645935 
16.808411 425.184479 
18.090057 566.961609 
46.391216 154.931183 
381.728119 517.508606 
63.859871 38.193932 
405.419922 358.444885 
214.327698 27.956135 
444.385895 198.530609 
468.673126 580.248901 
39.983883 492.594482 
349.759827 51.334579 
276.158722 429.561218 
407.588287 401.188171 
294.522064 443.271912 
275.518646 570.195801 
29.632133 48.830360 
156.642273 307.599976 
57.897995 402.046143 
178.955109 16.692070 
523.011963 31.686590 
325.089447 52.365330 
16.802341 376.134644 
456.842834 165.856964 
379.343201 372.371307 
400.491516 151.273529 
77.770592 442.881897 
207.104553 217.699936 
443.033539 429.525208 
449.679626 438.980927 
226.034012 486.808838 
16.666210 450.965454 
565.794983 38.773499 
38.624928 352.445282 
505.955902 169.942963 
404.811279 351.320587 
559.178467 390.004578 
312.140503 403.020905 
231.190430 288.800354 
38.732025 426.090332 
273.342926 557.834106 
276.438385 481.358124 
411.924683 404.160706 
93.601883 479.111389 
441.697662 580.292603 
331.109833 423.165009 
113.265808 362.959625 
473.389435 182.683899 
159.551361 72.148193 
388.349274 403.325653 
306.945648 303.798004 
206.965500 554.297058 
335.794281 323.436554 
324.987579 30.570683 
17.024914 210.613419 
460.846313 123.729279 
31.214775 108.094017 
486.006897 573.962036 
190.903885 280.061859 
563.571533 358.189850 
533.306152 297.909424 
543.130676 78.463486 
207.138550 247.944595 
447.124237 401.025757 
231.022064 528.143616 
569.326843 67.518036 
354.694702 198.224243 
39.708626 286.675110 
374.083069 518.481873 
60.056503 316.187836 
505.266510 225.169006 
425.772339 136.112885 
228.255371 272.470123 
580.498352 205.996521 
360.156555 171.574463 
151.941650 577.187988 
67.056061 71.587845 
99.564217 567.737000 
432.615417 58.028870 
250.644379 577.979004 
205.992676 390.420685 
545.263489 580.161499 
334.658447 361.532074 
328.675537 185.107635 
17.845863 265.480774 
353.726807 527.495117 
136.379623 320.803741 
481.072662 448.509644 
400.908722 45.219608 
528.942627 351.129578 
317.091461 219.253296 
106.839874 51.755390 
339.034119 203.364044 
239.918915 222.446640 
121.379700 66.555412 
18.044750 310.966614 
358.760071 341.478302 
397.168915 197.090363 
319.295959 451.655823 
231.316818 230.912994 
580.332275 213.169434 
478.567566 166.625793 
360.466431 130.497223 
259.238647 297.459625 
285.332031 316.151855 
94.093590 462.142944 
98.213722 475.915192 
113.081459 444.097778 
241.142654 539.662781 
48.738434 580.375732 
523.680237 158.034637 
441.176880 104.141144 
16.955553 107.200478 
136.761322 469.599915 
482.701019 451.545593 
264.644989 563.450195 
504.527008 420.110687 
191.323349 365.619446 
236.420807 269.564667 
19.733517 304.788391 
257.456146 42.662590 
387.462433 350.403748 
285.659302 555.973083 
506.974640 236.605499 
197.734497 105.391953 
318.735870 425.395355 
556.514771 332.505554 
99.640297 456.508636 
244.153534 298.502747 
476.117950 113.278244 
468.684235 408.334015 
380.304108 400.377563 
81.786430 544.299927 
510.051117 147.856171 
408.860321 373.432190 
91.854355 413.857635 
100.489777 435.601349 
332.054321 546.104065 
111.479065 476.329437 
20.194069 428.542023 
138.485352 25.985353 
395.695648 460.166809 
50.688004 445.205444 
374.888519 234.526688 
199.963913 236.161285 
438.363037 168.298050 
118.846687 292.722900 
16.977264 158.251297 
358.122345 525.976807 
482.159698 411.477966 
487.250183 456.978363 
498.646271 515.840515 
184.964844 21.649956 
82.493904 402.546234 
416.634613 580.235535 
317.883301 325.595154 
547.917114 130.681580 
20.036552 344.471893 
462.031372 196.548981 
44.067120 364.485077 
384.185699 356.286560 
406.191071 181.401733 
475.640930 58.272350 
260.470947 190.406845 
492.613831 36.034580 
198.337967 59.497040 
242.990753 407.146210 
142.237503 70.396240 
24.033897 514.591309 
314.863190 440.620636 
369.120941 148.650116 
269.879639 376.798340 
392.737457 406.466705 
288.871826 19.206331 
308.690674 133.996674 
116.444756 334.718048 
555.059631 206.741196 
486.126160 406.314636 
506.511597 436.523590 
191.318710 444.718201 
234.596985 158.027786 
18.547035 196.288635 
253.686462 31.862492 
286.620850 444.598877 
474.655151 138.072205 
402.574890 35.478378 
427.203247 388.283875 
555.738647 59.209488 
469.476440 445.562561 
261.958832 182.288574 
52.925053 63.878269 
497.962158 66.759995 
393.167725 259.845734 
514.422180 252.865143 
248.031403 413.725586 
308.917480 176.308426 
227.512634 147.252869 
268.896729 434.947662 
165.666885 39.140396 
48.630390 324.484375 
191.624298 390.613403 
185.952728 59.281509 
82.021545 514.620605 
317.636078 339.776886 
191.337219 429.141479 
341.199158 366.549438 
37.319908 75.439560 
71.994080 523.329407 
407.312805 75.071259 
534.967590 369.154449 
319.753723 236.761368 
109.490570 420.699158 
240.482376 221.117081 
360.052643 344.508484 
49.052845 68.387856 
513.454224 203.399689 
201.823380 162.229691 
117.202492 567.724792 
560.494507 198.631119 
35.582726 561.144287 
266.804993 293.261658 
293.696533 320.761566 
74.771881 47.907280 
16.514040 364.968506 
443.506378 319.495850 
461.851074 252.458633 
340.727112 29.798203 
267.985168 392.936859 
529.459229 142.688614 
447.310822 170.198563 
238.418564 49.458965 
479.167999 573.152893 
388.894745 40.713898 
272.166534 204.303009 
64.159370 471.238281 
193.922867 367.524872 
95.318741 103.558914 
538.879944 338.756531 
212.120316 553.739319 
556.093750 163.557495 
242.271866 271.537811 
577.196655 528.341614 
24.402706 283.002869 
391.503937 366.566162 
66.770393 223.680923 
410.990417 109.113525 
219.174667 346.577911 
352.805939 28.371670 
143.123047 580.311584 
35.862816 483.473328 
397.874725 409.111755 
516.721985 176.888260 
570.759399 82.415459 
146.046844 34.299847 
298.844879 31.351164 
193.049545 417.764923 
530.977661 579.634949 
418.418579 459.037476 
102.631226 566.832947 
342.015778 418.798645 
120.588547 294.103973 
20.039986 176.617401 
154.648132 280.412842 
384.507050 142.324539 
65.693878 405.207367 
66.870079 464.449951 
433.738770 426.026855 
322.261230 342.215149 
557.211487 124.459930 
128.639816 111.149544 
361.494019 452.157501 
52.804035 369.693512 
278.031647 50.072723 
410.098511 165.190292 
471.676270 466.594299 
216.203049 207.253082 
452.423889 391.217346 
247.139008 366.355408 
481.975464 49.793308 
269.612213 205.076706 
291.841461 191.037903 
520.504333 134.162796 
419.827209 314.202728 
326.463715 463.183807 
574.993103 28.898878 
135.845657 578.947266 
375.630920 179.815918 
449.699646 64.696327 
568.572327 402.988159 
155.271744 323.666687 
171.430435 65.189804 
66.539871 410.828827 
304.012238 200.508698 
221.052353 544.727295 
234.196808 241.606339 
308.461548 398.961792 
544.871033 333.735901 
333.014221 30.406582 
456.882172 408.015350 
134.521729 52.709965 
367.205292 357.722382 
498.732178 48.009129 
289.799408 533.891113 
520.614380 258.640503 
206.099075 155.065491 
104.150307 366.753937 
439.688446 206.100159 
329.719177 420.561462 
226.293274 28.894293 
570.620544 165.927750 
488.153992 206.771820 
372.178406 36.926350 
299.398010 330.356171 
425.668884 424.071167 
341.183441 538.639954 
21.362541 68.879059 
155.964935 292.570068 
270.285278 309.144379 
170.603699 23.099041 
407.633240 580.427917 
92.350014 39.073952 
537.326721 104.953491 
347.113220 353.192322 
278.521881 184.704865 
300.120544 522.950623 
310.506775 440.930206 
87.011147 415.369293 
540.615479 293.932770 
560.680969 175.131500 
248.238480 186.670410 
135.560028 30.808243 
70.564819 455.228088 
490.180542 150.739975 
429.903259 163.329041 
22.829872 60.036823 
476.525146 450.386322 
256.936005 475.140442 
153.800797 330.667450 
497.172974 437.774811 
273.198212 377.562225 
474.062683 182.834549 
556.577087 574.237976 
241.298737 56.576389 
522.645264 252.049072 
203.263992 348.805695 
88.657333 473.695312 
541.691650 321.118286 
247.469254 257.535065 
32.554955 361.055145 
289.606323 447.088074 
180.538910 468.461823 
519.047974 198.682846 
418.491730 176.567245 
207.723526 47.098774 
107.549622 284.193085 
16.774639 497.683105 
568.777039 200.650818 
489.246368 124.438599 
157.083160 394.734436 
347.519379 537.680847 
467.777130 148.608414 
256.800751 436.483734 
155.994995 16.713795 
62.866192 572.301880 
533.254395 105.496841 
305.377625 339.429626 
318.139526 30.775707 
453.846497 134.644226 
470.259277 342.131897 
157.119492 189.240631 
395.940338 173.971436 
157.106110 336.623688 
86.126572 500.607971 
542.462402 87.148735 
331.767090 161.672516 
329.070953 360.089142 
560.190979 45.363289 
32.023792 309.934723 
379.810944 256.025970 
265.936615 36.578899 
57.741383 351.364044 
503.665985 226.599060 
521.743835 353.726257 
417.655518 96.338791 
227.797882 273.667664 
16.958494 526.697937 
354.431244 180.265884 
252.471222 293.007080 
378.118286 534.347534 
299.886902 218.653564 
83.903687 41.401390 
309.789490 228.859756 
213.186584 93.872856 
229.920929 27.505966 
577.329285 31.502075 
464.357300 572.800293 
263.070618 476.163940 
497.968384 517.544678 
271.917267 433.391602 
575.479980 394.191132 
19.262672 488.424805 
29.112299 35.896042 
53.805553 401.035645 
16.818581 282.993530 
201.746338 459.650574 
99.402832 16.702394 
331.976715 202.298645 
325.910004 344.682007 
572.098877 437.269958 
31.147461 278.494965 
398.886810 276.506287 
191.062027 159.290787 
416.727722 47.606411 
445.503479 569.535522 
237.923599 447.647552 
573.637268 333.735199 
566.297485 90.626755 
256.267151 320.375458 
487.563843 37.783119 
508.610291 58.776924 
528.592590 473.653564 
425.158783 253.914307 
211.395264 183.322495 
277.683777 394.412689 
404.411285 413.169312 
434.707886 127.440590 
455.313110 27.716309 
24.710258 86.035881 
53.133072 403.660431 
56.615456 538.777466 
276.429474 305.553162 
574.040405 16.873665 
88.650284 538.582642 
17.001362 337.586975 
246.390289 22.762997 
146.651367 407.195679 
72.729858 475.660248 
208.839249 374.324707 
239.728012 296.855011 
16.813623 414.057831 
565.858215 148.487747 
227.814026 192.632568 
407.446228 365.504089 
82.503860 99.972626 
17.095299 388.833618 
214.771286 32.107574 
19.854641 482.795593 
580.034119 93.750008 
472.093018 572.226379 
39.489437 487.360016 
300.444733 71.894226 
89.092896 295.453674 
435.059448 183.869843 
109.959984 324.379974 
29.058065 45.461285 
48.360764 460.978516 
55.340836 408.885590 
281.121796 330.143311 
307.403961 313.676392 
543.460266 105.551422 
16.697941 370.597656 
458.239594 157.741257 
381.072266 286.174316 
301.492065 558.950073 
399.205566 172.929169 
561.617249 377.035858 
207.566528 213.149460 
443.904510 435.908295 
573.710449 323.383728 
18.334446 423.142548 
41.313942 343.889618 
167.480331 557.480347 
63.825020 377.458618 
505.219696 163.219223 
422.600067 146.675674 
287.744598 477.755066 
232.130051 284.544464 
40.616989 449.049408 
285.595856 331.019043 
277.954163 477.962433 
409.269592 397.690399 
94.569389 484.299133 
86.549072 349.879150 
111.742523 355.536713 
468.746796 177.374786 
160.630249 70.731438 
55.014385 450.001587 
392.528198 580.491150 
175.651596 64.342453 
334.099457 326.896698 
459.699249 116.910873 
488.250671 580.186401 
74.745514 393.762939 
529.999207 290.287109 
209.449448 267.401550 
235.284760 187.391449 
230.729691 527.941345 
18.761841 465.343201 
376.665375 513.903687 
506.104309 218.860519 
404.956970 204.848358 
197.675125 39.381805 
426.038483 223.134308 
420.281860 129.921295 
320.312653 439.850342 
578.059204 203.058273 
361.461243 164.291306 
259.876038 309.231812 
69.027275 73.650017 
92.261497 431.816406 
220.826065 108.219337 
453.466064 294.892822 
526.826782 125.889435 
204.454315 412.229553 
334.071045 367.698456 
326.365936 176.905548 
16.513849 262.027405 
348.857178 540.081421 
359.786682 449.049500 
148.468918 565.161926 
481.655548 442.316528 
533.003906 344.148163 
570.955566 243.497177 
316.488861 213.288803 
102.030846 30.324883 
340.146545 192.827835 
238.767029 232.382416 
19.300455 317.220978 
358.375793 342.710876 
40.996704 234.288147 
387.750610 197.601196 
172.432892 544.257935 
506.559296 272.311584 
536.097778 541.752747 
318.921387 456.960938 
556.541870 371.770844 
230.060867 225.312653 
577.496887 353.699707 
462.627747 420.843109 
365.287628 123.269951 
261.084778 303.400269 
283.210846 320.677917 
92.766159 471.473145 
86.819344 48.784271 
110.444405 439.698578 
243.751389 529.764099 
156.913391 370.415863 
525.286560 164.037888 
207.271332 442.673981 
438.520386 111.206978 
457.914368 32.186115 
483.974731 401.454865 
269.768585 556.552368 
501.985809 430.255737 
190.571136 371.120850 
547.296936 141.431580 
235.203720 271.888489 
18.333248 358.733826 
253.424469 63.081509 
44.219128 324.284302 
387.424622 342.065948 
169.918716 502.197937 
312.967804 180.831619 
321.269348 403.880920 
241.132858 288.295288 
579.475037 355.514740 
470.714874 407.317902 
515.575623 175.815811 
412.946747 368.968628 
90.165482 419.734589 
101.757111 428.273468 
332.621857 554.297913 
220.284485 28.116655 
242.042404 391.677765 
138.639923 31.245995 
101.092377 72.500473 
551.187744 572.424927 
16.679312 152.506348 
359.509521 533.679688 
31.682083 25.213478 
488.469971 442.475159 
265.000061 512.108093 
500.619049 516.645874 
185.339294 39.893173 
78.999886 410.503632 
316.972717 321.954529 
547.972107 136.404587 
462.014496 223.856247 
44.423306 369.276184 
406.554779 143.525055 
214.505508 196.636108 
580.490417 316.873260 
462.093536 482.196106 
473.199249 460.685272 
512.382446 99.113029 
199.432083 65.630981 
243.501282 444.719086 
142.961853 72.697350 
126.439224 27.240990 
484.300964 261.956177 
489.682373 428.955750 
264.549347 371.681641 
395.185120 410.260803 
445.238525 421.006927 
486.051575 408.958740 
167.381195 53.740517 
504.378906 431.627167 
190.884888 451.614441 
184.204651 67.952553 
80.031433 451.841370 
236.713242 164.050003 
18.250298 201.945618 
533.369873 54.337418 
403.853668 40.181911 
430.885284 393.007843 
344.366608 173.652542 
19.742159 527.574829 
472.773651 438.249664 
154.688446 393.359589 
111.449539 577.826477 
115.068306 480.903473 
559.335022 330.777802 
240.484360 450.735504 
267.478851 324.046661 
521.440674 63.118164 
309.315765 180.798584 
206.810883 580.218933 
543.500183 450.469238 
438.016907 67.549728 
227.078781 178.470398 
137.101395 505.139893 
268.366241 430.590485 
190.625412 397.321289 
529.500488 130.208801 
317.815430 332.496521 
337.906891 362.909454 
38.911995 69.877800 
275.340424 145.072662 
64.837959 433.206268 
470.186401 268.837341 
33.288689 489.427673 
241.368286 213.550156 
131.104187 33.229961 
155.354919 457.723145 
156.013855 437.912048 
494.153625 117.655701 
527.149353 436.481750 
575.490906 207.051865 
560.497192 205.618378 
33.215164 569.975220 
269.973297 287.256042 
54.580868 103.525352 
394.744812 516.883179 
292.059204 314.160278 
72.845322 38.850857 
450.632202 258.991943 
121.541084 579.536682 
571.056335 42.245796 
127.696281 484.571503 
340.498505 418.336975 
461.458557 68.991104 
22.572823 92.413780 
476.869873 580.417053 
154.589325 219.709045 
41.114281 29.351688 
387.846252 32.138836 
65.451515 462.178833 
67.520195 477.990692 
194.209808 363.155396 
324.032715 408.591858 
534.615051 30.291779 
435.688110 419.042328 
241.654922 266.242828 
577.653503 524.585449 
258.395264 83.335098 
53.869152 310.134583 
494.381744 171.886810 
392.174774 373.039886 
410.713715 105.517876 
98.808975 308.039490 
450.407745 407.600464 
461.374390 486.950653 
247.613815 307.834595 
27.367161 381.362732 
482.062927 135.809265 
517.535583 147.619125 
415.115021 304.335724 
227.767639 45.218941 
570.595459 89.527229 
148.059311 28.834833 
489.212555 272.198883 
238.968979 401.826996 
193.727936 410.507965 
418.474609 395.427551 
425.695343 476.122040 
445.391541 122.502777 
342.452393 421.284607 
120.391136 292.655182 
18.566875 185.702362 
214.422363 344.477142 
386.086517 181.549362 
64.882683 421.302643 
68.587601 468.062439 
91.513290 56.265575 
319.407104 350.542145 
556.661377 116.258987 
259.931732 28.652912 
49.595047 360.947784 
222.819916 390.275146 
280.821045 46.297249 
527.352783 516.663269 
303.216309 459.174622 
221.235199 201.070862 
452.670685 398.073029 
460.165955 445.401550 
480.671478 43.961834 
366.113586 347.254944 
269.891785 199.306564 
156.454391 329.839050 
75.559479 336.083344 
517.068848 127.654045 
324.248291 435.800781 
575.899536 30.805422 
376.751984 144.708649 
474.343262 566.887329 
155.477722 326.141602 
271.975372 294.272186 
68.049553 419.284515 
245.974991 182.877258 
161.823471 551.823486 
392.755463 292.985352 
311.106384 453.928284 
542.065002 351.966888 
217.830429 257.510742 
558.026184 118.398903 
458.376678 403.277832 
366.763275 365.925232 
502.232971 58.041840 
206.161789 170.418427 
105.336433 374.800079 
326.991150 417.764038 
153.158356 75.547020 
488.234039 188.049530 
373.884521 30.435608 
296.689301 337.071289 
430.299774 127.829422 
423.365204 415.047852 
341.791504 532.746521 
342.297028 435.769775 
229.981293 146.814743 
19.558464 74.948303 
271.921967 315.168732 
474.043732 179.518600 
219.253601 396.919708 
347.283905 334.383362 
392.269928 43.746124 
280.675293 174.024734 
413.927582 74.592537 
306.629303 449.350098 
541.514221 283.576904 
562.205688 183.305756 
249.586823 197.583618 
76.891243 437.323273 
369.361267 210.834824 
59.135609 318.421631 
500.001465 101.250725 
288.856049 485.638336 
419.669067 212.705170 
106.984505 321.932129 
443.246887 254.629623 
336.059906 161.358826 
238.982178 521.480042 
380.653107 456.584045 
53.255928 339.522125 
81.823174 344.891083 
426.364532 172.051849 
421.721924 376.037994 
102.272636 432.619232 
576.299377 61.476887 
463.028259 134.710022 
155.631180 341.041992 
379.870728 438.635101 
493.085205 427.994690 
28.520306 39.815922 
17.311941 472.464294 
109.226570 456.647919 
454.137054 145.163208 
242.252777 49.183208 
48.985378 478.758331 
198.355438 335.368378 
89.071449 465.268280 
398.870514 187.261963 
298.621552 523.760376 
183.289749 464.945862 
418.146606 181.365219 
206.073593 65.702675 
17.014507 490.662750 
489.162506 106.400650 
322.944305 199.096359 
62.847092 102.207237 
197.606644 577.439453 
422.218201 309.730469 
104.637978 381.007233 
343.994324 540.167725 
123.572304 506.770660 
478.285126 403.693817 
252.307938 429.397980 
302.313660 331.612701 
89.256905 222.209976 
484.473633 116.820953 
473.359009 29.535412 
156.990738 204.133240 
394.575073 153.628998 
517.181824 409.788208 
466.002502 169.212418 
335.216736 165.171173 
351.703339 341.897614 
33.168533 312.735565 
266.954468 30.539757 
191.125061 25.867023 
417.684723 126.149994 
427.582581 407.270294 
234.920120 410.546143 
16.605667 544.743896 
376.835785 360.472260 
63.895306 63.664505 
299.264038 203.952438 
213.483276 96.681236 
445.392181 320.461731 
579.459473 29.924248 
465.721405 580.237915 
213.619064 571.155212 
560.026489 579.768616 
578.981384 450.311707 
50.348572 390.158447 
392.935547 125.078316 
276.166931 317.260284 
545.169678 36.677509 
330.886597 204.158432 
16.731209 304.165558 
350.818176 367.993988 
141.819809 450.527496 
56.393303 209.991867 
190.548782 162.118942 
73.789932 510.164215 
415.796906 48.180107 
208.507172 341.864227 
548.604248 370.472595 
237.095596 452.409943 
17.091072 379.182739 
567.502319 109.531746 
563.337585 213.274139 
372.499359 346.503693 
428.126648 297.422546 
564.505676 100.707916 
263.467560 430.577271 
37.112953 498.623291 
274.643768 481.384369 
70.505127 578.742615 
406.580688 416.840485 
302.219543 31.237286 
437.716003 124.806290 
453.897614 33.367264 
28.608311 79.534248 
156.224838 291.301483 
225.355347 411.165436 
278.129364 294.710449 
201.552917 408.025726 
205.764023 482.942505 
16.869919 333.540588 
459.815826 578.786804 
246.113083 27.538445 
409.531342 49.116653 
502.830963 313.157135 
399.918365 136.231522 
77.837318 471.423767 
533.301575 223.700989 
204.857178 366.324341 
16.819550 436.280762 
566.142822 139.213501 
38.550774 355.869781 
171.488068 469.940460 
506.951080 102.683586 
407.789001 366.022522 
423.104919 205.027573 
215.702042 39.068707 
100.402168 504.418365 
283.253113 569.464722 
129.159943 512.196716 
474.672913 242.826477 
155.474365 168.168015 
38.767609 458.413269 
280.076080 440.851837 
84.260406 363.499359 
434.894836 177.442184 
216.492920 570.568848 
470.333221 93.757607 
48.730446 451.465576 
56.859909 390.714050 
311.251068 321.313232 
457.992676 154.418411 
249.264908 66.689644 
482.564270 566.489746 
397.275085 167.094727 
73.129532 430.634338 
528.575378 277.975006 
205.259476 232.700897 
336.377228 130.971985 
17.257259 466.620178 
20.861975 382.758392 
389.404846 513.237183 
60.197289 368.628418 
509.585571 159.236984 
428.544128 187.083374 
422.149689 138.546509 
555.212769 257.799652 
576.847778 234.689926 
479.972992 189.404144 
259.665558 371.691772 
39.082024 441.779541 
277.453461 496.783539 
513.723572 59.044338 
409.324493 395.576294 
95.697624 491.670410 
437.565155 36.163769 
109.273575 377.712158 
468.871216 147.724899 
55.407326 461.596649 
290.094513 178.102234 
174.443039 44.272175 
206.653732 569.871094 
333.012482 335.723297 
574.808044 569.338745 
234.585693 541.600891 
72.613281 384.942841 
530.565857 282.618713 
105.828812 70.393921 
448.006165 411.200287 
237.640701 196.380844 
231.105347 544.911804 
18.133492 468.924622 
355.780487 357.536163 
389.437531 276.114960 
165.150238 505.228119 
196.236038 32.175751 
424.477570 97.094147 
318.530273 449.704590 
346.988007 33.537262 
233.094894 234.678131 
476.311096 232.714615 
363.191040 159.713882 
260.055725 312.536285 
226.333435 440.782013 
92.495758 432.296722 
436.826599 46.714096 
455.237244 300.623779 
244.825653 516.572388 
19.666828 532.320251 
156.499924 20.130156 
408.655518 139.234390 
526.988037 126.393387 
307.989624 23.047901 
335.265228 374.931946 
16.512257 281.048248 
353.767883 536.907227 
251.899811 483.687958 
191.980606 334.601135 
316.273071 208.328339 
239.082458 234.020721 
124.733612 58.950172 
21.479786 318.191589 
354.042297 353.597626 
43.379807 292.072937 
386.640656 191.908615 
173.217361 536.472900 
534.924011 524.247131 
425.109772 78.462242 
350.526733 177.273758 
233.954041 197.181213 
465.395142 405.247742 
287.088959 324.076324 
218.421997 159.978912 
244.803055 523.351868 
246.713028 511.893524 
157.027359 168.592850 
523.882812 173.043106 
115.664589 309.950256 
17.459307 114.667336 
262.739502 568.117432 
378.640320 32.006050 
501.761871 434.197693 
190.636230 374.418488 
547.874634 580.199707 
550.929138 146.037445 
237.745331 278.094025 
18.070227 364.863098 
42.875397 335.185211 
275.352417 28.155470 
504.758362 318.643799 
405.794128 106.034966 
534.703735 208.856903 
423.782806 41.551689 
322.303925 409.804382 
346.786194 46.480007 
243.730621 287.453857 
467.789154 470.317841 
300.254456 329.986908 
71.174438 357.536560 
90.610115 420.569519 
96.987953 471.116180 
216.387817 22.587917 
141.974304 36.591972 
455.231049 573.082153 
199.179123 573.743835 
438.315521 156.347290 
359.564087 534.030457 
43.080261 477.288818 
381.186462 171.557709 
269.814789 504.640472 
