181.878601 481.095703 
52.775009 446.564941 
292.837494 455.782959 
72.311935 497.378510 
274.814941 500.278809 
153.488739 510.561035 
338.829590 416.001007 
348.815125 419.715271 
218.300568 461.433228 
63.986164 536.610962 
200.287369 478.018829 
20.038376 448.248291 
57.524868 446.451965 
70.040657 540.547363 
25.910837 425.900024 
101.283928 479.677032 
153.940552 355.658813 
241.013428 541.393677 
88.622719 483.000122 
23.201458 480.200775 
81.737526 449.784637 
104.122528 495.942139 
111.147179 504.417908 
17.694416 302.974304 
193.666794 490.952393 
151.105118 550.264526 
51.334923 539.707642 
233.042679 548.811279 
86.609291 491.682068 
89.974686 456.290588 
271.003601 461.674622 
117.871895 395.134338 
27.566668 277.544708 
190.990112 384.628021 
233.403992 459.022247 
235.973831 422.174500 
127.882309 517.882324 
182.296463 572.432251 
143.361496 505.312927 
129.970612 359.721985 
17.835632 517.956116 
22.961596 543.014160 
48.994247 457.522705 
278.080231 379.639252 
580.205627 161.524612 
300.918915 455.173035 
569.939392 579.735107 
199.996902 572.448364 
151.178116 575.178833 
32.768806 542.029175 
322.472778 580.009888 
287.646790 386.500580 
71.954842 460.634033 
309.490997 399.608826 
107.601990 569.821106 
301.420959 466.444183 
270.742584 495.617065 
180.593567 569.086304 
206.171417 483.857391 
579.861023 568.536499 
288.825226 461.362305 
69.487839 543.891418 
187.752625 460.724487 
100.036095 514.191467 
87.478661 448.086182 
143.541321 579.788757 
112.578186 356.618652 
82.144638 476.967987 
227.591675 539.283569 
244.452469 538.249329 
138.381958 570.546326 
118.477287 521.066772 
182.954636 560.498657 
212.070541 432.558350 
84.806168 462.489746 
89.394058 418.306763 
54.188099 540.039490 
156.154449 577.757629 
135.146774 520.631653 
18.022476 383.474121 
190.800934 371.226868 
217.378922 473.420258 
167.049316 501.888519 
91.472504 521.144470 
134.526108 504.993622 
194.604095 568.853394 
147.575836 552.623657 
19.540916 424.819397 
183.040329 496.829956 
123.978828 559.748901 
73.875870 334.696045 
45.024727 538.953613 
227.141647 521.039185 
110.736221 381.980591 
124.837753 580.382385 
262.388702 491.409698 
345.995453 419.279999 
202.758453 576.118774 
294.844727 462.933502 
45.786484 531.608582 
220.888779 451.904449 
204.570160 571.510132 
156.687027 451.601013 
61.284950 362.009399 
73.131149 578.967957 
211.093704 569.405396 
44.463264 296.300781 
26.771370 552.568420 
74.317879 537.659729 
211.497711 343.733185 
30.996574 515.899902 
186.115768 505.335968 
51.050228 454.475769 
263.664734 461.157959 
57.547661 394.053833 
82.548729 474.937988 
312.183746 461.591766 
257.250031 450.235168 
95.661041 484.621643 
139.911987 547.535156 
155.636841 370.541595 
296.918640 476.675812 
204.629639 489.116516 
201.697876 338.387909 
86.711166 499.223267 
182.199402 577.975159 
76.452271 431.857391 
119.985443 468.949463 
104.132690 479.096649 
120.394943 528.108765 
193.850403 406.519165 
40.548714 504.261841 
95.086334 491.108582 
83.655357 408.158112 
146.484680 580.310852 
202.511124 340.077362 
210.745911 540.449036 
16.950661 395.677490 
163.643890 510.756775 
96.483871 475.420959 
97.941719 573.251282 
156.864182 518.039368 
67.224991 453.435059 
124.172638 570.745728 
18.440262 539.852539 
103.324852 568.361389 
93.073494 433.391052 
172.380234 518.055603 
24.305412 559.182678 
89.608383 544.830322 
40.589252 290.902405 
155.917221 400.375580 
157.256027 450.123108 
579.555420 20.373169 
177.483398 485.404175 
205.536850 424.146698 
53.554794 464.644409 
168.288162 573.317383 
293.492340 461.242828 
73.752022 510.479248 
306.095245 399.488159 
92.210197 574.006287 
155.940445 508.417908 
234.385956 358.041290 
64.718353 580.174377 
37.188599 578.703857 
57.715698 442.273407 
82.752235 501.789124 
312.215118 458.749847 
96.683220 514.717102 
100.553780 464.182068 
80.905777 540.010742 
298.326752 449.963318 
74.654716 580.073486 
89.515572 461.422791 
54.144573 579.442932 
427.085571 466.437347 
188.476944 500.848694 
570.079712 403.178528 
133.309280 556.120972 
92.240906 578.326904 
39.404789 548.073364 
86.434929 443.297913 
88.650772 435.450562 
195.480942 579.327942 
322.927246 456.885223 
128.566544 509.755066 
90.329025 279.029755 
18.550816 433.517365 
192.686432 351.781830 
217.793518 458.302643 
94.169098 437.956818 
67.000572 424.830597 
48.349335 580.165283 
124.479118 474.375366 
16.875334 578.055359 
80.009407 531.826477 
87.597549 349.852722 
20.047607 474.836792 
162.360428 565.577820 
46.456848 471.403290 
72.084946 384.019928 
281.572174 456.997253 
66.024437 480.749969 
178.874939 490.265991 
580.135010 542.282593 
43.320873 289.585632 
73.172943 489.369812 
176.139557 570.100037 
118.696190 557.391907 
64.204002 545.907715 
180.619614 579.877258 
70.235840 529.744507 
314.831604 460.085846 
304.221527 468.255676 
101.611565 501.033752 
154.952332 344.205444 
16.513174 312.646362 
204.921173 338.557373 
76.226181 488.438354 
81.811401 457.192810 
311.418854 510.258881 
163.236588 505.584229 
190.104919 515.006653 
16.526140 414.424957 
16.538710 435.599182 
207.673859 470.285065 
319.737610 404.081512 
260.849487 370.832947 
229.912888 425.686890 
329.751038 485.692719 
156.528336 571.919678 
105.403816 393.175903 
103.946098 501.499603 
16.626793 335.906860 
192.453247 391.248169 
97.286392 570.395264 
244.429840 482.556030 
95.037331 406.479889 
46.175514 544.505188 
63.418427 423.702301 
143.503510 514.952637 
17.337780 512.556519 
571.721191 579.651978 
579.241150 20.971756 
187.443512 498.686707 
565.098450 578.946533 
271.008026 501.352966 
68.587601 468.062439 
364.341278 437.469482 
266.690948 374.687988 
177.430573 508.991119 
200.767288 565.926392 
26.073589 501.847565 
16.531725 559.810486 
18.285912 21.282707 
249.081802 432.591064 
579.890198 155.873032 
70.837486 455.152588 
105.181114 461.611023 
160.466568 498.756226 
161.927155 578.281006 
187.279343 577.279358 
205.089951 473.725220 
220.213470 558.844788 
579.476013 561.548828 
288.780487 487.264099 
84.031174 551.512451 
154.232330 351.669464 
154.954498 323.802277 
222.724594 350.825104 
219.399200 528.949158 
76.687233 509.563080 
81.805969 486.241089 
312.255646 508.869019 
39.733715 554.630310 
232.963593 16.603720 
94.197296 537.198608 
85.475349 519.554932 
78.019867 404.865997 
160.751358 546.345642 
129.502960 567.330505 
16.610617 373.942627 
194.001465 410.301147 
157.925278 573.006042 
134.539169 572.526428 
93.364372 493.493591 
106.957840 577.403564 
45.682613 541.557251 
134.231033 566.247742 
309.105774 448.658234 
131.900162 397.180267 
20.813011 565.315125 
16.559345 415.528320 
163.470230 489.585938 
46.945610 396.961395 
248.153107 434.609711 
275.383209 382.468994 
156.016129 395.508575 
168.684357 513.805725 
292.267303 390.348633 
202.915268 565.294922 
230.470413 352.694885 
271.534668 458.948120 
156.107880 446.587952 
579.254395 26.920044 
385.732697 580.111084 
73.125420 570.868164 
260.205109 512.795776 
289.815918 480.524200 
315.646484 402.634338 
21.631607 153.578583 
90.362625 579.049438 
169.756378 579.925171 
63.830460 560.467224 
101.926155 367.688599 
259.209869 371.764709 
78.921967 516.251953 
95.735107 464.864685 
95.699654 492.599548 
79.354660 554.122864 
222.916809 558.333740 
60.978996 451.384247 
150.509750 540.509766 
89.870613 523.049316 
76.028374 441.226379 
78.951469 375.720428 
33.054245 543.836914 
52.759914 447.608612 
191.186935 449.226288 
561.663696 579.603271 
51.000374 579.521667 
133.648529 577.697327 
93.136208 467.165161 
266.574524 460.481140 
115.232841 510.619049 
155.888306 436.492615 
111.160751 552.261536 
339.786011 414.428955 
19.707081 453.977844 
249.253922 531.623169 
143.737152 498.954346 
98.718254 580.085571 
93.670502 458.127594 
122.550781 519.172424 
126.638786 478.519135 
19.007481 530.627991 
274.902039 380.351410 
350.895142 423.394318 
578.287231 565.420105 
45.200764 448.950195 
49.318398 483.961395 
16.615993 319.228424 
157.122131 503.160248 
297.573029 449.395660 
160.162704 459.195282 
331.027649 411.933014 
73.956726 546.843811 
16.502935 543.090088 
114.494011 566.733948 
256.426208 517.452942 
72.525963 503.131836 
305.382202 457.896027 
296.840454 474.419189 
338.732941 418.052399 
173.374893 563.298767 
211.093582 340.633820 
200.945755 489.394012 
259.721649 274.981628 
191.548691 547.008911 
97.449173 525.399902 
100.667618 491.333649 
79.957932 580.451050 
149.292419 514.820312 
215.069077 479.039612 
578.747070 577.863159 
214.783249 499.499908 
90.696785 486.442322 
75.153168 462.178528 
340.163483 413.642151 
106.523712 517.111938 
111.396072 499.796509 
16.677567 315.346436 
65.841087 417.363342 
16.550663 450.330444 
209.915085 455.525543 
16.656189 259.596741 
82.886017 434.836975 
113.277321 507.393097 
217.241852 467.099426 
128.901260 519.171997 
208.565094 569.454529 
17.062054 359.687805 
44.851830 578.825745 
36.240234 445.092224 
209.780502 341.815857 
275.978271 458.635620 
84.246826 347.313232 
18.714863 570.874084 
58.773457 533.991028 
39.005299 362.308777 
19.997208 466.869171 
45.280113 401.750092 
49.162514 444.847412 
283.293091 450.782318 
64.330574 491.808990 
580.213501 579.680237 
146.170242 504.084900 
49.713055 422.318024 
165.981018 465.066376 
51.958508 427.282227 
195.283783 476.862061 
49.267929 305.023895 
192.172699 332.457886 
177.615631 577.224731 
190.301895 572.868530 
58.856327 352.335754 
556.803589 580.258362 
55.163971 460.902374 
193.781830 537.008057 
26.726641 578.109009 
303.208069 463.145386 
102.751534 496.227661 
80.711769 434.134644 
98.810623 456.378784 
110.935051 519.180908 
247.407333 527.896606 
193.391251 475.405457 
214.553818 451.956329 
30.771370 456.290314 
253.112701 527.773254 
87.738770 408.825226 
79.404442 527.740845 
156.645157 563.920532 
160.180847 516.777954 
17.513390 329.581573 
55.999367 577.020081 
159.298355 578.747681 
251.073074 368.354675 
169.517242 558.357788 
94.297249 514.496094 
124.653450 501.891449 
580.263733 152.297928 
143.409988 522.935547 
130.813568 442.274323 
31.419430 560.727112 
17.438227 502.291534 
46.504017 441.858704 
72.564079 336.381683 
39.379604 490.145172 
62.988712 452.658508 
115.978607 456.953918 
125.116081 527.637817 
223.790710 555.689697 
24.971119 478.390289 
16.541641 568.077820 
66.897774 439.959503 
107.367355 579.375366 
202.804657 575.907043 
282.249359 461.454468 
333.192657 414.771362 
157.237015 441.272156 
160.553360 507.739807 
231.251709 442.781158 
105.346138 551.892822 
580.414734 576.750854 
205.231369 463.610687 
580.033081 552.591736 
190.767380 574.640930 
83.556442 545.896118 
27.495106 550.101013 
300.001038 391.969971 
153.396591 539.338623 
36.307533 553.298767 
215.870728 480.400421 
82.028107 459.689606 
108.944397 491.956818 
42.309380 537.509460 
191.918472 495.374481 
218.450058 349.722626 
210.135544 343.562836 
58.280441 407.288239 
83.669800 511.822052 
88.902679 503.572083 
197.156067 489.654724 
103.803337 433.702393 
129.880112 575.280151 
16.925396 364.981598 
190.866531 421.348206 
216.127472 524.210693 
287.819489 468.587921 
64.967346 323.646942 
105.481194 568.202454 
85.013283 418.852722 
77.082657 579.031982 
196.900589 575.240662 
17.573605 407.573547 
163.353409 497.585083 
121.827209 578.035461 
34.237232 395.812683 
98.149643 560.671265 
197.922440 353.672455 
252.833527 272.572968 
126.959084 563.587952 
19.469873 553.273865 
75.483231 487.101685 
28.030701 448.598633 
41.040222 579.197693 
72.577637 425.288757 
65.527870 496.849457 
154.946350 405.503876 
215.923492 568.858643 
579.618530 30.108330 
16.513523 536.026611 
178.550980 513.318542 
151.909286 568.408020 
51.483284 478.881927 
113.344658 578.354431 
287.907349 457.480743 
83.868263 579.712952 
165.938843 577.611511 
307.421356 462.818787 
115.684380 348.370514 
100.338135 562.648193 
183.729538 490.219238 
173.227158 575.152771 
261.934967 480.040924 
32.950924 285.677521 
81.078484 524.601379 
191.566483 424.920166 
98.425529 502.881714 
138.603500 531.616699 
155.397461 386.243744 
85.405655 480.327545 
16.549166 369.905029 
88.959816 513.619812 
75.984650 450.700684 
78.710060 415.221924 
99.118980 447.840515 
97.644592 394.774628 
187.752502 490.644836 
190.720795 458.810272 
16.508991 394.619232 
94.275604 471.980133 
280.751770 455.509827 
86.054802 458.937988 
145.712189 565.879639 
112.113007 519.756531 
130.372620 500.489136 
208.085678 558.450439 
16.680132 446.143524 
190.557312 347.898804 
578.908325 155.483139 
19.422213 579.759705 
122.225456 512.225464 
149.312408 458.655945 
577.197083 573.682861 
30.896511 554.035461 
18.134027 486.726837 
20.802404 577.598755 
246.041718 365.350708 
553.822998 580.343506 
293.847473 455.407104 
145.095383 514.539185 
16.524185 550.928711 
114.705185 571.306763 
68.922211 483.872467 
252.467468 273.487335 
74.038353 495.243713 
97.857857 375.546326 
295.185211 480.127747 
339.066620 412.800079 
89.330467 546.873962 
156.166718 196.123917 
324.230591 461.345642 
201.862961 481.461914 
56.777397 457.322205 
66.704254 579.228882 
230.220688 551.643616 
255.077591 524.735840 
154.382156 335.009674 
219.805740 519.865784 
143.036224 546.949219 
90.835449 477.898895 
76.304329 470.339966 
316.909576 459.129089 
104.259270 507.284119 
111.090736 505.496521 
16.870285 308.842712 
155.297958 176.324020 
219.689087 466.117462 
207.282990 465.028870 
232.291138 553.137146 
238.487778 511.639771 
86.534248 427.193909 
87.932724 451.103302 
197.541718 530.797729 
276.004211 462.446411 
238.195343 547.428284 
17.559704 392.163544 
207.785065 577.852844 
16.940918 350.551392 
102.697227 481.000122 
215.287781 438.787872 
223.159637 440.693970 
87.418938 356.390259 
92.055130 419.356873 
62.106632 317.974457 
263.535553 513.988953 
17.176268 561.477112 
76.622696 339.586121 
58.130981 577.986328 
204.737656 443.135162 
19.978945 521.868225 
23.916191 555.228027 
48.407272 454.104980 
17.382763 272.536194 
257.294037 518.224731 
125.293655 547.951599 
225.390427 559.458923 
121.759781 341.867645 
181.995422 473.096558 
25.668690 499.512573 
55.599869 311.568024 
71.246773 445.815491 
65.819618 444.510742 
72.022644 475.287415 
306.477173 451.437653 
118.500862 498.723114 
300.794525 471.245789 
206.812592 340.515442 
258.166504 451.533661 
98.356812 509.625977 
199.729019 452.196594 
204.137344 478.387817 
580.484192 574.086121 
190.378204 575.482178 
69.978371 549.441040 
167.856491 528.777344 
265.625366 508.005829 
103.095268 520.813721 
58.948677 521.992310 
95.980675 357.534668 
16.540363 296.443176 
42.148804 291.499603 
143.898727 567.723755 
35.556240 541.166565 
113.024452 353.466553 
79.057983 442.631012 
23.593376 552.882629 
97.450554 453.859589 
139.282578 579.805542 
24.059551 269.269623 
280.415924 459.695679 
211.799667 470.232910 
85.973358 466.265900 
56.120781 535.296326 
116.423668 502.971130 
132.715637 522.899780 
75.675110 334.509369 
191.275574 376.145813 
216.447479 477.136047 
360.642151 426.895752 
272.213989 380.389252 
90.378288 373.599670 
183.997238 569.391541 
241.915924 365.257660 
108.019028 576.064026 
135.017593 333.511078 
18.716761 495.363525 
57.220562 533.652588 
120.905762 574.652832 
72.305840 330.984039 
580.109497 161.002777 
121.871178 462.937164 
578.508301 148.856552 
200.026855 579.798279 
166.240250 496.413940 
40.723972 570.502563 
74.052422 436.393921 
200.642029 442.323975 
190.376251 566.605408 
271.877716 499.778503 
56.447716 496.739929 
85.679802 536.719788 
16.643414 278.997375 
157.256119 340.915588 
182.298981 512.190796 
36.859962 542.514709 
257.755341 367.715607 
76.808929 528.137634 
78.817947 470.511536 
226.883011 438.667816 
98.893791 484.040741 
99.722771 433.283783 
191.507477 502.435028 
79.095032 355.532562 
105.987190 390.665833 
214.124664 492.322937 
60.000000 450.000000 
86.790550 502.903259 
89.308472 494.329102 
78.223549 417.932343 
117.652359 473.694885 
103.493721 492.274078 
16.697754 293.730560 
194.003433 393.172485 
39.214249 519.572327 
94.169159 476.187195 
105.984718 559.939514 
85.572266 412.483368 
148.091232 577.414795 
320.059418 458.501007 
21.860023 19.527660 
109.133224 547.959351 
17.540537 399.368408 
22.510763 463.948364 
219.230057 424.373535 
579.165405 166.754242 
284.427948 383.565857 
271.647736 464.588104 
68.966133 457.975525 
121.655891 505.055664 
125.797890 573.558411 
18.106163 545.188965 
100.022865 573.734802 
47.474701 504.750793 
72.474762 415.923889 
38.973244 286.606506 
74.019409 449.537659 
218.686951 558.677185 
580.365540 20.999525 
177.994370 524.447693 
53.496387 468.643982 
119.277222 340.621796 
144.023727 554.758484 
302.536469 396.360596 
291.599854 467.058136 
209.892029 549.847046 
182.879456 481.779907 
276.566223 398.698578 
65.605309 577.876953 
61.315376 313.962952 
36.899792 579.483154 
81.985580 546.144287 
80.073387 496.703644 
112.232368 568.151978 
163.545456 519.203613 
100.753014 470.457825 
156.414200 378.309998 
78.679893 560.553101 
81.987411 455.150665 
90.022530 475.085297 
78.062477 458.587646 
105.174942 520.879639 
130.539276 549.292969 
118.134506 522.859131 
279.309265 469.037384 
210.042175 434.530457 
94.895828 580.025940 
305.992157 448.436584 
144.887070 571.484131 
114.259659 495.503876 
61.611301 446.338898 
129.255035 506.851135 
210.908676 566.061890 
19.775208 435.065430 
193.529968 359.724365 
119.623962 570.836914 
48.584122 579.302917 
89.893906 498.888092 
100.084900 577.245117 
58.831863 529.991455 
173.527069 496.289185 
16.835945 477.299042 
162.734604 561.256348 
48.691761 466.861145 
224.200623 471.635529 
63.143551 477.730438 
66.326630 500.867065 
148.046997 522.827271 
206.138092 560.024658 
72.882385 529.860413 
53.869152 310.134583 
169.575775 569.931458 
293.093689 451.724731 
72.075516 486.619873 
177.520126 571.066528 
156.201172 516.305786 
63.748924 448.605164 
65.543762 539.039734 
181.337387 576.323303 
56.387505 448.282471 
66.301460 537.678101 
101.944809 505.357544 
156.259857 357.074585 
34.600258 377.848877 
58.439991 474.409393 
241.565063 534.973694 
76.513840 479.616486 
21.537508 153.049622 
103.824760 498.800018 
111.157845 514.774109 
19.731726 298.599426 
192.083069 484.772339 
79.467941 344.311920 
16.513626 432.502014 
235.254471 544.247070 
240.586212 358.640381 
86.223793 486.163910 
88.008209 446.705444 
113.505524 490.174469 
153.548492 567.896484 
238.525925 539.889771 
199.396072 560.096436 
190.507004 379.876678 
281.887146 323.947723 
212.814423 566.667847 
238.089447 355.586700 
127.868622 498.181122 
322.038483 407.554993 
201.335495 443.086060 
579.651123 135.935211 
19.087914 517.202698 
21.420847 550.034180 
20.268417 18.530060 
279.211090 383.063751 
43.598755 528.120056 
570.906250 19.534904 
77.343796 532.990234 
301.558289 454.836060 
200.240250 569.699036 
28.063828 564.349609 
73.672356 464.246521 
283.828766 472.311615 
307.059875 396.790100 
71.337242 456.198212 
159.621933 517.553162 
78.091911 540.225220 
177.521500 506.617065 
182.060455 572.923096 
203.794388 467.643097 
259.224152 478.855377 
55.101913 479.639160 
288.163879 464.575592 
58.326756 464.328583 
315.696594 437.158112 
97.459595 551.848022 
102.491776 511.804871 
154.736191 319.046509 
219.706131 347.472198 
314.222168 405.045319 
50.332661 458.969818 
143.029770 576.842407 
81.602203 482.990814 
109.695976 469.216431 
97.189819 460.209778 
137.320999 574.356934 
21.711468 262.966461 
91.890656 538.492676 
58.726639 419.387146 
86.628395 522.448425 
57.278969 529.653015 
157.094208 580.304871 
136.764114 494.750458 
130.154037 563.688843 
32.886333 579.723267 
18.869938 379.089355 
192.381348 415.888947 
217.644440 470.467072 
16.522102 520.053040 
91.634422 497.892853 
92.627090 450.986420 
144.852890 534.852905 
145.001251 559.496887 
17.122149 420.460968 
571.769104 578.944397 
120.916603 565.704041 
244.642075 433.423767 
116.896103 578.622559 
30.034470 391.321991 
127.934837 577.988159 
91.226921 503.162109 
346.649048 422.134277 
199.865585 540.977722 
165.863739 519.302612 
44.544167 463.518555 
155.372299 240.763824 
71.558510 426.511749 
154.394363 294.926819 
329.566620 311.893585 
156.182358 456.393738 
51.842373 543.861206 
73.492264 579.954773 
260.559174 514.577454 
24.551369 530.544434 
84.273354 526.032532 
565.970215 580.012146 
231.662689 548.795288 
172.526398 576.456482 
128.379486 305.384949 
36.567039 371.802338 
75.817276 537.052795 
79.347061 512.793213 
205.563675 546.257935 
95.968140 491.368073 
99.542168 457.690674 
154.768661 375.535950 
124.619919 333.248169 
212.061523 465.677185 
85.206482 492.844025 
88.619324 519.956970 
196.195648 560.333984 
156.048950 543.521973 
106.570297 483.752075 
16.818581 282.993530 
191.653809 402.513489 
220.139786 507.528015 
135.288391 579.337036 
94.715225 485.856964 
83.565643 405.406799 
267.885925 465.645325 
100.964912 428.451569 
17.278404 455.923157 
164.297241 514.271240 
218.126328 415.767853 
95.505989 575.379700 
40.415009 553.204468 
68.068756 448.805420 
18.998398 533.958740 
101.958992 564.582336 
201.109146 545.047485 
576.603638 561.836609 
171.836136 524.291626 
156.404739 342.610046 
250.049622 511.151245 
45.843231 476.422546 
267.478333 511.359253 
294.436127 442.781006 
104.688629 542.151428 
183.840958 553.700806 
327.282745 407.806091 
52.902275 462.263184 
276.519653 494.828430 
72.413910 513.146179 
97.297256 361.536896 
115.939384 579.969299 
90.903122 551.149475 
50.915558 302.138794 
81.376030 506.734070 
37.781693 544.637878 
98.252876 521.177307 
103.217323 462.868530 
82.503159 577.556519 
89.088882 464.738098 
78.361916 463.758118 
106.220711 512.018311 
188.141190 506.999756 
193.429657 439.125000 
219.898804 470.120056 
208.671478 443.625183 
84.811478 439.106567 
88.496223 440.134369 
113.740166 503.740173 
129.451447 515.766479 
207.744385 573.050903 
19.096760 428.235260 
44.628197 579.708374 
96.592644 563.060608 
211.129608 575.499207 
86.499092 350.216919 
19.528763 572.049438 
140.262451 523.537720 
58.715050 537.990601 
116.929825 489.235077 
113.581543 331.054291 
18.661352 470.769073 
162.302017 569.577393 
46.583267 473.361450 
187.909637 496.194580 
24.095758 111.708420 
274.735321 467.828644 
224.660629 414.204041 
352.665802 425.691406 
151.168182 481.539429 
101.858910 359.999603 
579.975952 562.771362 
161.572662 580.210327 
112.041451 558.524475 
73.740166 478.899902 
131.267334 487.551300 
177.115417 579.488220 
118.633209 552.676025 
219.515823 474.836365 
53.321236 433.409851 
189.807190 567.627869 
64.414474 546.646912 
192.004211 336.468231 
192.395035 540.774719 
24.887348 579.487671 
103.433746 498.480103 
297.218079 392.256592 
62.277172 501.950012 
144.486435 563.154968 
240.737335 544.296448 
80.219749 548.008240 
192.220551 364.114197 
110.510170 522.408997 
190.852478 462.164093 
16.513374 439.390381 
209.876816 480.510345 
93.129822 545.626892 
85.780586 476.595001 
21.624672 568.129456 
117.727318 517.057739 
131.628113 479.635712 
577.099854 19.448429 
16.681625 333.051758 
191.382324 388.424469 
158.078720 579.952148 
220.919403 455.593994 
247.289001 487.416321 
211.685486 572.956116 
30.901909 477.446289 
48.431767 550.067505 
401.130920 16.787834 
111.373024 574.440918 
17.512829 506.593475 
165.433121 464.041443 
121.898720 543.691528 
243.196625 404.559631 
39.357727 487.971771 
269.930786 507.197205 
66.870079 464.449951 
224.323730 543.716248 
246.440002 533.911560 
166.276398 505.020630 
16.542587 564.257690 
155.605957 382.454254 
197.808975 485.033142 
243.886520 363.128143 
282.252350 467.576874 
100.083443 361.084229 
16.503727 555.541016 
44.847923 501.741486 
190.099335 579.323608 
383.224243 442.704651 
206.074646 463.336365 
219.496658 564.504761 
579.986877 404.532959 
285.652222 490.210266 
321.386200 459.793579 
305.649658 451.436768 
183.375458 521.624329 
171.791321 540.231812 
59.240711 501.994446 
36.318260 556.718750 
74.833870 524.080505 
142.024460 532.024475 
197.779099 463.833069 
95.676620 468.475922 
191.363785 499.677551 
16.521601 338.418152 
156.943314 487.009094 
83.856140 515.294067 
74.488075 415.747925 
43.330128 533.292786 
159.134628 509.533478 
130.936874 571.358337 
163.659393 496.075439 
189.806442 458.588623 
75.110382 454.335663 
159.954697 568.652527 
136.301102 568.978333 
63.701874 319.807922 
69.575096 327.705597 
83.773460 425.794250 
88.447098 390.909515 
291.286743 484.485229 
373.069977 65.096741 
18.158028 412.780884 
173.821716 500.405182 
144.348618 488.258911 
95.753105 556.158081 
271.269836 467.978668 
236.387421 358.181244 
20.635353 556.195618 
102.401657 550.432434 
28.643461 468.677032 
169.785812 468.325104 
42.275684 490.272125 
290.904236 387.921265 
226.227737 349.554108 
295.344452 393.349823 
270.457367 445.925690 
156.468277 447.478149 
216.976456 571.039673 
175.558212 468.079895 
180.128250 512.238708 
164.591949 572.616943 
77.928192 407.140350 
293.155701 479.816071 
110.428749 356.052979 
306.306458 464.840332 
155.045959 293.393707 
227.772171 556.307190 
169.703751 569.673340 
36.565678 561.249451 
207.182098 449.553284 
78.531311 545.244934 
79.658302 517.833557 
98.534058 496.719177 
139.196030 529.196045 
154.872192 367.266388 
201.634430 475.021759 
214.060898 472.222382 
134.877823 515.661560 
87.986023 510.765656 
77.628860 436.892517 
80.885658 412.732208 
30.252970 547.930847 
122.732773 364.981201 
187.815659 484.293579 
193.981903 446.288818 
16.520006 425.151459 
91.704781 460.296021 
94.630287 506.870789 
88.532326 354.381622 
113.651817 515.058411 
324.998810 408.905273 
77.504745 506.765991 
219.701309 353.030365 
207.258255 545.748413 
151.714661 579.800354 
251.056473 526.882812 
254.442871 368.299042 
577.798035 152.309158 
91.347633 454.813660 
124.087173 525.101624 
19.469711 525.578735 
58.881187 543.958252 
577.339783 570.155823 
19.262672 488.424805 
41.692810 445.184784 
98.679375 506.368835 
245.508835 363.932373 
297.576355 453.910034 
157.389938 453.208374 
147.088425 510.773071 
16.510500 541.761902 
179.041656 507.509979 
151.738022 565.900574 
16.500919 549.441162 
155.951065 391.152496 
19.051254 69.438927 
290.769897 450.073547 
278.300293 466.532990 
119.557419 571.256287 
183.757904 467.379913 
199.361862 485.371582 
57.090191 452.744629 
192.116486 545.887573 
68.411415 579.944763 
101.269279 488.110596 
154.050003 329.436401 
93.936729 264.900177 
143.765564 536.316284 
281.758667 491.322205 
89.115639 492.130615 
74.556404 474.587646 
81.932671 407.899719 
31.726805 578.815125 
109.265480 496.456970 
225.091888 353.774811 
276.211090 448.053009 
16.506084 454.969757 
208.385406 453.700043 
259.236023 522.945435 
90.621765 434.202545 
238.808884 544.274902 
132.214447 524.417358 
207.766785 580.333069 
16.717649 352.621765 
75.047638 444.250458 
287.982483 454.287872 
238.118530 361.739380 
579.540283 148.763062 
273.113434 454.006561 
263.764404 513.014648 
125.385719 511.197998 
17.868919 565.089661 
138.537186 515.824341 
58.823929 579.930420 
208.062088 485.349915 
17.268642 462.190430 
166.763351 579.622131 
58.890270 525.991882 
276.216919 476.193909 
300.998108 433.361664 
147.179001 505.922974 
92.503731 357.814697 
129.129166 306.768066 
16.545887 578.625305 
197.311325 480.361633 
69.675278 476.506683 
49.496925 307.746033 
280.637878 493.309265 
308.891144 457.415283 
297.941254 473.345947 
180.710388 561.087158 
205.687302 570.576904 
53.801010 465.075073 
193.181061 580.148743 
312.820465 399.379730 
88.700096 579.473633 
302.868927 464.669861 
102.774681 522.977478 
570.147766 579.197449 
96.037964 532.726990 
211.373337 538.973206 
142.190613 574.857422 
75.128708 494.799469 
79.976204 437.581604 
248.218140 529.947327 
136.651993 577.491211 
193.396805 470.537842 
212.688721 459.161133 
67.265770 323.240875 
84.185608 468.340637 
124.752129 391.355713 
119.323639 508.585632 
118.471649 348.829651 
26.665657 275.087616 
134.448364 496.381226 
158.101974 459.576996 
45.349819 544.648865 
194.887909 455.891418 
40.233025 437.152466 
91.925629 510.719116 
32.113892 484.868164 
83.356384 379.778015 
148.651932 542.981689 
195.763992 571.162842 
108.925293 579.893066 
19.301353 368.344849 
16.739502 499.632751 
120.738861 569.715820 
227.568756 513.620850 
246.503784 454.385620 
65.977425 455.317017 
66.492790 491.591675 
126.661102 539.733398 
151.021255 512.321411 
100.566574 540.778748 
168.643463 498.685242 
16.550154 572.957764 
92.020203 521.901855 
45.227200 459.824066 
203.079712 580.063293 
23.932125 374.137756 
343.025391 420.442688 
298.492340 478.314056 
101.578094 450.643066 
151.321411 574.957214 
54.477257 495.762726 
193.512451 569.375488 
86.553650 539.600037 
25.290764 543.522217 
57.897995 402.046143 
577.098999 77.665680 
576.827637 158.048660 
97.316208 479.524109 
20.495716 113.194572 
77.977203 339.136719 
215.665497 346.680237 
16.535051 380.042999 
86.165520 508.334564 
90.648354 508.785217 
57.875217 545.331665 
153.988205 532.509888 
104.754120 485.341858 
129.525955 580.420532 
16.905340 363.671936 
191.484314 400.737000 
16.532059 502.955200 
92.985672 480.854675 
104.612839 573.446289 
146.288376 540.967529 
319.903809 454.321533 
326.450073 412.245880 
17.464062 402.180664 
161.742111 501.246185 
121.232605 580.218201 
576.681702 162.180649 
245.403992 415.843140 
64.771042 420.293427 
124.313858 562.281494 
19.499113 549.766846 
78.827301 555.210632 
571.523499 18.207985 
576.331421 580.248169 
379.732635 436.613556 
162.874771 527.843323 
278.368866 453.705902 
215.517273 565.777161 
580.018982 28.286655 
174.156433 479.934082 
51.270092 474.033264 
112.754501 579.595947 
248.591690 367.159607 
86.181984 577.346741 
84.329323 472.550842 
184.859772 579.877747 
331.684662 410.611603 
183.702072 487.785217 
170.464981 562.679993 
61.927425 318.014099 
94.348091 441.651825 
82.000122 492.566833 
104.478645 359.927521 
183.228531 500.885834 
40.799812 580.035645 
99.753517 473.993530 
225.634491 553.104309 
53.251583 578.046875 
89.956917 467.897675 
453.935486 409.171661 
81.359039 419.766174 
106.812119 466.316406 
131.843140 544.219849 
95.786453 398.081635 
17.660263 266.625244 
191.050705 453.212433 
503.653992 576.929199 
91.338753 471.493774 
119.779396 339.226837 
83.439316 452.940735 
146.405212 569.049255 
115.584091 521.614624 
209.253418 554.426697 
16.863503 442.490845 
192.667267 345.764496 
36.652573 426.595825 
194.236786 366.373596 
67.998581 401.129089 
147.309204 518.225708 
152.448471 454.877441 
101.513245 579.436584 
59.840260 553.221680 
173.275284 505.052307 
16.632936 484.007843 
22.611382 579.804382 
49.252613 460.209656 
299.101410 394.216370 
274.065399 465.355255 
40.994896 448.487183 
