506.207031 467.114349 
82.932930 442.427765 
314.089233 313.363831 
157.450912 273.521698 
31.365086 440.024017 
281.110840 206.266052 
229.874802 416.564362 
524.844910 284.819397 
307.397400 558.626282 
86.400223 442.580048 
527.272339 218.388428 
63.621017 534.368164 
25.553005 185.801132 
90.795761 280.208405 
50.436527 303.716827 
211.835205 198.115082 
500.133026 212.397919 
289.768799 462.837402 
524.761963 444.484833 
73.131592 189.884857 
474.407867 69.650963 
471.083618 454.847412 
207.967590 87.066269 
102.890877 268.335327 
235.383789 394.215881 
67.547272 350.379791 
88.895065 176.649078 
400.673859 351.223816 
250.165802 522.510132 
497.067719 533.434387 
58.130981 577.986328 
392.600220 392.680450 
254.254150 454.038147 
260.168091 512.976440 
496.679108 505.643341 
273.043915 444.335327 
116.484802 347.697723 
323.326172 343.298553 
300.950409 357.530884 
88.898155 201.093124 
490.276093 395.027161 
265.911194 464.836853 
110.215782 231.532120 
453.285919 66.347496 
188.771240 458.174347 
127.091385 284.912781 
81.674973 460.305176 
316.959167 366.731445 
340.256378 352.427429 
123.740776 217.755341 
18.082008 209.299744 
200.241257 472.727570 
87.853874 492.413879 
389.589172 64.310555 
327.001740 333.506958 
63.840038 492.636353 
430.981079 396.885376 
213.420273 242.238159 
56.502289 215.814713 
298.806854 472.032135 
210.567368 576.872742 
521.108765 319.191193 
472.239746 509.589752 
209.144745 306.118561 
104.743637 213.780426 
392.718414 246.248596 
236.341797 435.298767 
17.922670 566.219910 
19.605053 520.471008 
409.497101 147.410629 
254.181412 306.823578 
374.607758 337.312622 
114.937004 490.993561 
251.067871 398.853668 
530.680908 432.745087 
268.944916 319.533752 
128.657776 523.880798 
254.502869 413.093109 
209.067520 570.119019 
495.309509 539.051941 
222.787552 514.978577 
278.952454 380.499817 
459.100739 285.210754 
132.941818 503.678833 
88.683235 252.722031 
264.744720 422.719238 
113.154236 262.965485 
454.435760 63.676071 
190.652924 402.533203 
194.650269 443.440613 
82.365677 500.591919 
61.209641 170.499146 
51.861633 419.543365 
58.617287 550.611023 
340.126465 357.353516 
125.689026 272.695984 
200.740616 417.501038 
60.526234 430.925690 
16.755348 324.119171 
192.742462 350.837219 
132.476303 239.654129 
382.369598 229.974075 
211.393295 478.778381 
245.541397 257.268219 
533.049988 193.092804 
362.628845 331.312683 
207.376404 364.894562 
106.740379 181.895416 
439.662323 378.798462 
17.573605 407.573547 
522.598572 439.565948 
432.703796 268.130676 
219.132080 373.242798 
117.557411 529.408203 
140.452179 167.246902 
533.065613 491.787476 
420.077423 226.366028 
291.079498 307.069336 
343.936951 358.293457 
126.222275 496.354370 
151.102036 176.089066 
41.717911 478.401703 
270.760315 504.183594 
277.047668 436.862122 
68.115829 172.962234 
407.394714 390.468903 
93.550484 523.257019 
46.570915 409.674774 
505.265503 528.854736 
196.616333 396.821472 
157.427185 316.750305 
143.284821 169.900223 
211.726410 439.389923 
516.989380 520.052368 
200.212967 389.294739 
207.787689 504.403809 
17.062054 359.687805 
351.831940 448.871521 
141.467682 517.339661 
135.640350 195.762146 
30.862070 161.863876 
433.161072 409.251923 
215.790894 566.037354 
294.999512 389.937103 
578.640686 567.311829 
532.835449 248.554962 
140.514801 241.343048 
29.355350 209.312790 
225.538071 555.986328 
71.536140 191.189606 
18.158028 412.780884 
304.052307 424.986237 
98.386490 253.135300 
38.259995 333.329926 
453.806305 410.760437 
513.942444 449.011292 
249.664337 312.274048 
427.326904 364.582794 
423.896332 183.312439 
57.654289 155.730545 
232.846405 319.005707 
74.825638 377.575714 
263.132019 399.002106 
443.771179 372.980560 
37.617153 402.963501 
67.268677 118.241142 
335.405518 414.411438 
554.632019 567.990723 
325.508728 462.937347 
193.389435 407.758331 
80.951508 227.855301 
129.394928 196.450745 
125.228943 285.575165 
204.027283 534.093140 
333.996613 314.018036 
115.109207 160.882050 
349.225250 380.619171 
32.932484 102.622337 
435.920807 467.822205 
212.464310 419.876526 
344.570374 325.480988 
95.015991 503.149414 
156.999115 416.637299 
511.795380 481.853333 
526.009521 524.005920 
96.994347 260.935333 
387.323120 247.230179 
78.975266 172.992279 
426.134583 214.303131 
503.418823 67.988342 
399.555450 454.490051 
212.264252 302.742584 
152.929306 571.335205 
545.189758 486.401520 
559.367004 563.584106 
245.845261 488.366211 
82.329376 242.075653 
429.183380 92.449821 
424.654358 426.114044 
105.899597 499.382874 
59.157169 437.301941 
120.067871 341.217926 
306.320618 338.089844 
435.436188 407.436188 
335.359222 357.385223 
271.578217 303.770416 
518.497986 235.336975 
527.960083 258.677063 
213.550293 461.637787 
343.013824 368.783813 
127.357002 239.338379 
29.942221 189.783783 
70.040695 249.697662 
48.479671 221.041275 
201.353592 557.896667 
510.857666 314.058838 
99.430450 217.327759 
272.799164 466.507721 
128.595383 185.849197 
537.235413 552.418640 
425.736786 73.270073 
26.344133 364.093689 
466.531281 385.076752 
106.820030 357.283478 
102.997375 296.761475 
283.923553 309.663544 
223.311554 351.575836 
94.512375 458.710297 
99.639191 483.446198 
51.815556 343.236053 
455.854675 278.768799 
241.103973 541.669556 
194.794083 515.244385 
79.757210 285.014496 
16.614521 196.329147 
74.365784 527.424255 
133.957184 178.188263 
476.971863 516.936584 
273.986389 342.291077 
114.382515 241.726227 
17.727222 113.297485 
359.451141 378.864227 
145.079636 202.753662 
217.715485 392.609436 
345.724731 340.928833 
190.779007 358.029877 
130.276474 206.204086 
224.474609 414.279785 
526.164001 223.375656 
411.783295 66.669899 
254.189789 50.258694 
88.399536 382.419800 
40.431770 229.568817 
173.983932 513.972656 
288.288971 442.467133 
72.146942 183.881531 
396.895935 346.989838 
240.247681 302.251526 
75.291977 251.834198 
48.534470 155.405502 
236.635315 526.299011 
214.288193 399.519196 
148.470978 180.188858 
44.863567 580.394714 
109.957428 483.612305 
62.010403 167.917877 
559.030334 431.186676 
421.144836 367.061981 
69.043770 241.242111 
44.773304 224.014145 
72.022156 175.197815 
475.242188 464.124695 
253.740768 486.473785 
388.903137 406.130676 
497.092743 448.247192 
116.329605 283.088440 
574.310303 578.880371 
80.762024 157.546555 
537.449463 157.978714 
489.378052 453.621063 
218.509155 446.758575 
568.586304 436.618622 
24.320307 106.865181 
50.109035 520.352539 
232.675949 408.771057 
18.830053 341.101532 
198.677429 336.657227 
87.780411 437.821594 
37.786041 167.246796 
388.613098 362.593842 
506.389679 297.229218 
350.213226 206.085999 
92.398346 258.835541 
242.315445 308.500763 
77.647499 208.477280 
467.051636 494.756531 
472.509308 401.399170 
107.470062 271.805389 
226.890381 315.178406 
16.984051 509.745697 
77.540825 367.556488 
89.664055 172.912247 
437.868622 370.394379 
110.992981 514.864441 
514.686157 325.711395 
77.224930 458.845490 
157.244370 284.076202 
122.045746 499.804382 
252.354935 445.824097 
37.905327 579.674316 
194.692520 580.286804 
487.748871 423.720642 
266.321198 480.393799 
112.402611 202.900787 
482.777985 398.687988 
190.605499 439.944031 
83.264145 462.023987 
68.278496 220.070557 
157.117294 200.820129 
337.684631 320.586426 
464.840515 532.924133 
230.146225 393.877808 
252.798096 39.790588 
86.161316 515.572083 
364.023773 376.109436 
328.790131 373.399658 
350.492615 334.718323 
350.605621 62.983261 
90.473427 204.250809 
428.895844 379.012909 
434.888092 512.772095 
502.918335 190.201782 
292.354584 390.871490 
297.119202 474.656311 
72.068306 546.329163 
517.229004 317.029053 
473.752167 428.007721 
209.890045 301.471649 
104.250366 241.931717 
235.956100 419.971313 
69.434212 325.790344 
255.305511 302.814819 
389.658386 390.784424 
119.053452 518.673828 
78.470825 394.233612 
244.924622 465.192352 
251.868118 402.081024 
25.308697 477.131378 
266.005646 337.299622 
111.027222 361.400482 
261.269226 491.947235 
543.879822 442.648132 
442.174988 80.701393 
407.164886 62.998646 
89.328728 274.218201 
432.080109 112.585609 
267.186890 442.024231 
109.828140 255.565002 
504.877380 495.232544 
190.505554 387.538879 
72.993088 579.955139 
532.283386 95.050781 
339.306091 376.850067 
280.506134 310.522003 
124.947876 196.109711 
18.185764 278.613708 
203.127777 447.263214 
437.620483 381.059601 
287.125824 387.976471 
17.519249 298.978149 
405.740021 68.976227 
137.934738 281.907013 
379.121216 211.865326 
215.159668 507.268463 
56.021595 188.950684 
190.935577 171.093002 
76.317131 509.176300 
105.862000 191.699951 
441.312042 410.866394 
239.134903 459.485596 
16.726940 401.726105 
101.866226 360.307404 
45.876099 493.726318 
127.046524 174.954758 
246.892853 468.859528 
425.221039 216.256104 
56.071228 116.392914 
293.202271 327.401276 
229.596359 354.030060 
261.962769 436.100159 
285.908813 71.194298 
132.764420 474.239410 
70.469170 557.584900 
88.756081 409.569519 
269.775421 398.284943 
554.221375 434.174744 
201.652130 494.106262 
187.654251 524.153137 
143.344299 218.141602 
82.962692 526.692749 
53.789455 439.461365 
339.656677 379.129791 
125.343590 250.493927 
516.692932 536.843872 
201.815048 390.072083 
207.361191 477.051025 
236.911972 310.225922 
60.000000 450.000000 
71.607399 514.693970 
348.832031 323.926453 
195.025696 372.004944 
136.671356 213.037888 
428.439178 465.415558 
381.592804 352.527466 
56.012882 254.343140 
296.925110 393.818756 
128.146576 160.546616 
528.092407 217.286636 
157.347168 453.160919 
339.414764 67.513603 
225.949799 558.273315 
16.650055 429.389648 
522.500183 462.429474 
301.370758 391.592468 
44.100311 171.961609 
376.941315 198.597504 
218.015884 349.908905 
168.764542 466.807648 
453.357971 440.326508 
402.965820 377.989624 
251.386902 323.122894 
530.885742 511.026031 
34.526318 475.136688 
56.561852 181.196701 
401.222900 393.836914 
231.212341 314.697021 
127.882309 517.882324 
419.788177 361.334229 
258.680969 382.812653 
39.935028 452.818481 
109.528915 178.174011 
226.043243 55.490128 
322.368408 340.180237 
88.750954 354.412506 
193.884842 425.741699 
282.918060 462.727631 
315.078064 68.880936 
280.367065 344.983307 
18.047188 172.156738 
93.171150 580.205688 
306.940399 324.067993 
206.122375 533.861023 
274.410156 216.243256 
67.975487 458.966125 
351.267242 470.564545 
246.643509 76.549599 
147.946945 494.328400 
35.536797 184.976456 
436.905853 432.351288 
217.912537 497.310028 
47.445576 367.386383 
569.702515 457.132355 
532.308899 273.162994 
107.071632 102.374908 
445.004974 472.792938 
222.078934 484.625061 
230.389954 553.483704 
526.936768 509.759277 
354.212433 225.606110 
66.036972 208.220627 
221.753220 215.000397 
505.228516 476.236328 
247.326675 293.041748 
78.508415 178.662079 
208.925812 359.489044 
214.590439 88.839172 
232.862793 296.429199 
18.940147 202.221466 
263.691254 373.572449 
41.107304 410.262634 
42.274727 360.118286 
285.652161 347.712982 
225.098343 77.088341 
532.603943 122.821045 
412.798187 384.282928 
91.034546 494.460266 
319.955750 404.223511 
82.171143 247.261124 
419.551636 423.440277 
59.372658 440.976288 
347.612335 380.170959 
142.088226 490.756073 
207.624832 559.891968 
335.693787 341.614594 
118.073761 228.310562 
70.970261 404.548370 
214.825790 394.995697 
109.302551 57.643448 
503.498444 404.854736 
77.325645 380.996429 
387.724457 240.067154 
48.689751 186.624359 
448.323029 404.932495 
224.142059 429.314362 
19.448826 428.284729 
358.385345 365.860474 
307.067871 395.703369 
97.095589 191.705170 
164.345078 514.805542 
61.927425 318.014099 
461.462280 417.669708 
34.237232 395.812683 
368.698853 372.676453 
347.985107 349.802521 
127.289162 580.126404 
521.976624 268.852478 
40.999722 391.081146 
157.483948 281.619141 
225.763412 23.392677 
436.602997 86.647606 
334.681061 481.630676 
553.168884 501.020630 
295.033234 348.760864 
83.226875 266.218170 
367.087952 333.765228 
420.290527 404.992645 
103.815041 479.915039 
524.988220 133.006729 
71.759308 537.003662 
256.251495 524.044861 
204.454712 420.843414 
114.138611 274.238281 
16.728268 275.105103 
458.947449 64.372787 
484.994995 430.732605 
323.400452 327.349731 
220.067932 409.456146 
502.223907 401.583984 
347.120544 347.189117 
190.905426 337.460052 
91.140938 170.264099 
312.138367 199.387466 
231.845291 495.684540 
527.261169 207.709869 
308.059387 437.571442 
45.456730 296.068298 
18.106276 286.322174 
90.501823 298.369446 
32.463261 410.146973 
117.945152 514.948853 
213.923447 365.624817 
179.824203 470.101105 
223.727310 377.037689 
85.677269 63.536488 
163.379333 580.281006 
262.138977 453.453918 
248.043747 521.411865 
147.434128 84.105621 
423.106873 364.561035 
156.200546 166.850616 
30.969704 579.484192 
88.756943 447.052185 
478.720062 449.008545 
257.186066 483.740173 
259.277039 578.351501 
415.114227 77.904053 
259.403595 402.286011 
112.251282 180.078918 
145.499298 225.204926 
481.347717 389.951111 
486.425232 480.381073 
219.923157 466.366913 
450.296326 180.221313 
126.496704 233.905167 
82.486977 379.126862 
244.379684 509.048553 
232.559570 428.509003 
18.884670 371.610352 
254.729233 72.232803 
45.656116 339.434967 
40.563232 208.349442 
34.589931 346.791199 
64.660858 212.150192 
249.746872 246.769211 
90.847351 243.557892 
534.657288 191.442520 
313.744202 549.023499 
557.182678 314.858887 
396.180145 366.888611 
241.976898 324.461426 
76.504326 222.754211 
17.620314 188.492157 
469.154785 417.962524 
53.033649 178.523270 
440.567535 501.904144 
235.863693 546.560486 
411.195618 357.484100 
96.550827 465.273071 
111.509743 509.181458 
561.054565 455.228058 
245.020294 381.084351 
394.015686 177.193619 
79.549896 375.663544 
447.510986 375.383148 
123.260071 517.215820 
131.521729 470.396149 
475.307587 394.006622 
201.043121 579.418945 
258.076904 522.153931 
496.193634 472.924042 
114.016289 356.187103 
16.552732 162.717148 
240.293228 360.202515 
109.138832 197.124115 
501.055817 481.789398 
506.743652 456.438690 
241.324005 70.947212 
125.344543 211.662827 
83.149193 449.965942 
367.960571 387.761902 
157.217712 192.872421 
232.907440 385.512207 
521.358704 448.646362 
84.078300 504.491791 
200.444565 559.740295 
95.651833 188.009460 
58.157059 342.134644 
29.192949 346.650360 
578.172913 446.052032 
468.834351 472.660736 
107.399574 250.189133 
236.061783 399.264038 
16.707796 532.870911 
358.713196 178.625549 
115.046181 501.652802 
241.651855 437.614136 
251.770477 529.436584 
28.505455 494.817505 
191.792694 381.823578 
232.813629 56.931843 
95.080994 271.993713 
253.198792 468.565369 
258.554199 521.920959 
492.722900 498.481689 
270.558807 430.588745 
116.551918 349.035736 
79.027039 475.315796 
89.749901 266.617889 
491.655701 400.487457 
269.700897 461.644775 
167.215607 62.033783 
501.708771 525.704956 
506.271362 510.985138 
183.646210 79.048180 
314.250763 363.624329 
526.463684 228.234436 
337.748352 342.506744 
174.281708 99.632240 
514.866150 490.957764 
202.303146 450.298706 
87.053528 490.114563 
329.587311 350.671265 
17.168915 290.985840 
351.064026 356.856354 
136.103241 103.495583 
428.790680 402.181976 
214.541077 250.584656 
59.780468 220.885818 
227.155441 523.604614 
364.723755 367.925446 
290.567719 458.114563 
225.932007 188.059570 
16.698736 559.414185 
211.293289 465.142548 
252.743973 326.838409 
166.459183 466.008667 
115.704109 497.658661 
450.700500 476.708466 
123.212540 181.677307 
251.751648 381.629608 
533.638367 429.454254 
535.099365 418.503815 
212.616730 178.939423 
400.089935 524.335449 
73.773407 67.399315 
254.310577 403.690887 
260.885223 465.159637 
440.810669 57.995132 
278.629883 400.694702 
136.363983 520.805542 
85.637665 249.780060 
269.850250 419.466339 
113.542877 279.696686 
553.200928 453.533478 
329.724792 315.794159 
190.534622 408.413239 
523.869446 184.083389 
531.678955 115.291336 
16.897917 521.800049 
50.626381 410.082428 
232.262680 457.817902 
265.298340 210.126923 
512.069275 508.328796 
516.075378 531.631531 
201.385452 425.757965 
45.228901 473.006897 
283.119995 410.155365 
62.270184 444.451874 
16.683086 320.883026 
192.687164 343.476868 
132.593246 255.970062 
33.824474 195.592422 
435.746826 399.862823 
212.600540 484.428406 
101.925812 384.200195 
211.330048 353.985931 
279.420166 423.127686 
533.756653 187.855103 
154.685654 449.703857 
102.587875 166.786346 
438.430115 384.173248 
391.205414 199.321121 
17.949375 420.934265 
18.094536 568.416260 
43.272278 154.913254 
383.774841 521.141724 
216.436447 371.036621 
18.044750 310.966614 
251.876144 446.202820 
531.515076 483.239655 
399.545319 386.652618 
418.319214 367.713593 
150.971710 183.278824 
277.649353 426.278503 
70.676125 176.386124 
407.565460 398.325531 
93.720680 530.175354 
45.774990 416.762878 
191.341187 165.642609 
187.671387 546.203857 
192.774948 394.486084 
56.436680 406.388245 
279.239441 341.449036 
19.091143 107.087280 
310.153259 310.660431 
204.995804 503.943420 
111.346771 160.950134 
115.391251 170.441864 
69.796883 488.557678 
133.765930 189.790604 
378.578827 375.902588 
210.371201 523.227966 
219.756073 512.686890 
153.260376 198.003769 
75.495819 442.945404 
530.398804 242.127228 
157.262054 379.461243 
392.516174 365.595612 
227.654984 487.933655 
69.381607 193.818161 
200.737213 103.723076 
98.174942 249.187683 
118.064934 580.019165 
454.786011 416.089081 
402.937134 352.665497 
250.080215 299.259674 
528.331482 535.074280 
536.346863 429.539337 
315.716644 406.089325 
321.859558 454.047882 
180.085281 501.459473 
71.380051 484.712372 
206.167160 96.013802 
540.545227 550.209595 
227.255493 78.450943 
412.579803 407.700470 
91.892555 476.637238 
192.849365 357.035248 
162.398819 90.214043 
554.471436 562.498657 
82.064041 228.908981 
414.552338 383.775909 
479.407867 534.521240 
122.438019 100.926102 
334.847412 318.280212 
116.919830 213.760956 
17.042356 211.403671 
93.120819 67.710762 
87.732117 484.063110 
210.662338 425.144196 
218.694839 564.465210 
207.130753 184.983551 
201.316910 349.301117 
50.769970 207.833023 
495.401947 211.957977 
445.523224 401.512756 
234.129456 374.801971 
229.143250 529.701111 
301.300293 469.270691 
97.263168 204.338074 
245.692154 258.822205 
219.673355 187.608475 
85.982666 206.750259 
246.954865 362.300842 
375.925598 385.154449 
426.944366 217.317291 
317.749664 459.889038 
213.188858 63.910713 
72.161812 329.570221 
150.616928 578.066162 
40.017151 389.935669 
108.914146 214.920013 
281.040405 562.742798 
17.553928 577.378723 
330.964142 464.454346 
561.410400 566.783691 
294.928406 354.060974 
251.911041 578.539124 
426.768982 99.877571 
104.029243 504.938385 
86.282593 81.788689 
525.835205 119.117477 
463.006714 63.859634 
306.664307 344.230530 
209.488800 392.529388 
178.633881 491.072021 
332.219696 365.519348 
32.137142 364.657837 
114.053101 205.166840 
16.719994 268.344849 
132.039352 320.898804 
536.324646 130.364990 
17.013062 301.646210 
220.560303 523.243225 
342.924103 377.923889 
527.800842 483.981384 
128.532730 240.113754 
365.940582 392.783508 
223.022003 450.549622 
230.697189 514.397217 
515.636536 443.937836 
358.891479 339.515625 
306.797028 465.569702 
101.245827 210.607254 
240.898544 537.631836 
461.400085 394.674469 
247.818497 210.981430 
30.650023 418.325012 
213.366150 299.290741 
19.336361 175.032379 
462.590973 418.819366 
258.868774 299.652710 
102.711868 360.394562 
282.524933 313.263397 
235.769333 490.834259 
320.632294 356.100433 
90.255463 464.430695 
96.270233 474.121124 
297.524414 328.377594 
508.530304 177.352417 
421.757690 383.171143 
53.317657 580.424622 
104.755539 286.930725 
44.991867 217.005463 
526.167786 161.759003 
478.906769 429.644379 
206.446350 444.607117 
493.139526 412.717041 
114.658043 250.797241 
355.350037 387.161163 
217.007202 389.068237 
324.337524 341.877808 
190.707626 365.415039 
576.439392 579.761475 
470.506348 292.788086 
230.838303 473.661285 
513.153320 461.267548 
202.058075 374.036285 
99.538040 171.349365 
38.139545 225.681381 
173.496704 508.607025 
35.914368 340.856049 
211.258636 340.996246 
399.906647 365.614380 
244.194366 297.809601 
75.181656 245.603882 
463.867371 432.737854 
468.479004 412.546753 
236.889832 530.528137 
515.366333 144.410736 
413.658051 373.641266 
145.392197 177.427322 
111.665771 475.309998 
60.522816 184.266678 
559.931519 436.759918 
243.445694 399.776154 
248.006195 496.359070 
157.293106 289.560455 
75.595909 173.867081 
277.318207 491.945862 
254.527634 505.617523 
496.096252 443.663147 
118.762253 290.134125 
16.630060 157.801514 
303.824341 315.356720 
534.972961 138.540375 
67.700439 522.312683 
498.270660 511.032654 
235.572952 444.903381 
367.948914 394.615662 
120.861084 177.557968 
511.089966 405.027405 
516.837341 463.518463 
86.657272 426.929504 
39.901253 181.223984 
386.010315 355.004333 
93.680420 264.163208 
199.267136 412.954681 
291.066528 430.863647 
463.312744 476.268585 
362.900208 234.540985 
107.021660 278.866241 
239.962128 383.435883 
17.198463 503.073822 
129.952240 190.384491 
121.081177 103.870308 
233.396103 68.118095 
108.457016 530.089600 
244.807098 405.976593 
247.285889 534.914795 
268.510895 377.346802 
345.231537 528.578552 
121.507530 496.152710 
479.203369 416.662811 
253.765717 439.378845 
151.622803 82.467766 
492.602783 496.299896 
271.176514 408.132507 
301.052124 344.178192 
145.619705 305.307281 
86.401276 191.389206 
140.896744 492.858551 
266.527863 475.921906 
191.468155 448.013397 
181.337891 75.078773 
83.075012 472.516174 
336.281433 317.528748 
121.222870 229.120178 
18.564415 197.950027 
517.089417 424.971191 
252.219131 33.272064 
382.042328 345.492981 
36.573746 114.813362 
287.169434 446.711304 
19.236767 302.590637 
216.084915 364.564880 
137.794388 98.396530 
59.960953 223.666428 
289.225281 388.259277 
295.075836 481.207336 
72.772614 541.696228 
258.588562 442.807495 
471.258087 444.560455 
208.120514 299.100403 
237.720871 442.694061 
544.280273 515.977295 
236.085648 421.709839 
17.264179 552.172180 
252.502487 294.907898 
387.093353 386.672638 
114.154968 476.140228 
242.409302 456.191284 
248.733597 413.579407 
529.338867 444.285248 
426.403351 75.999016 
267.314758 335.602325 
449.168701 237.470001 
268.623718 497.177460 
263.877930 497.150116 
65.351372 207.685303 
492.569397 527.308472 
270.923309 452.027466 
278.264160 415.564453 
87.938660 240.525970 
269.504456 433.001404 
113.328033 248.877289 
51.893303 327.000610 
190.764709 394.800018 
532.544189 136.025742 
317.389008 340.158997 
338.385620 371.122314 
281.583466 327.018951 
120.586128 191.170044 
510.036163 512.893982 
200.877045 428.389893 
223.394226 528.380798 
17.748899 316.998230 
138.301987 464.611755 
428.356079 427.781799 
210.672058 513.504395 
54.983238 193.313400 
499.816101 239.058655 
294.538330 428.352997 
76.555412 498.707550 
533.347473 209.862915 
361.245972 344.744415 
154.821274 450.401428 
107.679535 194.151199 
300.435608 397.318481 
446.411987 474.034088 
224.172470 213.011124 
17.364283 392.060822 
524.356934 430.250732 
101.630806 359.531067 
249.371048 455.577484 
294.075562 567.260437 
288.928314 319.466461 
232.234528 373.919708 
155.188156 94.275246 
320.493011 335.365967 
264.408020 394.056641 
555.681396 428.993011 
196.295074 457.468536 
244.366028 520.188599 
50.746326 434.383148 
121.155022 240.602646 
199.529053 396.586609 
207.797516 494.164856 
65.237961 469.287018 
17.045925 345.043671 
27.810799 399.487854 
193.403427 370.921478 
137.798859 232.218414 
34.126717 220.586548 
437.035034 422.678040 
58.278042 237.179398 
286.875488 430.939484 
299.188293 397.381348 
21.634159 17.705467 
473.581848 533.211975 
261.939758 72.219391 
392.397003 368.766815 
234.469406 317.060303 
17.142092 446.804810 
18.106163 545.188965 
43.542130 177.942291 
55.586346 175.431381 
218.294861 347.108459 
63.870975 351.844086 
296.255646 332.676392 
530.105164 507.301514 
397.199646 411.625031 
231.581711 309.937775 
521.325439 177.438202 
192.071136 445.758911 
258.631805 387.145447 
542.031189 543.866211 
225.663925 501.605042 
227.515381 63.861759 
43.272358 439.108276 
113.331688 331.121948 
451.131897 376.603760 
429.207947 376.309784 
192.858063 418.167969 
71.080406 400.604218 
246.467117 484.419128 
344.644470 419.523987 
124.330315 295.214844 
564.378967 569.748047 
205.457062 525.570923 
70.016823 463.291168 
31.929903 164.876160 
433.766479 431.240112 
212.890335 406.855316 
217.909958 491.571075 
156.783707 436.432098 
529.330322 267.648102 
208.841370 245.799652 
239.114899 358.891357 
232.911011 550.183899 
18.362022 392.205627 
311.393738 402.216858 
98.759048 271.140594 
211.170914 436.630585 
206.989365 452.771240 
451.580444 394.884918 
78.823029 180.025436 
266.998535 205.015625 
209.164871 401.039124 
84.558403 528.302979 
260.133820 331.895844 
545.175720 478.039764 
286.940186 349.257416 
47.061436 427.167633 
411.185760 383.924866 
132.721420 579.533203 
191.797134 520.162415 
83.226791 256.002106 
419.343445 403.843140 
421.802002 462.447693 
104.706779 513.075745 
57.011288 447.341492 
446.970337 64.114250 
200.910416 509.104797 
209.062485 385.788818 
330.964386 342.626801 
117.026871 187.124176 
68.617859 410.405426 
321.628754 362.245728 
141.706406 194.399368 
131.043854 249.750732 
28.222584 199.968353 
52.574402 228.241226 
222.426788 432.989014 
229.742065 506.164246 
19.989693 437.331909 
358.516693 367.976166 
311.230927 397.545532 
168.643417 569.188293 
94.715889 358.593048 
369.176727 355.521606 
462.122833 399.703278 
419.732117 262.994263 
87.561638 425.456421 
97.504883 493.757568 
432.852509 81.882042 
334.480896 490.455475 
480.873596 413.067291 
148.648117 166.640228 
27.194628 488.627686 
421.694916 423.987091 
102.329002 480.611389 
524.534058 143.075897 
205.946411 419.130859 
272.219604 310.757568 
117.373337 281.094666 
133.901031 299.304840 
539.287781 103.560265 
264.561829 579.111145 
220.343582 406.424438 
498.271393 455.313538 
398.595154 66.394997 
191.231888 343.709778 
52.648590 238.663757 
392.594177 62.132092 
222.127380 380.011444 
513.782715 463.531555 
309.124878 439.915039 
131.561707 259.220184 
192.746445 168.325775 
66.697784 239.716293 
211.479538 368.499573 
72.744904 258.863403 
466.372375 442.906281 
238.842560 511.738525 
99.343590 498.416260 
250.763550 71.862724 
251.440826 499.915863 
420.840179 359.089844 
157.434433 181.599457 
32.458801 175.283508 
568.036011 438.631134 
475.287018 455.902405 
254.247101 478.833679 
209.948929 472.771484 
137.122009 181.767197 
271.544830 377.251923 
147.389267 221.183472 
221.002975 457.801056 
499.839172 446.629974 
504.649689 401.969940 
191.657043 290.699341 
126.665237 215.001160 
82.893707 388.179718 
228.526642 444.669159 
20.119333 377.528625 
516.418518 456.854828 
252.250793 70.802078 
88.897728 473.563385 
40.546513 199.246155 
385.620026 376.619385 
275.787231 60.344738 
61.745758 229.448746 
29.730885 422.833710 
246.522812 253.804657 
92.871361 251.845184 
429.020142 519.559082 
238.230652 505.697601 
398.890411 194.769180 
242.805603 321.687744 
72.542892 216.495056 
471.914825 386.838715 
48.965927 171.961517 
108.256157 240.108917 
70.076973 367.725861 
408.958191 353.483826 
256.272034 330.540100 
96.236534 457.466095 
110.911736 500.911743 
241.570343 421.492371 
444.776886 371.370880 
347.231415 535.980957 
122.283516 514.802368 
475.586212 397.410248 
497.628479 464.508636 
271.366302 417.858215 
16.916874 185.162415 
303.285522 336.736206 
44.636127 491.374268 
489.570618 435.274902 
118.264793 198.226135 
108.179550 190.467331 
503.454285 486.483673 
504.196716 454.350922 
191.454697 428.495728 
284.841339 490.382050 
24.057737 172.474792 
157.202042 187.014282 
390.003998 170.048126 
232.470520 383.462524 
510.027863 526.335144 
198.770477 298.074463 
87.022652 499.919250 
39.473602 160.364090 
329.818970 365.108582 
64.784538 547.265076 
91.846680 196.183777 
215.863602 262.067566 
70.800507 230.325882 
291.642334 455.936401 
26.261312 579.294617 
471.672516 463.855194 
208.410858 289.177917 
102.501915 256.716705 
238.313110 403.700439 
16.849922 522.434814 
488.935547 70.874741 
116.189301 505.369507 
452.318146 534.708252 
248.123947 417.117157 
531.666809 416.917328 
391.448395 382.938202 
289.270782 331.478760 
120.800354 567.045593 
518.761230 87.622604 
253.515274 463.415253 
263.617218 475.522034 
276.939941 409.073547 
85.055328 258.512604 
264.843842 455.914917 
482.349609 63.147209 
498.604767 530.221191 
509.319702 509.656372 
19.262672 488.424805 
53.164742 399.239746 
336.279449 338.550110 
124.617691 206.362106 
22.287315 265.474243 
16.818581 282.993530 
198.709366 457.523102 
210.354294 428.435822 
326.671417 347.700256 
573.930969 437.245544 
350.686981 373.689484 
134.312454 267.648651 
30.548420 280.720825 
380.345825 202.250320 
59.350441 198.208939 
191.561066 161.644531 
75.929558 521.781921 
361.260864 360.586670 
434.350464 365.947968 
223.571259 196.025452 
523.359985 413.821625 
88.782227 578.958557 
375.502258 349.248169 
217.725723 309.339050 
20.038376 448.248291 
264.568512 307.342346 
122.031631 527.914917 
73.085785 65.518440 
479.622498 293.236755 
254.994339 424.196503 
261.718414 471.684357 
441.849609 64.566040 
270.357849 479.793762 
403.087067 412.890350 
265.601013 410.728851 
109.037552 273.123627 
537.661804 167.446182 
141.782883 209.438171 
81.753044 366.752319 
279.657806 305.813446 
120.043472 260.471252 
18.119514 114.213203 
519.045898 522.504944 
200.123734 402.420074 
85.998840 538.255432 
61.193035 440.702332 
67.859428 502.765320 
193.123383 337.860748 
91.469894 180.066437 
378.207611 339.423645 
413.323242 392.593414 
105.825783 200.803101 
346.543762 204.885574 
508.223602 404.215881 
77.334839 474.442444 
530.111877 228.717712 
207.718124 372.838623 
157.248840 439.450897 
235.458954 297.059998 
71.102036 253.176056 
101.211258 285.614960 
33.103855 387.607178 
404.249725 360.001190 
251.169479 428.601898 
533.607117 475.932892 
54.781509 100.007759 
396.254639 380.617920 
121.777275 580.282288 
128.348648 484.669037 
261.045227 419.732941 
277.249847 448.701477 
71.122375 183.370804 
258.108002 499.930206 
304.209412 70.345642 
47.192665 422.389648 
488.667053 298.879395 
268.074768 445.278442 
44.702007 118.085274 
193.942429 389.309265 
530.299561 163.419373 
52.183750 456.111877 
59.587360 411.133575 
237.501160 77.590454 
18.827995 111.746704 
308.635193 317.314148 
209.182968 521.633240 
386.454498 157.898773 
114.962311 179.564529 
16.893534 366.633270 
195.742996 298.439606 
137.559525 206.115036 
17.049377 436.320557 
221.001266 507.670441 
28.975643 356.537323 
53.565647 341.206696 
441.432434 435.682281 
49.736076 100.778816 
17.065931 473.726196 
18.991590 422.478180 
409.467072 182.989517 
97.106163 242.205917 
40.781162 345.309875 
246.496643 303.496765 
532.600769 533.453308 
538.868347 432.541901 
313.545227 401.939453 
210.293549 74.854820 
288.630829 204.548767 
76.839806 363.027069 
205.755753 94.833626 
549.495728 425.917480 
282.852234 334.376129 
409.691284 398.589172 
95.770607 481.152374 
88.243935 353.063751 
331.203156 428.114136 
110.090897 357.761230 
556.490417 556.498962 
81.806084 214.995331 
416.183472 387.687225 
424.025757 461.919586 
55.441307 451.165009 
174.898819 61.973183 
23.360092 153.388779 
309.984680 357.876190 
48.397846 487.555328 
31.065401 357.898560 
119.036964 220.393005 
29.641333 154.677124 
180.616623 580.472473 
34.636337 95.169846 
322.993378 368.622559 
217.226379 561.679443 
525.883911 478.629547 
73.344658 391.311401 
28.111607 217.438278 
53.525787 202.046646 
446.469421 394.754059 
233.635300 522.561890 
18.761841 465.343201 
354.144897 209.486389 
98.171997 200.217453 
386.983704 239.595520 
298.822510 318.312714 
100.171333 310.309021 
457.154938 429.495514 
32.044804 455.204895 
371.749298 336.369354 
215.197968 308.931915 
69.920563 389.071136 
262.513794 307.017029 
38.435875 381.352356 
16.740448 574.254517 
93.542984 426.754608 
489.442993 210.640747 
333.575439 470.593658 
245.391388 475.943268 
107.319115 491.578522 
45.548054 212.749512 
523.295959 121.398605 
310.443451 350.698364 
208.351852 410.749054 
216.520676 255.532700 
17.493584 260.028961 
27.367161 381.362732 
534.879395 137.805054 
212.571884 470.635010 
218.028488 420.883026 
399.847015 65.242950 
128.684052 275.856201 
24.481894 272.168457 
361.212158 385.990601 
226.137161 461.140869 
232.812042 483.254028 
524.215088 194.205658 
355.238373 346.271088 
99.202881 157.996918 
348.802673 349.131195 
429.122925 268.187988 
320.317230 459.688629 
74.031708 277.487701 
465.004486 423.319580 
197.900726 431.261871 
260.858887 303.351929 
441.153137 278.104004 
284.422241 319.062378 
234.924957 493.562988 
491.764252 185.129135 
119.968620 407.072449 
294.762604 306.290039 
526.975464 164.640930 
207.834320 442.512543 
274.078918 330.942200 
115.641609 252.019730 
401.376801 255.026886 
147.441528 187.364090 
535.126892 179.129730 
221.071167 378.572388 
502.701111 427.070801 
507.875916 417.404297 
190.548096 366.495361 
579.289124 572.650391 
431.081512 367.412842 
224.240448 404.558167 
228.298386 462.544006 
19.776878 357.471100 
200.676849 357.584259 
41.492416 193.305664 
385.312531 345.735992 
29.036081 114.610001 
62.916580 203.019226 
246.132538 260.209991 
535.455078 200.641907 
211.172943 342.838409 
56.070015 313.377747 
53.567650 355.844452 
240.346725 290.685150 
72.610634 234.268921 
471.565002 405.841309 
492.342957 70.909363 
234.321548 534.865479 
144.464020 171.856781 
383.178253 378.795746 
109.653107 492.055756 
62.528328 178.692108 
240.202942 390.863800 
247.437042 474.469910 
78.348503 337.712524 
17.248661 341.006714 
255.298523 510.177155 
493.942139 456.882782 
17.924545 152.900574 
456.848846 377.878113 
300.865417 306.537537 
145.211136 245.313354 
490.755920 440.991272 
267.118195 511.206238 
217.813049 436.250122 
502.462769 519.479675 
506.729126 470.420471 
81.718338 413.715240 
316.561859 321.051971 
51.332836 508.994019 
234.351654 258.441040 
228.718124 421.687378 
514.004639 408.089844 
374.480591 373.915863 
307.119324 557.065063 
433.176147 394.818115 
39.654560 175.729965 
65.605309 577.876953 
326.986755 191.856400 
64.265366 543.705750 
515.875488 452.275787 
133.894516 161.917282 
427.027313 541.396667 
381.457214 239.793472 
355.257507 327.327850 
474.046814 63.137268 
471.428894 456.349670 
204.883820 67.076996 
106.905060 262.714783 
200.733841 489.140259 
237.143768 388.700562 
96.551239 176.165039 
510.721802 99.347321 
89.060760 182.140823 
111.642120 522.058350 
169.412155 580.477905 
366.823151 176.879669 
265.242767 371.928223 
391.855347 408.433716 
292.079285 351.496307 
124.102165 487.891327 
252.598709 458.166077 
260.043915 508.884338 
65.543533 188.374054 
272.326111 443.596558 
118.718170 341.652222 
305.157043 360.012939 
45.477455 514.891846 
265.554321 473.777222 
165.129654 48.896065 
102.464417 170.347626 
507.404266 431.371338 
190.865295 451.033997 
131.119949 303.796906 
157.051727 210.951004 
59.748409 499.830048 
123.153091 226.210831 
526.165894 323.718445 
86.584938 479.887085 
285.510773 453.678436 
62.377434 479.062164 
349.739532 344.195618 
94.234703 218.177979 
426.218567 393.142792 
59.752960 231.805679 
396.596588 247.982605 
74.522049 539.976746 
66.060188 470.623047 
107.316071 233.296539 
497.520386 86.417511 
449.306458 536.969727 
236.891418 431.102234 
17.214357 549.825745 
256.750336 313.692535 
434.444214 217.187408 
374.134460 369.318054 
113.809364 577.623474 
454.302490 513.181702 
240.446335 450.471771 
248.895294 394.221497 
531.975647 440.219147 
429.949158 83.731194 
267.654663 325.554138 
224.716476 364.287842 
126.232079 541.052734 
207.193527 579.304504 
545.352966 451.329559 
439.360504 67.139824 
270.170258 459.593994 
280.257202 385.926971 
215.767761 413.408112 
86.233330 236.574234 
109.188385 268.779083 
554.679138 466.639709 
191.881714 398.199493 
142.723373 188.905182 
313.362274 331.880951 
339.417389 360.987122 
277.433258 319.694336 
121.510414 276.809967 
515.621033 518.318542 
84.097595 232.572098 
199.452362 436.763123 
139.528656 177.845932 
324.747101 318.408600 
61.073944 435.058044 
16.744827 306.513885 
29.484873 406.457458 
90.022285 166.680908 
31.274155 206.485291 
383.156311 225.027756 
214.596848 518.129089 
224.662766 295.961945 
499.184692 240.843933 
191.465240 184.416763 
77.119965 493.170532 
528.625061 202.238251 
415.672180 68.224030 
208.831772 342.823975 
105.324738 178.167236 
440.219421 400.806671 
236.408371 469.368561 
17.632961 408.700134 
523.261169 436.952118 
97.383308 304.403564 
432.762787 273.071136 
220.653198 286.387543 
114.224335 522.666443 
246.280685 456.207336 
529.346558 496.347717 
526.167297 268.276855 
289.473572 312.193298 
229.584015 367.457886 
126.961632 487.961334 
262.111267 446.283752 
230.198029 352.967285 
274.505188 500.425446 
280.094360 466.045471 
66.085838 164.189362 
16.973946 204.629196 
506.183563 538.518860 
527.165466 518.938171 
192.248917 453.330597 
68.787582 390.779266 
53.027302 429.020782 
355.209290 190.782562 
339.352631 417.141174 
125.462837 234.324295 
155.907333 163.516174 
19.633390 210.430832 
198.069992 380.553833 
205.910004 486.727051 
61.403870 467.359741 
16.545395 362.352356 
192.252304 361.266510 
135.489410 223.385040 
35.175255 154.586472 
383.662079 360.702728 
255.977188 575.165039 
401.205963 140.837234 
532.358032 254.388153 
473.705566 522.799927 
238.514954 322.140991 
16.725098 443.240509 
19.113300 403.925110 
253.976089 206.245743 
43.313789 184.297470 
37.530968 341.158691 
60.131966 346.084167 
454.162628 407.972473 
246.814423 308.587097 
532.524231 500.817474 
190.107773 580.107788 
58.006966 169.236969 
128.020706 504.246735 
41.997036 463.411469 
438.026978 370.437927 
275.713593 564.535095 
460.397705 208.448349 
409.226685 417.650879 
332.594727 410.598541 
113.018448 353.370575 
71.154297 517.543762 
197.220444 411.632965 
83.988907 192.590012 
417.492157 391.428070 
58.428352 388.957031 
67.586876 546.663513 
122.073814 288.327759 
479.273804 527.454773 
201.921204 540.881165 
208.831741 545.725464 
60.673126 423.494080 
17.727196 198.975266 
522.234863 544.422058 
33.513195 170.698318 
435.871765 468.425476 
321.893799 351.642639 
217.726898 480.557709 
529.801025 260.497162 
143.282089 247.466721 
48.855625 361.956512 
212.843369 487.136871 
239.692032 361.541809 
18.785831 397.214111 
410.127655 157.420364 
98.482185 265.249512 
39.402588 322.212830 
121.891495 160.846634 
534.034851 506.927185 
157.171997 325.396881 
77.790489 338.465271 
263.889526 336.111664 
148.603043 82.922806 
190.792343 174.346954 
244.106857 218.385834 
485.928497 419.191620 
240.933746 493.051392 
80.427635 235.009140 
54.542297 426.936188 
336.074249 477.497864 
309.496185 334.242706 
209.652786 381.923981 
330.644623 350.002838 
110.029984 173.163025 
114.493164 193.295227 
204.912003 350.629578 
34.089348 115.252823 
382.595795 64.386589 
214.479675 452.590790 
460.814758 380.960022 
152.628128 189.342682 
272.818451 486.773438 
93.169662 509.694855 
438.768799 393.322388 
51.445816 222.226532 
449.233704 418.083374 
226.407166 464.374878 
233.252472 503.858795 
512.394470 311.990631 
356.728394 374.838379 
99.175621 223.839417 
234.569458 467.560028 
64.526154 235.472656 
196.890884 158.734726 
366.110199 364.353546 
323.103882 462.571594 
467.093842 383.780121 
548.261353 539.174805 
283.175751 305.471863 
93.706192 452.895416 
85.227112 70.784996 
110.981895 434.509125 
294.834137 340.826508 
194.947449 519.096863 
206.784256 436.511993 
493.376923 399.092255 
271.075470 317.938263 
119.087326 235.588623 
510.586487 423.932129 
536.834106 108.970177 
491.233704 499.902924 
318.681244 315.904419 
220.051849 399.438568 
501.723999 457.487244 
191.894180 353.913269 
127.066093 199.097626 
224.947083 386.629883 
407.163239 354.929871 
20.388435 291.569031 
309.502625 444.847870 
98.878632 183.253662 
41.762138 213.855316 
388.087708 216.164001 
62.144802 193.496704 
16.936922 419.354218 
402.278595 129.479919 
192.960159 162.235779 
376.376526 399.287903 
215.603210 374.626617 
222.656891 370.720825 
291.152313 484.220032 
228.807617 198.307159 
75.163956 255.044815 
159.060959 578.162476 
111.961113 223.060913 
237.251709 521.801819 
99.677353 445.826996 
335.301514 539.573486 
406.319794 179.774033 
453.305695 221.344925 
421.519928 377.609497 
157.257843 176.346725 
393.029633 346.645752 
474.640991 459.439667 
254.433060 494.906097 
209.593460 465.559418 
494.211609 430.864838 
571.298706 571.864868 
482.869568 424.299896 
217.074615 453.517181 
502.904877 498.223297 
130.324631 216.995193 
24.965893 113.848877 
229.727951 440.928711 
18.295780 330.667847 
464.392151 208.501587 
199.430603 335.913971 
101.188568 95.648506 
39.157333 169.346939 
388.538239 371.145386 
241.128632 523.897156 
64.173416 227.688080 
395.372162 133.679459 
92.732841 252.633820 
399.899078 186.874313 
242.122879 314.870605 
182.454544 465.635437 
464.237152 488.427094 
208.001648 63.154518 
107.945366 288.167511 
226.194901 311.955017 
17.290421 489.141296 
18.312685 261.937866 
381.995209 402.537140 
405.172882 379.796143 
240.155502 414.402710 
138.950958 58.332867 
78.714607 363.783234 
42.098759 195.786438 
478.033813 403.638397 
257.331299 431.338135 
98.204521 580.457153 
271.383606 421.108459 
16.551876 175.560165 
304.011841 333.337219 
86.887856 222.122375 
253.743164 577.060364 
166.992691 82.192001 
498.709717 496.640747 
26.483763 193.978516 
191.833176 437.410339 
28.736080 167.452225 
157.473038 204.320770 
515.768860 529.437195 
517.806030 409.670441 
199.463715 300.203674 
42.031521 199.023956 
38.737713 154.740128 
375.342621 434.254791 
325.186127 354.574951 
62.382832 567.783508 
204.132675 457.775665 
90.393066 201.259735 
503.258789 229.358948 
93.025597 229.885056 
464.500397 508.671997 
143.703415 227.882980 
107.805740 239.711014 
236.868484 413.456238 
17.377455 542.832214 
138.388489 180.013245 
47.980629 436.647095 
87.236816 158.012650 
490.121246 76.035950 
373.526917 364.757263 
217.861526 56.190067 
65.019257 62.893066 
245.116699 471.158417 
248.067184 425.475616 
26.358061 481.288910 
427.387451 60.825584 
390.197388 388.376251 
516.417969 78.441986 
255.718872 384.598755 
262.509430 482.876709 
241.821930 413.808380 
135.867157 525.523438 
212.210114 573.929199 
112.686729 238.920227 
324.263428 461.237885 
184.615097 43.305687 
530.566711 98.774063 
315.647980 352.629700 
53.374599 392.829926 
337.435577 330.079834 
278.009735 316.511627 
122.432816 198.405548 
18.010597 274.617554 
203.471741 439.334259 
43.666527 240.519028 
120.940048 167.961380 
285.585846 383.817291 
570.746460 439.678864 
350.249603 370.766296 
43.180664 188.325974 
215.971786 500.731873 
55.035900 206.616257 
299.724579 439.803864 
76.062012 513.732117 
362.654541 357.505310 
209.498291 341.677246 
105.771255 205.118546 
441.029480 402.654022 
391.620697 240.287277 
67.773857 268.012573 
525.696838 414.008209 
408.043854 258.940552 
127.296112 227.237747 
376.682648 342.864197 
216.567291 301.106140 
250.914261 465.080688 
265.882080 303.693695 
214.626144 283.666473 
474.971771 294.332489 
256.742218 416.314301 
263.998932 430.966034 
273.336792 485.619537 
349.031067 437.590424 
67.498222 577.161316 
404.103394 414.289642 
264.481171 406.209900 
59.016628 241.499466 
190.679443 421.490814 
529.223999 152.017670 
470.962891 65.078346 
53.207577 444.887299 
122.980453 255.744797 
131.241898 297.284149 
261.799652 460.950745 
208.548950 480.298553 
282.905212 423.897095 
350.896271 327.894135 
195.729736 335.635315 
132.213211 220.155045 
437.603241 387.372345 
215.020248 492.747437 
72.467033 472.707275 
207.870270 367.980255 
157.204269 457.657104 
439.980621 469.653198 
236.036087 301.132233 
71.025101 211.629486 
412.608765 122.818344 
44.874836 167.405258 
36.011982 356.602966 
219.421021 359.945038 
87.480125 194.103119 
406.868347 369.490112 
250.052048 437.345917 
531.485474 517.600098 
96.887680 507.259521 
399.593750 396.563873 
179.997330 507.567200 
521.803040 162.474609 
414.858582 356.253937 
152.496979 172.062164 
287.763947 561.086731 
281.657715 442.596069 
266.448364 315.635223 
406.388794 457.176544 
209.799881 189.133942 
85.281219 365.659576 
490.219910 300.664948 
216.373032 571.086731 
188.418655 561.516602 
197.469177 379.638702 
78.862999 198.944366 
105.827934 579.538147 
55.217136 394.792603 
96.778473 488.933197 
137.772507 169.664719 
117.159889 180.905655 
28.198120 157.878281 
192.774429 292.202545 
136.066681 202.078735 
71.698868 225.892471 
60.910374 245.579819 
522.948669 470.020264 
68.271912 439.234436 
156.869690 395.605225 
496.679688 197.688721 
395.780273 348.863190 
17.006277 462.277771 
20.212234 378.049225 
354.758148 218.688797 
101.402336 239.173538 
372.224518 235.371643 
454.706116 378.353821 
538.641357 510.249664 
483.060883 484.315704 
229.543777 304.505341 
73.747131 357.963501 
259.428131 369.836884 
38.845753 442.650330 
226.960815 70.075333 
212.420166 381.952606 
119.385162 263.371460 
91.292915 491.914337 
84.801277 346.667664 
334.259644 434.920715 
192.418259 529.872070 
79.552223 219.252182 
415.934662 419.778870 
104.091606 524.569824 
55.166096 460.983307 
445.221863 50.167080 
46.068604 208.067261 
19.115864 160.145187 
464.050140 34.472458 
200.693680 521.276917 
247.039459 327.730438 
331.719635 335.535156 
119.664360 223.964203 
69.097305 444.865143 
25.646294 386.827667 
95.103432 81.109734 
23.256115 162.405807 
211.709244 385.946838 
284.293060 443.676575 
72.317467 388.561096 
51.065590 192.230835 
449.547394 411.139282 
222.013870 447.903320 
233.401169 540.265930 
19.784279 469.946594 
357.335419 355.333710 
99.565788 192.506409 
221.063004 271.619263 
406.547607 258.706940 
149.292221 578.944336 
484.556641 67.720627 
368.086426 370.288757 
194.330231 433.157440 
260.059814 314.120789 
41.660885 396.968414 
327.690369 410.360718 
512.252197 76.035324 
92.976181 436.764069 
335.802155 479.611633 
559.285645 555.846680 
299.178558 346.790161 
142.766647 340.710602 
81.690758 259.996124 
105.089935 496.720703 
305.110901 464.719208 
447.102020 80.394203 
347.969940 439.100647 
524.730957 129.625870 
207.448441 404.769989 
332.041107 372.368103 
270.356232 321.277039 
114.964546 265.032471 
16.643414 278.997375 
456.100128 71.307724 
483.730530 433.354034 
490.804047 532.121033 
321.261261 322.757355 
217.488495 418.515472 
346.169708 361.190216 
190.569412 333.269653 
129.990067 279.086761 
25.434746 268.971619 
360.280151 383.684601 
122.126488 266.886078 
49.881512 247.768799 
276.969177 500.289154 
339.627197 187.775101 
228.555527 474.663239 
18.367977 321.432098 
357.646423 353.860352 
385.765320 187.436096 
403.597290 257.878204 
194.479904 182.386932 
428.112976 271.662476 
215.188095 356.630493 
174.471436 466.762543 
285.727875 327.214325 
236.916473 498.387146 
100.327248 512.027466 
295.636108 315.997711 
17.295898 535.227966 
420.432220 392.960938 
156.492081 169.483948 
68.580765 545.054688 
120.676826 172.268417 
494.364258 424.295288 
272.946014 337.889008 
17.094147 115.003830 
484.653351 392.421997 
141.702026 484.416748 
219.526077 468.175720 
190.563065 374.048828 
93.268250 175.641327 
496.089966 309.529572 
223.013428 413.256378 
81.175362 191.159897 
18.280682 364.974060 
374.052490 354.989807 
199.939514 365.262665 
86.672546 457.889587 
37.087753 188.732208 
387.240540 341.989838 
64.084595 219.107285 
511.113861 472.530945 
248.467972 267.300751 
92.386406 239.242889 
369.352539 237.410645 
322.626160 409.185913 
76.369736 233.923462 
467.921661 472.451019 
472.531403 422.983093 
50.357697 181.855865 
239.922760 543.178223 
21.215082 579.946289 
311.272034 361.383911 
99.761147 470.765167 
383.557404 388.412842 
297.496399 423.202881 
112.935440 489.085083 
240.032135 388.755951 
537.058594 444.447449 
263.765289 421.567474 
74.229706 157.535110 
478.708588 389.198944 
275.523590 379.756989 
16.977491 171.849136 
300.160950 326.699463 
89.628151 217.950089 
265.735657 504.411438 
216.620010 430.615784 
