544.457642 135.752914 
80.764587 438.157471 
573.748291 534.784424 
141.637924 550.353088 
86.736946 443.376160 
545.800659 77.143730 
333.652557 472.157898 
20.020149 394.843323 
411.438110 165.617813 
311.393738 402.216858 
262.636810 200.830368 
17.385910 515.890259 
497.698059 363.989441 
520.347595 135.596207 
414.153687 316.931519 
39.214619 402.653992 
251.184067 527.560547 
326.959503 462.889221 
59.248817 577.318787 
95.768036 501.072632 
113.478302 388.270142 
553.019653 536.896545 
558.755737 526.078247 
118.383904 347.789490 
57.011288 447.341492 
447.781952 64.799881 
106.423927 489.995239 
353.625427 422.228638 
57.841629 505.658844 
145.071640 543.374756 
18.505211 204.141693 
497.575470 442.530426 
151.193954 532.382507 
142.999069 435.353333 
18.947582 435.344635 
307.569824 399.156891 
154.183624 399.035248 
91.246544 355.821655 
17.401146 565.802856 
569.388062 129.832932 
183.587601 530.176697 
550.902588 531.859741 
574.644409 163.418854 
99.690453 494.699646 
435.487671 79.214127 
331.999207 490.154846 
438.993439 77.276199 
277.807861 383.930908 
17.072029 61.991821 
135.687576 503.479095 
21.135836 70.816383 
17.293869 260.420929 
402.584442 579.743652 
558.756897 145.321487 
147.399582 549.685303 
535.403870 103.510864 
83.216728 454.799774 
540.009705 158.843842 
531.125183 377.474213 
17.570213 324.479370 
380.579559 233.207840 
321.989655 271.255188 
235.280182 285.853577 
17.573605 407.573547 
67.224991 453.435059 
52.517803 118.138107 
568.388123 147.556503 
96.784370 501.380859 
179.492020 515.816711 
518.029663 17.907066 
80.321365 411.560822 
92.820755 526.352600 
18.367577 64.886993 
27.186720 271.825287 
192.110992 401.867035 
273.088562 376.698761 
468.851288 136.336288 
51.943493 468.305511 
338.344513 413.186890 
21.394272 98.719154 
216.730927 457.954437 
504.567749 401.306549 
332.375824 275.234619 
24.633562 114.236328 
403.686829 70.398773 
17.950411 359.272797 
157.398361 253.476120 
438.804993 580.028992 
233.588928 445.754272 
18.847347 377.953674 
137.387207 531.119507 
295.154541 388.745941 
17.944807 460.686249 
18.158028 412.780884 
293.521912 449.296631 
459.623444 480.470947 
529.895203 544.059204 
175.925964 528.598877 
110.911736 500.911743 
36.620529 435.434937 
122.225456 512.225464 
557.718933 568.688965 
567.452881 532.322144 
470.912445 346.306732 
84.440758 503.169250 
542.061829 85.520309 
134.283539 579.240234 
505.505127 364.806122 
403.648621 156.208847 
305.833344 450.345520 
537.202332 543.276794 
25.273319 112.517166 
326.206482 490.979492 
224.792679 274.355316 
17.160057 523.001343 
512.449890 119.472801 
257.173065 293.585419 
231.013702 279.471527 
363.092712 176.050537 
463.191650 541.878662 
328.747955 428.229401 
430.876556 55.402351 
552.847290 524.594055 
480.823761 353.125763 
359.767853 497.155090 
449.397369 74.514359 
450.891937 78.822380 
19.262672 488.424805 
323.689331 117.416367 
530.384399 107.242462 
368.275818 432.433044 
78.812965 464.118713 
59.299118 497.994873 
145.552338 528.554688 
22.222017 265.493530 
540.194641 18.874588 
16.993748 286.989685 
355.853577 485.826294 
33.231647 281.896088 
436.400085 530.300903 
20.038376 448.248291 
545.614441 186.988571 
576.073181 401.948059 
418.029358 43.840092 
561.248047 125.640457 
30.802197 388.587708 
17.293594 386.822327 
18.989410 483.628052 
499.234192 61.910870 
84.342491 579.791199 
167.790512 468.760010 
262.904327 293.689392 
107.125839 358.065308 
485.845245 153.010010 
476.433838 56.282738 
579.123962 181.493301 
442.279053 62.773209 
79.088211 283.169739 
482.174194 356.076355 
398.053467 579.281128 
503.442200 436.462128 
231.773575 355.160095 
79.654297 538.777649 
17.518631 110.512505 
157.023727 371.664124 
127.280121 550.243347 
449.436584 143.947083 
537.640991 90.238884 
264.303406 566.415466 
500.278717 467.393799 
191.721390 359.058289 
67.702591 503.945709 
194.992035 337.811523 
238.821884 262.717957 
552.211060 181.122131 
73.740166 478.899902 
246.583145 272.296875 
17.689045 417.907379 
20.130527 524.590088 
51.481705 154.947571 
122.402496 577.602600 
575.864990 405.519897 
572.157776 65.027084 
339.519104 579.725525 
47.977375 424.712585 
122.558289 449.066772 
439.379944 163.302414 
575.048462 579.796448 
432.001526 577.564880 
18.643919 113.579720 
517.847168 480.316528 
421.381653 179.676331 
16.646711 371.606689 
139.196030 529.196045 
521.181213 473.301208 
198.171494 336.952911 
385.178986 362.337982 
50.110199 337.827087 
17.530262 470.787415 
20.138748 424.966492 
297.906494 530.980286 
578.104858 327.501007 
333.640411 113.934357 
315.971313 401.903992 
178.794052 568.794067 
580.067627 240.632324 
519.697876 150.525238 
119.798798 431.757385 
425.239807 327.744415 
93.809921 483.322144 
36.341377 84.708298 
174.479263 579.429932 
579.632874 17.432449 
109.152916 357.171295 
41.662979 580.281189 
57.726540 450.096191 
19.863930 153.431976 
252.545776 578.574097 
533.885864 86.330101 
157.381378 198.510803 
184.392502 578.450500 
564.911987 577.421448 
221.274353 562.247742 
578.114929 515.681458 
364.949524 428.740631 
150.021912 537.224731 
427.415649 381.730804 
18.761841 465.343201 
257.425293 204.382721 
291.800018 391.759918 
298.063416 474.222595 
218.513321 276.341309 
68.338470 327.712799 
18.324291 502.157532 
580.285950 199.272949 
364.536438 164.313171 
504.980072 87.378632 
245.110931 467.097443 
325.480042 438.974762 
312.437347 432.112823 
16.568214 571.884583 
95.307556 430.797638 
19.571121 519.849304 
580.180908 21.850740 
443.099945 78.013176 
403.702789 524.036621 
211.276779 576.928894 
191.458206 389.795044 
73.492264 579.954773 
80.299026 481.720337 
367.068573 473.911621 
457.541473 76.437012 
550.564636 526.462708 
431.850708 577.697205 
519.051270 554.556885 
398.188232 62.136940 
286.266876 387.441864 
16.752361 299.704956 
19.840969 357.734650 
234.140701 228.731689 
304.756531 518.843445 
554.610962 18.893867 
299.397949 445.406250 
556.258484 171.526398 
222.527008 229.337631 
17.795841 399.419250 
322.811249 456.083008 
240.405014 277.819336 
258.497681 300.637329 
580.412231 535.332764 
269.550842 299.706085 
332.596466 566.611450 
91.338272 472.694550 
378.237274 437.559692 
579.927124 172.438339 
299.428284 436.240692 
259.475098 436.802917 
244.358917 533.626770 
187.166199 526.998840 
530.026367 149.950027 
401.404419 533.153076 
278.802032 303.394165 
191.526108 369.877350 
577.285889 570.913696 
530.682251 17.937523 
60.000000 450.000000 
317.794678 265.336853 
577.840820 148.918930 
239.591568 273.666107 
20.179096 115.016380 
308.178497 515.942688 
523.890564 466.725952 
77.858963 465.389893 
489.013885 475.568909 
247.366058 261.904327 
16.650055 429.389648 
568.909851 160.852234 
302.829437 394.798431 
245.466476 291.926361 
171.873444 466.736786 
143.448990 571.397705 
573.746582 133.128342 
19.165230 573.717590 
175.970520 539.072021 
579.640930 127.873978 
543.008057 525.721252 
86.107941 355.952362 
18.130905 506.960175 
16.662998 339.493195 
191.692596 564.649109 
16.846382 152.739685 
538.547241 147.541382 
548.549194 175.662125 
90.286591 576.996277 
509.865570 468.562012 
26.794624 95.112022 
573.490234 529.453003 
577.703613 517.705139 
20.075565 350.580139 
182.455154 567.182739 
449.833496 340.497986 
156.269226 411.840240 
228.989746 556.414307 
18.036253 387.807068 
305.494873 448.792572 
293.114990 468.864349 
530.143372 19.108475 
302.750336 318.799469 
247.251007 290.768005 
328.651611 484.636719 
483.235077 55.886410 
16.563818 517.621460 
76.388077 349.424042 
172.544785 577.505920 
259.772095 372.009094 
576.809387 405.061066 
225.292099 72.183998 
575.136963 19.599289 
265.345154 371.927734 
127.882309 517.882324 
320.769470 403.945770 
332.868225 482.016418 
194.752411 523.659729 
118.746117 341.717407 
319.540558 435.080170 
297.895813 393.825745 
35.449707 81.724693 
544.664429 16.980503 
375.173309 438.168579 
348.478394 345.284119 
577.774902 160.385239 
425.733917 57.013187 
20.064392 428.165894 
306.681915 395.252228 
334.702637 478.300323 
241.765900 205.970306 
61.927425 318.014099 
563.300171 130.068497 
524.524841 182.620102 
34.237232 395.812683 
315.614075 438.335968 
322.762573 427.984253 
580.050171 189.278046 
190.812973 347.308075 
327.361755 406.739105 
428.330658 79.228600 
575.798706 160.190903 
212.049088 166.128723 
577.206848 153.427139 
113.204201 423.457886 
252.378036 393.854004 
206.857788 578.151123 
441.105286 71.755035 
283.319397 133.835541 
281.065094 385.179138 
523.913574 136.701279 
519.964661 580.198364 
253.818542 523.586426 
16.696388 274.571747 
157.154129 361.194336 
58.306202 565.987610 
520.627991 567.305786 
503.822815 401.617981 
191.862335 336.347382 
16.502399 311.350281 
18.149643 328.944275 
191.764679 180.870224 
208.330933 342.705017 
50.063786 301.986084 
250.937775 205.898529 
17.009769 408.099609 
19.434631 553.421509 
179.527054 468.898102 
375.579987 232.496735 
48.457756 364.109222 
578.264404 109.852776 
162.185196 577.576538 
116.307404 416.488800 
428.451233 156.328690 
572.236633 43.500626 
278.356415 561.307617 
132.275436 486.099304 
18.110229 59.437382 
17.468948 577.571533 
25.755661 65.070374 
157.453522 298.778564 
337.498840 414.797546 
236.296570 59.201241 
219.524567 467.793549 
507.349976 406.970337 
16.890812 361.693390 
548.362488 151.191116 
18.245394 368.859253 
87.973137 451.226196 
244.169479 269.123627 
579.450012 522.357300 
185.644516 563.941345 
330.639069 466.236877 
17.880859 378.403351 
17.093002 438.470123 
18.557405 407.282379 
304.908997 407.804962 
476.411316 351.847137 
66.032639 456.222351 
366.009613 427.798035 
17.440182 490.353180 
576.816956 118.163254 
521.231689 145.917282 
115.863731 461.005859 
195.369812 519.487305 
191.964401 335.107635 
331.895660 411.742889 
112.965775 353.785431 
199.278061 577.104126 
24.963018 269.318726 
65.605309 577.876953 
512.717041 410.210052 
55.985073 386.577271 
512.981567 578.409058 
16.677567 315.346436 
361.753357 484.605896 
157.072815 192.349579 
232.593292 387.686951 
377.768036 468.598236 
193.004364 389.645264 
504.186951 367.464874 
156.185211 424.945618 
383.303711 246.945038 
18.018089 398.051361 
57.712486 344.265503 
452.379028 400.960938 
353.502563 170.135712 
327.688141 495.076813 
255.892090 368.245911 
231.020065 263.451508 
74.467583 338.257843 
518.213013 128.940964 
250.312546 531.779297 
329.192200 437.748169 
428.193024 49.052135 
370.635773 164.890747 
190.994247 378.593384 
519.633850 68.100876 
555.917664 528.512390 
559.165222 532.471863 
117.151588 349.857300 
337.784241 477.663452 
216.714798 356.260986 
111.154831 469.820770 
450.600098 76.811325 
168.539673 535.816956 
66.368896 419.510406 
356.120789 427.700043 
144.852890 534.852905 
18.040794 262.526184 
16.538727 288.921143 
157.432388 547.696106 
237.716995 213.338409 
19.360245 439.275421 
306.749817 451.644043 
173.137192 563.137207 
154.178741 380.564941 
17.814583 561.057373 
19.561668 479.102051 
184.219147 527.852173 
164.151443 466.636932 
508.443939 63.022640 
547.521790 538.321167 
485.440887 158.141617 
95.095284 454.229370 
99.179909 491.876099 
432.823059 75.618080 
579.023987 138.941971 
110.902985 435.918762 
438.932129 58.694370 
17.092461 57.917358 
132.504044 519.701294 
227.288696 256.165863 
29.936253 279.849487 
496.165009 397.547852 
274.612213 316.086975 
471.692383 51.487976 
358.787384 425.131439 
33.384140 87.123764 
190.503021 349.718079 
64.206551 449.620667 
192.248291 342.036560 
513.518738 473.570160 
311.922211 445.746979 
389.035370 218.744934 
78.864632 578.719116 
441.325745 173.808655 
580.384766 555.691711 
17.566761 424.609039 
18.263535 568.635437 
161.572662 580.210327 
79.407181 347.785492 
95.122696 533.991333 
347.511841 479.293793 
57.897995 402.046143 
20.293282 103.983971 
366.169983 178.751022 
78.113136 415.769348 
524.687866 576.814575 
536.437866 19.591385 
199.455597 335.746429 
85.287468 462.022705 
503.653748 403.853455 
18.282316 419.722382 
289.734497 442.627441 
181.021942 467.082031 
119.030952 579.315613 
330.876831 438.292053 
35.190849 501.010468 
66.562256 376.341125 
318.149872 450.657593 
386.439148 441.862305 
39.079014 431.390442 
194.692520 580.286804 
91.716492 478.742249 
546.446838 159.353821 
129.371674 460.570038 
119.012215 369.810974 
567.232483 524.180420 
18.952591 52.056351 
82.252960 437.946198 
17.789560 506.086243 
211.960983 568.801636 
217.271591 564.780396 
375.911102 436.922577 
365.979797 432.156647 
155.853836 556.281006 
155.923370 342.498810 
303.675018 469.473999 
342.387939 179.967041 
36.257454 283.873871 
244.186096 263.291168 
223.570038 276.731781 
16.595793 541.910522 
255.211136 286.352417 
229.925552 272.308960 
576.720215 209.498688 
152.044708 578.036499 
324.631317 449.439911 
429.720032 62.244766 
573.396851 141.151947 
579.194580 25.678520 
108.541962 390.151306 
251.638840 578.397583 
92.512459 465.457764 
133.539169 523.539185 
214.654648 571.308472 
542.690186 578.565613 
81.975769 479.090393 
423.323181 579.963440 
184.450912 574.450928 
30.927378 58.628166 
513.363708 476.168976 
523.724609 480.301392 
284.590363 383.585907 
17.142775 304.842987 
223.997040 454.168762 
18.044750 310.966614 
306.232483 466.475769 
297.140259 439.258240 
37.441780 501.255432 
204.534973 339.038605 
247.843018 215.614777 
222.595352 225.181625 
424.619629 66.151192 
524.580688 414.276611 
259.263397 295.651886 
16.547691 67.778625 
323.373810 462.078064 
576.650635 174.146591 
477.859863 294.874420 
190.107773 580.107788 
427.268097 142.080215 
67.347496 577.531677 
138.743607 506.472687 
324.916901 116.256363 
53.729008 445.293762 
57.103748 541.651733 
449.173492 161.953552 
576.806580 579.615845 
65.981026 456.091217 
197.526611 335.139282 
18.034136 304.768372 
579.074158 540.483337 
317.347076 406.248169 
250.506287 279.197327 
222.971619 532.482117 
17.528465 436.694519 
210.308853 341.722198 
303.745911 396.096924 
299.273468 397.592865 
518.075195 222.710739 
417.448486 151.909958 
578.454834 532.276672 
574.435425 128.962402 
512.976501 148.718369 
259.268311 571.717163 
579.515076 134.513275 
518.867798 143.115891 
579.725769 50.792343 
217.441849 570.472290 
194.458496 379.717255 
492.360992 153.910751 
489.448486 461.129791 
518.558777 475.426025 
26.190681 97.551010 
419.741150 579.459778 
572.488098 526.387695 
88.667526 429.652008 
18.106163 545.188965 
579.515991 551.479919 
38.573997 304.884613 
33.816193 284.211029 
16.626835 466.875763 
18.041336 383.256592 
304.617981 428.184387 
463.103119 478.347321 
251.034256 287.706940 
238.873444 383.558350 
491.773010 95.657837 
263.995361 371.088623 
325.211578 450.792938 
575.665100 17.728655 
264.866791 376.975128 
19.180702 510.295288 
331.736755 433.021149 
559.118286 535.040222 
566.807495 19.806805 
567.148071 534.991943 
256.754578 572.980408 
528.898499 80.962639 
67.003532 448.028473 
567.965942 574.612061 
129.517914 579.923767 
334.311615 176.923767 
150.509750 540.509766 
320.228241 269.948853 
526.337158 542.029968 
292.170685 387.191223 
221.537247 274.545532 
155.350388 410.247925 
439.535217 543.195679 
144.210373 578.848206 
316.601959 449.368317 
320.273529 448.558624 
257.573486 296.426941 
56.048759 313.720978 
579.410339 192.271210 
38.028069 396.845398 
328.278229 408.037598 
528.928284 119.504852 
527.163391 71.300323 
306.358551 179.873718 
227.867508 148.963943 
17.435349 53.897434 
449.165833 79.089317 
535.742676 130.145828 
159.656738 458.934143 
532.516479 135.417328 
16.643414 278.997375 
50.419910 380.300751 
144.479965 561.667236 
318.769836 320.519867 
38.331711 76.085121 
284.214508 390.560242 
368.333191 514.987061 
130.588043 542.814880 
557.431763 16.950531 
299.781677 431.371826 
241.346909 211.997467 
468.610840 475.391571 
155.747574 455.286407 
441.603058 392.097351 
177.875610 466.829834 
463.074707 405.665070 
509.568939 132.918655 
36.507767 82.251518 
145.182419 160.919479 
381.612701 440.353333 
576.215942 163.375412 
316.640259 451.991516 
133.284637 493.857239 
322.549194 438.060974 
267.100250 393.393982 
509.669464 543.832581 
495.782104 424.635803 
16.885841 114.120941 
58.831863 529.991455 
341.062378 420.068359 
547.262085 169.435684 
19.208492 473.487000 
17.640203 343.407318 
550.328369 145.176849 
236.924408 277.060547 
381.194733 356.516724 
242.042999 273.637207 
74.520409 456.066406 
561.385437 16.604517 
246.815979 269.322601 
390.858551 367.919830 
323.532959 408.598999 
559.423767 43.763771 
242.937698 287.378296 
157.046677 414.745911 
410.004456 580.408997 
141.323532 580.019348 
239.850739 543.816772 
16.836246 480.729919 
18.852436 578.295227 
175.433899 540.354004 
578.723022 124.366348 
109.215591 488.094147 
545.225708 540.477173 
524.759949 468.082397 
394.550232 446.368774 
432.279419 166.636444 
572.997864 148.478378 
260.655396 569.728821 
546.478027 578.777832 
274.284210 380.326263 
244.587814 534.965393 
338.024414 430.313934 
342.841492 415.932343 
498.931946 476.108215 
