204.360336 525.374634 
147.115036 556.316528 
82.743561 441.993958 
66.922997 467.883636 
157.333496 270.017212 
85.256187 158.628204 
191.456985 338.323975 
41.678020 290.035431 
16.502399 311.350281 
49.084282 244.149490 
85.829430 442.444397 
146.774002 424.675720 
72.949677 418.345001 
19.759584 328.511597 
151.913712 563.497864 
157.475800 406.398193 
45.324062 297.282288 
77.422913 492.432312 
229.522614 549.030884 
209.079956 342.722504 
157.355026 437.281189 
91.693474 298.951172 
34.628151 427.712616 
365.018555 432.505432 
141.771759 160.702072 
223.443878 373.348450 
292.776215 480.802002 
60.847698 433.329681 
101.931564 505.566437 
163.627136 578.785583 
57.514984 576.870605 
135.324051 578.442078 
275.946472 501.451935 
154.654022 409.414917 
86.491982 292.374786 
312.361542 462.575439 
103.688408 513.551636 
59.110939 448.581665 
111.938370 322.539215 
157.263916 294.318390 
154.088211 322.905670 
338.860565 415.997498 
80.994980 458.052521 
350.924866 423.821625 
159.713379 576.632874 
18.099342 209.894379 
17.689932 363.367798 
157.198639 238.475494 
194.417862 360.346985 
31.521936 155.624252 
57.753223 456.798492 
19.044735 367.485535 
160.091583 552.814636 
87.280968 451.566650 
75.876740 455.344299 
19.878883 432.649536 
308.832733 399.138458 
299.310455 471.863159 
17.134308 440.854797 
62.676685 413.902557 
95.568741 481.915741 
99.555977 310.472290 
95.336105 359.735809 
16.760525 566.078613 
368.437958 430.569122 
51.667599 450.399994 
49.249943 507.546783 
16.643597 477.535339 
96.144112 463.891449 
108.733772 509.718018 
246.015106 374.191010 
90.912247 448.749573 
96.366348 494.567108 
124.847565 539.459229 
71.822952 157.754486 
209.853363 573.065552 
138.971832 511.847931 
121.079742 517.688416 
333.362976 411.053253 
201.078629 579.415649 
92.728493 579.798096 
65.605309 577.876953 
16.694828 164.520706 
30.196003 498.471680 
347.684357 421.667999 
156.282639 355.669006 
147.728683 551.354736 
83.220123 449.817169 
66.569588 470.883453 
51.104977 304.427246 
191.454651 347.058838 
124.722015 160.686890 
16.809372 329.833496 
194.053467 348.015137 
144.356094 419.703613 
18.807255 287.176331 
157.147888 424.172699 
47.698788 301.822571 
76.560638 423.955902 
239.845215 361.721100 
235.421967 550.478821 
18.006134 399.245361 
48.192703 298.633453 
97.236008 481.301819 
91.506409 300.770752 
17.573605 407.573547 
103.769470 580.134644 
288.191162 487.305237 
17.053524 533.334106 
257.503510 368.706207 
141.538193 164.105804 
49.938648 512.419128 
54.888020 408.214874 
247.822479 532.072876 
138.911377 389.113098 
60.029495 154.977890 
259.285065 405.277893 
92.714539 509.712128 
100.273270 502.853180 
270.873444 508.415588 
132.188522 161.312485 
157.454269 185.675446 
258.046692 518.928406 
269.837952 380.046448 
24.409595 270.472168 
192.190155 401.001434 
273.603821 377.634125 
157.315125 314.353729 
56.087322 423.317566 
337.990356 413.316132 
113.472458 161.186707 
348.282715 418.771057 
58.662331 488.746979 
21.209036 263.077728 
17.062054 359.687805 
157.449356 255.210129 
234.054611 355.613861 
20.144072 372.852966 
16.534718 289.842133 
156.166611 546.166626 
142.258194 442.518463 
294.261078 388.851349 
144.285492 389.978760 
18.422478 438.408813 
157.015488 384.029938 
299.121552 454.338135 
223.255478 557.821167 
17.525642 457.493164 
18.158028 412.780884 
16.527655 390.730286 
17.364815 559.743286 
23.986023 270.593872 
84.357948 497.264587 
162.179153 466.218170 
55.521286 155.019058 
96.343452 460.545105 
234.486511 477.158478 
110.911736 500.911743 
57.897995 402.046143 
101.071968 488.779449 
374.079071 438.470551 
122.225456 512.225464 
334.634857 414.825439 
34.786602 283.989319 
155.999649 369.314453 
116.556038 349.433380 
79.486694 505.049469 
69.869476 347.535492 
157.094604 377.238251 
355.060028 422.883392 
190.579681 426.810120 
118.367058 160.727173 
71.563202 428.135437 
157.340195 186.698608 
191.149170 349.027283 
233.710358 382.598175 
65.819618 444.510742 
16.855938 323.461609 
154.233963 331.569550 
85.383011 501.334564 
154.366486 550.660095 
157.445679 419.694336 
18.180685 452.233856 
29.813438 580.424072 
16.628233 423.875946 
19.393044 569.332764 
54.394653 322.123047 
42.866280 154.912506 
68.284630 270.849731 
16.757421 522.904846 
107.140770 320.247162 
116.568596 506.568604 
240.334976 543.010681 
90.641212 511.383942 
157.313278 176.330383 
187.801270 466.417938 
219.263428 347.048431 
103.343597 498.976440 
154.044617 336.893219 
115.173904 328.395050 
31.588768 440.105347 
157.459610 310.216034 
154.700867 309.207428 
17.172060 470.632019 
366.905823 432.192657 
157.012299 339.410126 
59.717644 495.751984 
78.710060 415.221924 
18.792435 267.196686 
17.370184 373.128540 
157.206284 250.955170 
43.809361 238.735687 
157.325531 226.096558 
198.641647 335.758575 
16.645138 286.109924 
155.262863 353.513794 
357.015076 426.371368 
31.036522 279.614563 
286.415710 489.650269 
22.010063 444.510742 
157.370193 379.429443 
223.656937 558.533020 
16.536690 451.213135 
18.748716 419.560547 
185.555511 465.817627 
16.861462 386.182556 
114.430031 580.024292 
88.844025 576.893433 
82.417679 158.258270 
66.478653 268.174927 
315.416321 404.125244 
107.082115 356.570343 
226.372253 351.254883 
95.327332 456.047302 
192.711456 580.385620 
50.131863 485.162689 
310.310944 461.555206 
94.169159 476.187195 
82.893478 286.097748 
17.021780 195.780807 
190.290604 458.537903 
50.227089 423.030609 
157.488647 370.783478 
58.715050 537.990601 
190.690521 436.879395 
161.648804 464.670197 
190.602585 354.320801 
216.117065 569.875366 
29.851234 280.610901 
192.639343 337.727783 
40.681587 155.114716 
157.165619 230.175903 
18.062740 297.785706 
150.233673 557.921509 
59.649666 442.007690 
40.455631 231.741333 
73.740166 478.899902 
190.940445 575.668030 
20.387627 459.752319 
301.418762 468.332336 
157.001816 443.964722 
38.779469 287.106720 
45.926868 468.615662 
16.559345 415.528320 
60.713425 317.021179 
246.418320 362.759399 
17.097961 544.418884 
51.033863 442.024475 
52.788776 154.769791 
96.380318 411.857117 
110.637726 546.295105 
118.072311 510.275208 
150.616928 578.066162 
122.959442 579.996643 
32.584518 580.262207 
17.108240 577.356140 
155.750275 167.346115 
352.821686 426.837463 
112.071075 391.342316 
89.187462 295.462738 
95.306885 462.756073 
126.192482 447.127686 
110.254486 325.253479 
107.226814 509.784180 
137.531921 433.375183 
192.267181 388.888031 
211.791428 573.268677 
156.800110 328.468292 
155.697205 316.964783 
133.107727 412.915253 
16.865881 268.596710 
157.307816 335.977722 
16.818331 491.225403 
16.942480 369.385132 
156.869812 269.331268 
45.881496 241.144730 
64.369171 236.976303 
285.703613 383.583679 
16.797312 302.390259 
202.927063 338.567383 
89.132423 437.638031 
73.162323 432.100189 
282.784546 493.320587 
18.044750 310.966614 
307.283630 465.808899 
226.431534 494.200470 
187.279343 577.279358 
18.083281 425.461945 
208.687317 341.335205 
87.861443 350.926605 
16.868439 378.091827 
19.262672 488.424805 
86.831139 575.361145 
77.312096 283.482574 
312.227814 398.977600 
177.331512 566.519653 
214.711212 564.715088 
26.108595 521.218201 
184.450912 574.450928 
37.441780 501.255432 
215.193436 498.784271 
83.299316 288.286621 
201.560730 462.435822 
110.945694 358.315094 
255.810333 446.600708 
278.724335 385.229431 
37.938099 580.042664 
59.714844 450.049408 
191.097488 420.825928 
45.817986 501.696350 
19.584167 153.810074 
157.369614 290.411407 
190.560455 441.038940 
80.712662 465.333801 
69.502335 441.843018 
157.483978 199.453140 
181.629227 576.334290 
190.576233 360.664795 
16.665886 492.862701 
220.740982 562.277954 
18.779572 363.300293 
193.474960 333.023560 
35.425419 229.486053 
361.767822 428.010529 
161.512909 563.840759 
18.761841 465.343201 
304.219757 466.209900 
153.680008 354.496948 
293.192963 393.627228 
298.169434 475.727020 
163.130692 501.628479 
210.558807 341.260193 
305.877930 396.302368 
191.003052 370.026703 
16.817379 535.889282 
157.117477 431.505188 
239.342270 528.475098 
81.328354 395.833557 
16.543804 570.241638 
92.968811 429.436035 
375.012482 434.378632 
173.751480 544.714417 
126.108482 578.018860 
50.522896 444.859467 
217.345825 570.152893 
106.264679 487.467224 
94.111244 453.249023 
211.276779 576.928894 
16.991796 158.289398 
157.044846 320.611786 
73.742004 579.124268 
18.393270 166.901230 
16.609268 260.292542 
156.851959 353.628784 
18.185764 278.613708 
71.075081 454.176392 
157.237976 258.057617 
287.125824 387.976471 
17.866177 299.870483 
87.636032 429.400330 
18.106163 545.188965 
74.930489 431.915741 
157.433289 392.723755 
99.519821 158.076736 
53.869152 310.134583 
65.000854 265.890198 
16.605413 396.531464 
100.192657 361.032654 
74.368370 279.767151 
16.524458 499.547516 
61.761799 263.133575 
175.900742 548.820557 
218.115570 362.252380 
261.548645 371.668518 
38.325027 439.694824 
246.451126 534.208923 
232.773788 357.494354 
281.611908 493.470276 
113.570152 441.149567 
264.419800 373.102509 
84.676445 347.022980 
16.891268 334.744843 
149.406296 367.406158 
45.943146 391.412109 
115.537361 335.103485 
154.225769 361.014862 
19.217258 160.744400 
157.197693 286.810913 
136.517242 452.200134 
190.831665 446.711395 
29.841129 154.762497 
71.409218 446.902893 
157.115906 217.763641 
149.322311 509.894775 
74.871628 544.230530 
60.000000 450.000000 
16.746517 350.039398 
16.650055 429.389648 
360.008270 425.700256 
59.572639 257.087585 
141.147964 422.328033 
294.310669 390.495300 
131.181808 161.170822 
154.531662 329.579773 
156.546097 452.888153 
289.983093 386.786957 
294.376343 481.427856 
157.210251 204.850266 
162.612442 505.076233 
211.374771 343.567932 
300.062805 394.774139 
145.139099 576.994080 
17.458549 555.307983 
170.219131 467.865692 
104.275887 316.247620 
57.975037 313.887512 
243.661148 373.592621 
18.317089 575.644592 
327.678680 409.358459 
258.335724 383.537842 
91.727448 437.612823 
279.451721 380.770538 
217.603058 348.967987 
87.256218 357.606323 
16.771975 336.520874 
105.254875 495.254883 
151.481659 161.661331 
16.584457 151.642883 
160.124344 461.007568 
155.572861 303.911621 
58.661560 554.809753 
264.931854 514.136658 
16.643414 278.997375 
156.745255 343.336700 
244.643890 363.054840 
71.861053 459.348969 
157.132034 276.477264 
191.740295 334.756439 
24.989079 268.879425 
18.012547 351.458496 
16.677567 315.346436 
51.039543 249.448090 
90.251511 158.316620 
17.161398 435.353577 
157.440948 409.291565 
42.738708 292.475189 
18.332642 533.908203 
229.330750 556.317932 
18.966183 384.313599 
54.016521 307.986664 
162.360428 565.577820 
18.047756 549.188538 
99.551788 359.616974 
175.230026 467.093506 
323.300659 408.356201 
17.446507 517.221802 
98.040390 386.757294 
177.849625 554.205627 
259.772095 372.009094 
149.748779 161.639526 
96.825180 513.567566 
380.173706 438.111664 
279.644012 491.895782 
264.544678 370.610992 
39.246014 513.471985 
72.726128 158.442108 
320.687683 406.738098 
146.175003 361.795410 
195.986862 525.250916 
117.749130 337.022614 
155.862869 344.385651 
44.379425 511.052551 
157.359024 302.912384 
58.831863 529.991455 
340.983368 421.135315 
197.177277 343.004425 
157.433334 213.747742 
190.937897 372.969086 
82.710838 396.618042 
244.007187 367.426514 
17.463810 343.261139 
157.211319 242.441925 
194.355042 366.626282 
33.152107 219.497055 
274.099518 381.749176 
210.503098 552.675354 
20.214939 535.883728 
299.753540 396.647217 
77.223366 456.074341 
56.745949 429.954102 
17.422146 448.470581 
64.161781 318.326691 
74.934639 462.431854 
101.161003 313.345642 
53.187855 415.752319 
157.491608 196.828415 
16.958149 546.386780 
18.000858 511.933594 
139.444702 579.531738 
236.623169 543.651306 
112.652626 579.784119 
20.760790 580.139221 
146.698441 162.046326 
326.614014 406.857697 
126.997078 500.083649 
45.315975 476.843750 
229.597504 353.686249 
276.392883 502.052002 
207.554077 577.274414 
98.195305 579.215515 
313.396729 460.335785 
257.328491 521.683289 
166.912354 470.084717 
125.028954 408.067810 
17.329784 171.055496 
257.224792 522.475281 
243.619049 535.250244 
342.811523 416.927032 
268.439056 508.318115 
17.835430 270.621399 
157.216751 360.016388 
