154.106018 276.103516 
78.025337 439.117920 
69.039238 462.074493 
157.492249 274.223419 
229.593307 415.112640 
20.644634 210.410492 
85.739517 438.814575 
232.056976 550.596558 
18.976471 395.025238 
306.814301 407.371979 
210.217102 374.816589 
16.965664 209.834473 
453.019409 392.717194 
234.666733 390.968201 
17.421717 514.351807 
262.903168 335.482635 
37.214302 402.057129 
249.329224 526.937378 
56.224998 576.503479 
95.357933 500.260590 
256.132294 453.940033 
263.057098 512.018005 
117.835175 346.905762 
59.305000 449.311401 
155.741135 321.991211 
190.019333 460.256958 
82.830826 460.773376 
349.103912 422.403320 
21.467089 208.799301 
501.730194 413.941895 
89.177673 497.258423 
226.750366 434.484802 
354.924652 369.971405 
311.482269 397.817383 
298.100677 472.902405 
74.035370 530.121765 
154.333221 397.522583 
513.178589 433.043823 
35.954750 399.425171 
16.543341 567.565002 
181.336960 529.482483 
466.188934 397.559235 
246.298401 401.577942 
266.296326 321.975708 
92.953529 448.050964 
97.552094 494.375244 
256.917480 408.475006 
207.506149 574.859253 
299.254700 332.513031 
279.257690 381.591736 
103.810616 485.617279 
154.425583 289.214294 
190.583862 407.936218 
78.727028 499.973877 
50.426388 415.081146 
207.589096 342.205536 
347.564240 353.937958 
190.872467 343.980286 
17.005089 328.444916 
192.429764 348.004364 
226.842270 382.670807 
18.536098 286.606018 
77.175209 486.124878 
208.810883 362.715546 
156.696777 426.402893 
17.573605 407.573547 
217.550873 376.050995 
251.562744 442.626923 
30.189953 548.667725 
155.649857 174.942108 
273.024353 504.431213 
156.235428 181.633636 
42.824821 413.875122 
268.548889 379.914551 
155.828079 330.141602 
192.733139 400.660858 
272.939026 377.220764 
339.066620 412.800079 
218.480865 459.517853 
502.190796 445.182220 
191.255890 289.319153 
17.062054 359.687805 
156.586288 252.913239 
193.040070 359.328278 
31.930573 156.531433 
381.911652 366.610840 
19.635424 374.265198 
199.443100 353.769073 
294.860352 389.377289 
389.976593 376.958466 
238.620346 325.322998 
19.743488 412.106567 
19.033386 316.673706 
96.374207 460.701599 
388.014893 444.613403 
110.911736 500.911743 
244.676498 441.488037 
97.007835 158.042984 
332.007324 414.480927 
474.888245 400.816528 
254.300095 437.517609 
193.827728 407.879181 
270.511780 418.652588 
419.864899 397.318604 
17.915520 183.519440 
191.489304 428.923676 
82.822113 431.428619 
156.116760 338.622162 
433.681793 467.868622 
408.076904 382.670837 
88.785263 500.911163 
37.702644 156.479095 
328.675751 362.363800 
157.348328 414.783295 
222.130051 501.227905 
27.168289 576.903076 
580.106506 443.073761 
155.164551 414.658539 
237.331818 406.508972 
396.244019 450.213165 
116.568596 506.568604 
243.642899 431.186676 
249.512634 415.380096 
529.400635 416.219727 
291.907562 330.009521 
244.577301 486.172607 
104.790466 498.655701 
59.000599 435.043945 
268.422150 450.156891 
311.429596 337.301361 
155.527100 308.965607 
80.750923 492.614380 
51.921661 396.715088 
22.287315 265.474243 
16.993748 286.989685 
301.531067 357.638397 
75.487450 422.544128 
31.407116 280.803162 
18.272085 447.176147 
310.641907 461.326294 
296.645996 457.641693 
365.576477 361.784790 
154.293716 389.446381 
458.197815 396.303772 
227.876877 469.339020 
237.865158 444.211395 
17.197605 388.994568 
165.995880 468.786194 
102.462830 359.685730 
536.351990 422.257538 
92.438957 456.149750 
96.370186 482.558624 
185.954620 578.157532 
255.852371 425.977325 
40.701614 289.619263 
241.369904 540.378235 
425.983551 385.347565 
106.602249 473.491974 
155.702164 373.496826 
190.503098 419.065857 
137.104507 576.523560 
156.472748 371.227814 
218.139038 393.909302 
190.587585 354.839813 
17.336031 336.779480 
192.815094 339.669586 
224.855667 419.675873 
434.138275 392.359741 
18.886433 294.598328 
72.022644 475.287415 
208.454620 372.498657 
17.358686 414.154602 
18.937679 523.448242 
291.539429 479.499420 
76.599411 211.790024 
250.814133 427.233490 
96.124779 438.111298 
120.203697 577.682007 
416.852417 377.396606 
259.682434 419.828827 
247.398804 487.243591 
403.848907 452.041107 
46.259857 421.100098 
113.149872 328.778778 
194.485153 385.863220 
570.556885 578.560913 
268.459381 509.873810 
221.105652 449.428223 
154.443268 187.702728 
17.582729 367.800842 
157.360046 269.153534 
139.196030 529.196045 
228.436508 413.160980 
18.863926 341.414093 
203.551270 339.464935 
74.781540 434.410187 
282.142487 492.343903 
223.026184 495.548737 
23.905704 424.869202 
316.381622 401.898071 
178.794052 568.794067 
108.558777 514.453735 
245.585510 412.391968 
410.096313 399.753967 
95.588768 484.966858 
86.752930 353.744171 
179.934662 577.123352 
109.068588 357.062592 
376.712250 377.898438 
41.564384 580.032227 
270.347107 407.238495 
192.313904 578.725647 
22.959225 153.207596 
311.448334 354.136383 
154.643295 255.840027 
191.140610 442.384644 
79.530952 463.203613 
29.299400 155.098907 
228.173752 391.590790 
319.605194 366.779938 
26.940863 216.215363 
447.191589 392.782715 
430.662170 383.692810 
228.560135 526.993225 
259.107910 470.145966 
304.589172 465.759918 
290.031982 391.224640 
294.534760 479.306732 
237.041824 419.399323 
17.985277 539.260559 
248.216949 403.578949 
366.794250 357.835938 
17.289438 575.259155 
264.217194 336.957520 
320.972626 406.364655 
272.214508 469.120880 
103.547127 491.880402 
266.759033 440.728271 
155.051163 296.851318 
190.728928 387.781891 
75.034622 579.571106 
17.485096 262.629089 
156.265518 348.912842 
224.255005 404.136169 
430.561096 579.428772 
18.185764 278.613708 
219.201050 421.501404 
286.544708 447.531586 
24.932213 272.056519 
17.731705 298.660889 
214.463531 550.846558 
214.996780 508.047089 
88.266663 409.058746 
166.820038 497.774750 
59.689034 469.540009 
17.297737 401.495422 
19.246675 496.054840 
297.828461 393.580811 
223.025620 444.847992 
236.030716 494.504944 
94.428505 473.358887 
229.825424 355.009857 
287.629272 386.946198 
244.842209 533.392639 
44.367619 578.004639 
104.854088 158.243347 
155.157028 363.059113 
78.751717 522.090271 
157.266556 285.251740 
221.854233 382.702423 
207.092896 474.404449 
190.786926 366.478333 
578.379395 574.333130 
60.000000 450.000000 
17.211109 351.037506 
193.131775 376.437317 
427.790710 464.901093 
231.923691 465.520996 
18.694401 359.493225 
266.957672 377.967072 
77.847679 462.455048 
156.617676 450.380432 
223.375458 558.303833 
17.222664 428.833832 
212.404892 343.602539 
302.829437 394.798431 
170.446732 467.925690 
454.281616 442.235107 
404.967285 374.675964 
239.828812 536.528015 
380.965515 372.803009 
90.448143 414.361328 
244.179871 391.387451 
470.916901 405.769684 
192.377533 422.225464 
16.985867 154.333618 
57.722828 398.049988 
481.226715 404.108765 
19.021894 173.538574 
220.638351 433.286743 
154.022278 275.884491 
16.805313 189.100189 
229.502502 422.904175 
18.626595 350.477875 
220.535324 495.436310 
87.540474 447.753448 
65.605309 577.876953 
444.627502 473.390564 
227.584061 480.825684 
230.013000 553.068604 
18.468800 388.040588 
173.467606 579.284912 
262.038361 374.146698 
326.450073 412.245880 
95.032898 495.181122 
293.020996 351.202759 
266.643555 499.325531 
57.839954 335.197845 
157.490036 354.099304 
490.769806 408.271362 
154.098938 242.259476 
79.166336 450.089203 
321.680969 359.138885 
85.883957 477.713593 
284.778564 451.186768 
428.331268 395.846649 
18.827118 428.523224 
306.218536 394.636200 
73.659760 538.496521 
61.927425 318.014099 
155.427505 394.250122 
70.633980 461.954834 
238.200958 431.630829 
17.378109 546.576904 
257.594788 317.047943 
63.111256 484.928680 
127.506813 577.101562 
109.535759 577.139465 
243.194550 454.590942 
326.366272 406.507599 
263.382446 455.507202 
271.439331 461.921783 
281.393951 385.037720 
266.446075 430.065369 
253.818542 523.586426 
154.945465 282.768036 
190.666718 400.091095 
17.835430 270.621399 
156.135269 360.525940 
191.873108 341.029999 
64.021088 433.875031 
16.502399 311.350281 
224.436371 400.151398 
20.094646 329.120483 
401.937714 378.491913 
154.718338 456.220123 
17.171238 412.013306 
212.676483 365.596008 
50.344067 360.763733 
100.748711 505.739441 
167.847626 579.967224 
280.072571 345.873779 
259.378479 447.857452 
275.575043 500.858643 
264.644562 511.299316 
154.461502 351.343536 
192.738922 455.139404 
16.673523 281.176178 
339.983093 414.098572 
151.352371 162.003769 
48.716599 299.297119 
16.527489 365.214203 
192.619553 360.253387 
30.701929 155.470428 
19.044735 367.485535 
88.689606 453.891846 
77.598930 450.544952 
53.869152 310.134583 
18.106163 545.188965 
236.622269 320.489502 
17.763218 439.363892 
18.353455 406.700623 
245.297073 328.446930 
284.012360 383.840271 
234.891754 549.476868 
111.950386 504.280823 
332.919739 410.117157 
199.277267 580.465820 
258.696289 522.203308 
188.231598 485.633575 
192.367828 411.306580 
115.223671 355.863220 
17.502850 167.629593 
344.095093 420.249847 
18.925285 181.971313 
509.010529 457.745422 
79.404160 444.597748 
16.666317 203.798126 
436.298035 468.497192 
319.395660 352.556458 
156.996109 420.338104 
444.038666 389.653229 
18.276497 399.489258 
580.406921 448.947968 
235.001862 396.129242 
253.496811 370.361877 
41.571033 423.953491 
246.202194 532.874329 
244.683685 433.086517 
93.524712 505.322357 
261.541046 517.183289 
270.034393 430.871399 
118.537216 350.210846 
491.846924 399.075439 
307.519165 333.959717 
155.486328 326.467926 
186.134338 464.750763 
367.369110 428.351135 
349.393372 418.820496 
358.826111 426.807800 
144.852890 534.852905 
370.441650 374.243713 
19.027447 262.245422 
502.195160 415.745972 
328.635498 353.070129 
17.168915 290.985840 
227.719513 464.728455 
233.502884 499.911255 
18.344215 438.818970 
580.340759 450.616577 
361.676208 371.325317 
154.535614 382.110718 
456.340118 405.498322 
237.975311 443.351471 
369.522461 361.212006 
18.599518 474.588318 
166.341751 463.740265 
102.058189 430.521606 
238.632584 478.486603 
96.656067 488.953064 
194.842194 297.671173 
257.337494 402.947815 
259.975220 467.526123 
153.937683 367.317535 
190.905136 413.150299 
156.605392 374.701630 
358.063019 425.838226 
191.478973 351.106140 
283.211853 411.231079 
62.779453 449.134674 
16.680325 322.529083 
161.897018 507.215637 
193.247528 347.574677 
223.452515 384.896973 
231.511230 459.791321 
18.711266 290.602173 
78.750870 579.667297 
492.188049 434.970978 
205.249649 356.458069 
156.442581 444.556641 
438.101807 386.970001 
385.276489 365.025940 
17.150036 422.307983 
19.138657 569.910828 
290.030670 483.864441 
160.148285 576.699097 
176.881638 517.450195 
41.107304 410.262634 
281.684784 427.211792 
156.707153 176.874664 
44.542339 417.487610 
155.625000 341.924408 
192.891571 394.453522 
80.166466 546.137268 
156.068466 306.208740 
57.897995 402.046143 
191.469666 298.168579 
17.175659 376.141785 
229.697784 441.782318 
18.529953 330.415710 
216.550674 512.135254 
199.053619 335.690186 
84.159203 466.688538 
385.045837 367.028198 
283.313629 489.457092 
157.165649 378.293671 
225.863739 487.017365 
19.717957 416.253296 
184.004608 466.064423 
116.637802 580.451904 
83.710510 158.325378 
314.540710 402.170959 
433.233276 377.498688 
387.802277 443.386383 
404.518311 381.451965 
244.604507 419.797150 
18.010597 274.617554 
93.511093 474.870850 
46.234482 457.924866 
122.909691 504.098206 
478.174469 404.218231 
273.821655 422.366943 
415.921082 378.684479 
17.096306 174.495621 
303.921844 332.823303 
491.126587 417.442810 
154.188919 249.979965 
190.714142 434.352234 
79.150200 433.646942 
66.098129 436.555481 
214.399918 564.748352 
233.361862 398.607330 
38.455994 155.781128 
374.314636 435.256866 
56.564964 442.775024 
18.986614 458.424866 
301.230804 469.924591 
37.219475 285.998169 
154.887009 420.065735 
76.313622 449.514740 
313.173157 460.647858 
53.962059 441.321259 
89.926567 158.519470 
372.458466 362.003906 
150.616928 578.066162 
241.206055 471.560089 
250.358521 425.878326 
35.079929 580.332642 
17.299541 577.956787 
294.858459 354.873688 
105.634956 504.656860 
211.638535 573.643921 
155.103546 316.472504 
191.337128 383.510254 
224.253632 556.979126 
17.660263 266.625244 
157.361633 332.364838 
214.554520 463.305847 
28.457697 281.925446 
60.006508 499.259064 
17.459341 303.057343 
18.069729 306.741608 
306.633667 466.079132 
294.276794 442.750122 
187.279343 577.279358 
361.818604 357.172974 
204.093246 338.840942 
456.296265 393.444916 
238.402374 450.373016 
17.576153 378.907654 
19.262672 488.424805 
123.787857 502.773499 
248.375137 462.804626 
238.301498 491.585236 
18.068312 200.138611 
93.619064 462.787628 
98.963913 476.390045 
184.450912 574.450928 
258.844818 426.176575 
40.368233 499.451935 
423.048981 380.215332 
53.507118 576.533264 
19.170830 179.202850 
154.836639 354.566284 
190.732040 424.288788 
494.648163 408.205170 
52.320793 444.882385 
32.437584 221.387848 
220.779327 387.264343 
18.230137 187.620911 
190.908447 362.672424 
577.007874 579.023804 
17.932562 330.035522 
193.286041 332.168121 
225.954483 420.111206 
228.512543 472.494385 
22.259430 302.247131 
315.594116 437.377686 
453.367249 476.671173 
207.157349 367.524353 
53.027470 326.502869 
439.701355 470.813202 
305.618530 396.772034 
408.170044 376.639221 
510.914642 416.678955 
96.660873 436.163940 
155.548386 173.668594 
507.341461 414.072205 
110.000084 323.844757 
44.922386 463.724396 
192.032501 382.654327 
17.021996 159.053482 
106.646622 580.455261 
18.779148 163.491745 
221.446381 438.395538 
325.294861 341.196625 
28.673107 157.406876 
157.231140 259.540161 
229.335938 402.550354 
19.342037 345.184082 
219.927979 502.348328 
89.494812 431.431519 
323.629547 409.452789 
64.359505 523.987976 
157.154587 394.063049 
33.959606 282.769348 
16.768717 462.740875 
19.791054 378.793152 
208.006500 482.573029 
462.768951 477.814911 
16.513308 502.444061 
180.663162 512.929871 
263.995361 371.088623 
246.118240 534.848572 
277.878906 496.036194 
569.464355 579.134155 
95.789322 488.323792 
254.286362 438.099915 
303.618835 346.942902 
19.772345 158.433990 
138.495102 577.190918 
190.626923 444.284668 
82.037361 472.777954 
19.484419 197.705612 
433.301422 385.276794 
24.331953 211.936142 
360.761383 425.454559 
150.509750 540.509766 
427.999878 385.050812 
357.886383 356.319702 
288.992279 386.391357 
294.546204 481.459045 
154.962677 409.007507 
145.839951 577.351624 
384.444305 384.753754 
243.926437 456.103790 
248.408432 409.735504 
227.959030 441.466400 
94.786491 435.268311 
18.761841 465.343201 
105.254875 495.254883 
266.648468 436.367920 
159.234070 460.731293 
155.015106 302.856903 
191.696014 394.856750 
273.042694 323.216064 
316.833862 339.984009 
156.420593 346.173798 
318.349060 320.651947 
190.986649 332.496460 
63.225906 514.199097 
16.677567 315.346436 
90.466629 159.355072 
231.872192 477.437897 
18.395084 318.958923 
309.746887 429.769470 
43.302929 290.426056 
208.994934 353.319336 
445.755554 474.196045 
234.919830 462.011017 
204.145477 580.360718 
99.837067 359.058319 
176.211746 467.028595 
462.730835 403.654846 
246.421127 453.236481 
282.166138 329.345917 
378.893768 438.311829 
261.042175 441.304291 
425.330780 393.198395 
157.423340 173.620056 
155.042038 343.648682 
53.996876 435.338440 
340.983368 421.135315 
259.457214 437.766937 
508.762482 413.699585 
191.548111 374.434296 
16.915276 347.590210 
192.920609 366.641968 
224.976898 410.390076 
232.828461 433.420074 
18.779572 363.300293 
89.091286 457.397278 
299.175537 396.901672 
73.320053 458.522552 
31.061277 376.894226 
16.892992 444.855743 
214.108322 348.271698 
396.682831 375.868500 
219.394470 347.182709 
53.049500 358.850586 
251.325165 329.428009 
238.625259 543.288086 
19.127434 576.415588 
97.548836 469.308228 
276.235382 500.708527 
390.724518 444.455231 
98.195305 579.215515 
256.240997 447.378754 
256.260010 519.533081 
194.397766 414.910034 
270.050140 379.231842 
17.498737 172.899841 
245.996399 535.401611 
342.811523 416.927032 
486.162659 449.877258 
263.013245 420.304718 
