123.914406 55.238827 
118.627144 164.954880 
120.069092 237.249634 
111.003304 544.156799 
380.490479 397.620697 
134.373291 487.352020 
435.603241 368.300903 
147.536926 80.183861 
197.931244 159.628082 
163.214111 580.112732 
154.436951 473.604584 
215.766510 86.220139 
185.501099 120.998268 
277.837494 341.850739 
224.881760 109.418465 
217.857513 422.500092 
198.990753 342.470673 
265.299377 19.641872 
238.385208 321.564087 
214.407898 523.224670 
18.106163 545.188965 
244.062302 396.319000 
221.069992 543.742859 
35.480568 524.402588 
576.628540 330.101166 
23.103622 115.154076 
75.033257 94.059250 
57.561646 448.008514 
114.430031 580.024292 
88.980751 467.978729 
578.683289 216.089355 
371.185425 473.011261 
130.693802 82.994751 
103.847504 449.165283 
90.160461 419.800171 
462.430420 577.293518 
319.702728 366.994049 
100.551163 505.084686 
408.245026 355.318451 
423.055481 381.456848 
444.805939 374.962708 
504.496796 43.392105 
157.325821 238.358261 
420.283997 39.714733 
192.471069 268.755554 
153.546082 354.951416 
267.544586 418.091583 
219.604980 284.102112 
184.450912 574.450928 
289.245026 302.352661 
221.480057 148.565002 
204.440674 303.575378 
17.661541 406.880554 
580.131775 532.906128 
249.674637 251.247559 
220.307922 520.316833 
27.683342 353.005981 
16.558207 503.738495 
580.480957 266.425018 
244.224121 517.684387 
40.214046 203.021774 
17.683125 291.383453 
75.257790 237.209778 
44.950459 545.642639 
32.799938 226.080551 
95.042542 16.938152 
43.140472 327.473633 
522.892273 20.130442 
308.382751 122.711563 
121.327713 297.182343 
103.034233 565.552246 
381.077271 401.145721 
125.676018 465.232758 
419.532043 158.701233 
342.328430 319.046783 
325.380096 462.592255 
424.307800 358.896881 
418.900635 85.236069 
158.579865 103.652145 
571.362610 521.371704 
190.615402 167.707977 
177.382675 124.069290 
152.493256 481.609711 
209.838882 79.079262 
186.965469 62.571270 
281.994812 485.294830 
261.407227 371.768890 
198.026352 378.155609 
244.706146 103.864281 
221.308777 355.790009 
208.372955 506.667297 
19.791054 378.793152 
120.383835 342.161774 
247.888367 367.525482 
220.602829 561.221497 
34.420509 465.047455 
18.624662 580.014343 
578.959167 301.502747 
45.000790 89.940468 
241.637909 52.533360 
574.335876 578.631958 
48.672256 436.638824 
108.918022 19.385452 
88.205498 120.847023 
66.073982 339.936584 
301.462769 16.511467 
105.671761 394.807098 
97.262375 383.955078 
373.894165 233.660629 
307.160889 397.384125 
106.926155 522.978943 
378.942352 18.006035 
341.062378 420.068359 
157.281403 254.889450 
143.123047 580.311584 
79.737343 121.068130 
197.383789 299.348785 
163.173004 561.314758 
146.742264 371.485352 
263.342773 506.392944 
508.626160 476.625610 
210.317444 276.985352 
199.196426 508.193970 
280.002625 379.955261 
200.611191 379.903900 
18.295622 399.828674 
580.083862 557.595764 
249.484161 222.878204 
233.968216 394.491180 
29.926361 368.606934 
16.912212 485.888947 
580.210144 298.881439 
138.017639 370.920807 
249.313248 484.766479 
44.634914 196.519211 
19.236269 271.044769 
73.485512 241.073914 
527.213013 197.005981 
84.247261 580.028564 
71.380066 477.646637 
48.463902 304.601624 
103.417061 292.697357 
88.157021 564.815796 
100.225487 358.870636 
381.582153 438.310852 
133.539169 523.539185 
416.910492 458.540497 
343.061188 321.218201 
303.696259 20.149868 
459.931488 380.418854 
407.020172 69.642662 
154.418350 127.441818 
164.458313 103.629318 
157.384064 516.059570 
275.791840 577.530579 
65.731216 116.008209 
197.097778 94.375145 
166.984100 530.591492 
282.864136 469.539154 
210.620422 152.194580 
199.374817 300.545166 
482.769287 461.408142 
292.938202 417.815613 
270.741425 133.967010 
227.937881 379.853119 
202.847397 572.624390 
19.376900 350.874023 
22.717752 487.139282 
312.315826 419.111664 
58.136204 66.341408 
94.060593 165.354111 
576.915527 545.151978 
44.226097 486.561188 
111.528618 118.820923 
91.725098 119.097412 
71.907539 355.614685 
126.814598 123.127335 
114.805969 404.678833 
97.446045 376.873260 
391.450836 578.302124 
535.703552 18.586346 
120.760483 303.349487 
105.190865 471.757874 
396.166077 145.440735 
377.378784 580.485229 
330.785095 315.814148 
303.281372 461.497437 
155.165894 30.642279 
350.291016 442.235138 
157.288040 275.366730 
138.174057 565.495728 
156.156799 16.718094 
533.979797 501.645599 
190.975327 233.870605 
163.773743 555.976624 
143.127213 386.614258 
208.632767 17.650677 
181.605560 535.279602 
283.955322 345.309082 
239.691254 196.078629 
202.192047 349.510376 
197.460144 424.530212 
495.463043 425.598145 
296.234314 295.314606 
242.471848 210.304901 
238.045013 419.265411 
26.863127 309.595886 
511.735718 407.753204 
254.586380 477.224457 
50.214096 250.454269 
523.302063 464.939636 
18.433155 259.527832 
136.087357 335.185364 
64.875870 265.372040 
25.072927 182.914658 
98.957047 290.372284 
74.690529 486.042908 
58.494576 375.655273 
116.511200 234.803375 
81.735130 541.578979 
64.136589 318.226959 
360.521942 387.315247 
320.947083 79.111473 
124.785599 176.456039 
106.599274 362.764557 
387.651306 450.243896 
127.882309 517.882324 
422.007782 424.716461 
456.393066 440.361572 
422.747009 88.840042 
580.496765 20.266754 
345.028076 577.023560 
291.789551 579.049255 
167.994858 91.505875 
144.852890 534.852905 
214.593750 112.700325 
187.272049 28.463568 
165.749161 511.746307 
265.055756 336.834503 
230.161209 16.701401 
194.853516 337.012054 
281.498260 391.906494 
238.366791 220.107697 
214.986679 558.262390 
19.317886 339.951843 
293.883209 18.690731 
250.042694 327.383240 
31.805840 436.549255 
18.750717 108.856216 
542.001526 519.420105 
35.709366 91.872459 
19.968536 201.105270 
139.797333 433.327545 
88.590446 158.893173 
79.852287 580.344666 
42.541145 466.467773 
131.645187 77.302963 
112.392967 121.206841 
81.524864 89.290245 
60.988625 363.523041 
361.801880 578.112244 
137.718018 110.203888 
96.811958 357.862183 
60.000000 450.000000 
326.469086 20.240973 
304.225891 432.551575 
105.520454 496.574829 
397.542206 162.467361 
524.771118 424.362671 
339.474884 448.369446 
122.091888 553.806335 
397.894287 65.925446 
349.426819 382.962067 
157.093613 291.904419 
461.675140 446.839142 
173.637024 53.666138 
157.280167 405.130280 
270.576324 467.013000 
207.175934 580.087769 
184.354950 474.056732 
473.086121 460.992920 
62.191566 523.641418 
237.983215 214.012833 
218.758591 403.234528 
195.956558 454.549866 
271.922394 29.920761 
241.588730 195.862717 
228.860687 433.358948 
20.287769 326.567566 
580.223877 19.689766 
246.867783 456.064362 
53.614445 228.573868 
21.733246 549.193726 
516.482300 19.803497 
580.147644 562.795105 
78.065132 280.221924 
25.795919 214.853333 
122.080284 459.191254 
96.348351 270.313324 
77.317589 516.864319 
47.680759 354.850830 
109.521713 37.807026 
104.032181 243.211273 
80.660645 534.960144 
65.257507 400.997559 
373.552887 446.871429 
113.599518 314.466644 
416.348785 460.971863 
578.578125 251.368439 
121.813721 413.991669 
401.371490 411.976379 
282.236694 20.363111 
523.025757 449.299286 
323.251862 579.726196 
411.933380 37.981033 
16.758724 468.791809 
348.927094 519.223999 
156.812668 164.344284 
163.427963 78.629059 
150.509750 540.509766 
192.553543 59.345810 
176.031647 486.857330 
261.306641 430.505066 
227.974808 37.797340 
288.791504 451.448944 
275.225983 95.639450 
560.193848 16.680534 
18.255507 307.496216 
461.165527 85.077606 
240.176926 319.715759 
227.741837 472.172302 
35.344357 441.663208 
580.301208 216.655304 
259.922791 578.926758 
56.234035 115.582626 
18.457762 199.440140 
579.722717 504.194000 
58.715050 537.990601 
118.998604 73.561493 
99.758026 64.581192 
72.683830 559.181763 
124.469543 19.891106 
366.389557 328.626129 
325.898743 17.489571 
303.651825 451.328949 
576.737122 265.979340 
320.401611 429.354553 
429.321533 579.147400 
346.622162 419.651031 
521.827759 248.216156 
445.304474 473.357574 
155.365723 58.628365 
456.466248 81.199158 
190.579102 186.718430 
175.739929 38.163567 
140.181641 434.836090 
275.633453 480.544312 
208.420853 48.385166 
198.842941 496.736877 
160.350571 459.038849 
223.510681 74.349541 
218.778854 387.201782 
196.383469 396.069885 
481.768066 393.217804 
579.178467 21.927927 
236.098846 453.550781 
203.731400 497.557556 
495.503082 178.918549 
246.535278 437.376923 
43.090038 294.347656 
23.562658 578.965515 
75.730278 158.169815 
55.028019 580.238586 
32.051216 154.983139 
96.838943 244.156357 
576.636963 580.051453 
57.473217 407.879272 
513.492432 482.184906 
311.240997 306.676331 
92.784927 501.425018 
76.296562 434.599701 
365.697571 433.191498 
120.635254 212.555893 
113.328201 327.167328 
87.973137 451.226196 
382.195312 339.162567 
346.314056 19.940449 
124.482132 399.775421 
573.213257 437.393372 
62.824413 383.386230 
392.619202 41.363068 
515.850952 20.012209 
524.327332 419.982147 
156.733246 187.892868 
514.947083 459.121185 
143.729340 563.452698 
190.107773 580.107788 
178.974930 475.675995 
156.365860 313.433716 
260.621277 447.394714 
233.614105 52.916779 
219.908432 249.904312 
282.484314 435.049072 
253.358185 30.963669 
225.510544 274.713440 
17.978985 454.167572 
461.323700 105.246704 
245.965118 299.111420 
226.283630 481.476044 
39.098392 392.450775 
544.798767 431.103729 
241.442795 541.552551 
18.499916 170.032196 
41.945946 507.274597 
23.736086 277.309814 
104.962013 95.534111 
95.355415 59.656372 
66.423714 563.704041 
121.232605 580.218201 
106.335953 158.165787 
99.445793 307.372925 
123.595001 246.145050 
414.919403 578.698975 
332.122314 418.148407 
579.776672 444.963043 
151.644608 72.962486 
455.806030 71.105293 
533.252014 300.544708 
18.233246 532.441284 
191.014130 201.022141 
160.686539 18.523361 
156.069901 450.282745 
203.024460 35.246128 
189.975540 119.626404 
233.470276 80.114174 
216.736298 448.056885 
198.199081 414.496399 
580.067383 309.633148 
272.252625 580.459778 
248.141937 142.931763 
238.058212 314.990723 
207.911163 479.420990 
17.409561 575.983765 
488.639221 159.603577 
242.204208 414.637604 
38.780106 508.508453 
20.162088 168.341232 
83.239670 237.028030 
71.657600 72.978462 
51.920570 396.729126 
117.732727 51.788383 
87.981094 498.188507 
578.392761 225.136047 
378.199982 496.444153 
137.937393 33.576950 
310.038055 298.919739 
101.039192 435.863129 
81.351181 435.819458 
380.944061 341.801208 
335.778687 277.844604 
302.252441 357.556244 
331.324982 371.662201 
420.396637 463.342438 
407.669708 580.016418 
156.621796 209.619019 
444.312805 578.915344 
190.120972 17.672020 
156.216522 335.040405 
275.628387 394.017273 
208.482040 233.912704 
193.038544 554.401306 
580.309998 451.065765 
468.257141 386.084351 
261.796600 202.018646 
247.533081 16.829895 
230.668243 294.313019 
204.984329 338.864349 
19.857643 421.928467 
580.322510 504.137909 
479.918091 137.704620 
245.665604 261.864624 
231.310486 504.622375 
39.887028 403.334503 
517.165833 436.011292 
493.022705 110.667877 
252.657928 520.544250 
41.790482 155.990372 
30.345058 580.356934 
18.613876 155.103745 
577.615662 462.478119 
53.581726 564.970398 
30.967522 298.636658 
94.301628 20.365391 
578.199829 97.118484 
