126.324577 341.190399 
81.813622 441.165527 
313.963104 312.239990 
50.029758 499.868469 
547.676941 95.209389 
513.767212 536.762451 
376.535126 451.526672 
377.148102 374.723297 
528.399597 65.159248 
193.906372 241.302719 
30.307646 318.980835 
319.483246 549.514648 
56.146324 362.084595 
345.469360 110.522018 
577.040894 308.281555 
472.151276 455.785126 
16.793766 514.398376 
202.745239 536.703918 
203.434753 45.536568 
490.960236 78.445312 
108.816933 543.919800 
118.216621 446.929688 
452.338074 526.319885 
25.479860 498.278137 
58.130981 577.986328 
390.006500 394.606415 
293.139130 343.898956 
519.536743 77.678360 
252.014648 455.231201 
262.484985 514.203064 
274.101929 449.077393 
116.381538 347.004425 
135.430740 300.542908 
135.360092 568.081299 
44.534946 521.763184 
265.209839 466.998260 
67.814545 479.696747 
509.609802 519.600952 
189.285004 461.895996 
83.155579 456.349609 
336.475708 122.853920 
367.905273 448.290985 
59.182304 505.994019 
337.242279 351.771515 
515.015015 552.076782 
86.420532 492.287689 
384.032257 64.489471 
284.388885 458.609558 
61.083206 497.632965 
353.407623 364.045197 
578.173767 491.135040 
426.706024 401.713928 
296.482513 472.996765 
525.252258 121.904190 
462.339355 533.001160 
496.228271 78.818893 
17.396927 568.429871 
20.285131 520.921692 
562.952209 54.393036 
507.084778 69.308563 
350.766022 49.617111 
26.637884 554.061340 
366.352905 35.784149 
267.379181 320.400787 
397.477539 387.545746 
124.969421 539.801392 
578.692505 148.707428 
208.955856 574.571045 
493.631989 536.030945 
236.227936 356.559814 
276.913330 382.504700 
247.279861 271.864624 
95.714409 576.753235 
487.765076 360.796387 
265.746674 422.725433 
508.800964 475.347626 
525.852173 511.496490 
17.485096 262.629089 
157.272583 354.847473 
390.946014 98.427452 
85.947021 523.060303 
271.445984 175.318344 
71.349045 534.282166 
197.435425 350.449738 
534.525635 357.391022 
321.417572 270.992950 
485.503906 441.635162 
296.539429 416.782288 
17.573605 407.573547 
18.303627 561.025085 
203.658768 155.390625 
380.081848 515.946655 
334.049133 114.065903 
456.415436 522.595459 
156.421616 451.054047 
531.049011 490.408356 
30.041792 548.267639 
342.561005 357.813995 
580.043213 106.595490 
155.969055 174.806366 
36.659706 479.968536 
274.218842 505.293152 
278.839874 436.390991 
404.532410 392.031372 
92.623405 525.387512 
85.112556 285.233002 
73.830429 388.570770 
267.110657 379.847198 
537.455872 500.557953 
156.106949 312.317474 
337.943237 413.618378 
23.200344 99.527031 
543.704102 95.981285 
17.062054 359.687805 
349.384979 444.707855 
197.730499 354.726410 
485.923706 539.874817 
435.484375 408.207214 
320.056976 196.036636 
217.097290 518.437927 
294.965576 389.099274 
579.045776 568.596497 
468.277283 540.249268 
53.178776 348.348450 
120.035332 360.989777 
225.294189 553.721252 
17.467363 456.444122 
18.158028 412.780884 
303.345093 421.438416 
453.783508 412.377136 
538.530762 448.642792 
316.475098 409.521729 
156.494141 311.257233 
174.313232 533.356750 
183.324005 504.281860 
541.394043 557.812927 
101.620483 158.654587 
331.354218 419.143555 
455.462341 340.793304 
286.377625 348.738556 
578.612976 388.325928 
417.121033 397.259125 
55.759319 466.420929 
123.352150 285.145721 
527.958984 66.060425 
479.798462 532.410645 
202.936401 526.702209 
153.734100 268.154327 
170.832123 541.961609 
573.773132 549.410645 
135.468903 368.437561 
535.310974 83.845428 
436.368500 467.198273 
322.034271 333.940155 
553.661865 111.202629 
77.152985 407.598083 
90.120575 502.197540 
362.123962 441.940979 
546.914307 372.988098 
156.601318 416.712646 
512.921692 481.207275 
19.783234 454.036621 
302.330322 450.051392 
203.509506 261.443512 
41.923954 290.630585 
496.302307 141.119522 
558.198181 103.825302 
535.551270 486.984680 
369.153870 348.492188 
401.459747 450.158691 
72.622490 332.382111 
519.799500 99.808838 
329.291321 431.964478 
278.069366 564.350891 
573.149231 36.515633 
514.189148 83.233154 
409.016388 466.384888 
92.504654 514.651733 
99.103218 526.091370 
197.948975 300.425293 
111.527550 396.160309 
244.249573 490.858521 
193.036911 554.005005 
56.389538 433.409729 
123.960037 341.731049 
526.137085 110.927185 
306.995056 339.450989 
155.301697 308.699249 
334.952637 357.148132 
324.097046 165.758820 
357.777863 433.320709 
147.487366 530.878784 
491.127014 534.138916 
344.608887 369.547058 
191.450790 218.425629 
370.426910 497.816010 
226.490448 468.245056 
20.038376 448.248291 
310.078308 461.576599 
42.714088 80.617302 
508.035797 187.802322 
352.127960 120.408928 
196.799057 155.585754 
577.987488 562.746033 
127.778244 528.974304 
501.462738 64.790085 
400.085358 312.615021 
378.622559 526.044739 
580.204895 220.404343 
104.936371 359.019318 
222.619293 349.633942 
91.669960 460.741333 
156.630966 380.926971 
240.113358 540.444153 
196.536133 510.178101 
79.345383 283.101349 
420.569946 385.445740 
107.799049 469.743652 
398.050385 579.085266 
18.667351 83.887131 
155.292755 374.827454 
230.524200 354.561707 
274.103699 342.068878 
17.706913 108.666527 
350.059753 563.361511 
577.436218 173.374985 
295.510010 446.566162 
537.580505 94.256607 
265.568329 569.829407 
190.932236 359.012421 
160.955154 499.360962 
394.293976 50.184612 
238.404007 260.681396 
413.430908 151.657242 
19.061600 298.594482 
413.088196 69.690216 
346.741882 136.775864 
136.137970 312.437561 
318.755981 419.998749 
547.237854 359.402802 
241.181641 302.997833 
580.460632 366.106750 
467.575165 427.562286 
379.105591 55.336647 
47.594036 579.753723 
116.969971 389.450012 
578.644165 58.741821 
255.121689 487.471832 
493.316742 449.880920 
573.829041 579.938416 
437.310913 579.552612 
270.630798 134.313751 
244.998230 45.979214 
130.610641 343.240936 
50.719204 518.219238 
521.957214 468.223785 
200.518860 341.831299 
85.795830 432.092346 
384.158356 362.987457 
251.288452 240.950851 
426.448029 529.688293 
55.526836 369.783966 
297.642151 528.788757 
580.083923 324.220154 
479.847809 53.350101 
259.427948 233.053299 
278.826599 130.997894 
326.352081 123.342361 
328.138885 136.737930 
514.778137 112.133812 
112.773453 513.787903 
115.519012 428.841644 
192.951782 571.729614 
424.757263 325.503021 
179.894485 579.961243 
578.405823 17.241039 
53.561813 525.699463 
38.594795 579.247375 
117.842018 376.896149 
45.126839 499.314636 
380.179382 100.512894 
578.005127 53.013069 
500.345154 548.109436 
190.800903 441.111847 
530.234314 84.871231 
157.316208 198.784119 
59.065491 513.993164 
233.142349 395.584747 
568.996338 579.235901 
86.054741 514.951172 
285.316620 441.517944 
352.959106 330.454712 
194.068420 264.033844 
59.174568 340.749481 
290.940582 393.848022 
464.711609 535.055054 
473.099396 430.090637 
206.377975 303.049927 
497.275696 73.864189 
446.367706 523.562134 
239.516083 419.763062 
67.621460 328.292511 
21.234100 499.412903 
255.307297 303.346161 
98.189621 406.863464 
489.128204 57.374374 
376.059998 358.957062 
117.074181 519.465210 
248.223602 407.409302 
370.118408 359.027191 
268.780304 336.093750 
579.712708 22.539165 
70.777603 510.737061 
307.711853 169.467804 
497.970123 532.729614 
275.993835 473.643250 
278.362274 425.409454 
16.740477 34.197414 
403.789917 526.724487 
132.758408 540.489990 
318.784485 182.712982 
500.909821 541.135254 
299.802795 136.397156 
73.693787 579.056213 
78.446396 485.170898 
313.429626 343.457245 
51.739204 389.786194 
58.213970 480.818359 
238.264755 270.147797 
276.477905 311.649719 
283.494507 169.595886 
20.917809 281.942169 
181.250549 529.904724 
310.038483 196.127258 
416.969971 380.407959 
284.297394 385.148041 
60.641750 517.746399 
16.916588 295.814270 
406.255035 68.257454 
194.386536 226.058502 
423.469238 489.640869 
382.286438 211.289810 
212.883011 507.283417 
498.874451 277.478149 
398.917999 96.107361 
191.146957 168.572632 
77.183640 507.119415 
466.856476 552.944336 
48.593792 72.965080 
440.626801 413.600220 
391.386536 222.227966 
17.502552 397.238037 
512.053650 266.858948 
253.128357 238.910156 
101.115021 362.432068 
382.090942 492.919342 
241.577621 276.989166 
117.794014 561.464539 
457.536865 540.125427 
249.320541 473.555634 
370.943329 56.376980 
290.297058 329.711548 
179.716461 494.413452 
128.789398 546.583740 
261.135986 434.447021 
281.970856 451.268005 
16.682564 85.225571 
214.041382 478.075684 
321.534210 129.430984 
109.654472 286.706818 
104.041008 160.719131 
451.251038 41.048721 
186.989487 525.209534 
529.375000 145.166870 
414.065063 506.823425 
422.234955 532.635803 
51.033863 442.024475 
518.744019 535.228638 
60.000000 450.000000 
572.280090 392.574921 
403.411316 65.195068 
128.725021 527.294312 
429.212067 464.537598 
346.326782 193.100342 
299.431946 392.471985 
74.969986 462.425446 
48.076958 318.086182 
447.452148 514.581421 
223.264404 560.103943 
16.650055 429.389648 
523.380127 467.262238 
300.323822 394.279022 
219.307739 349.062653 
403.455170 375.794464 
249.580139 323.558044 
533.643005 510.571136 
245.884155 290.398315 
174.020248 534.918884 
127.882317 517.882324 
439.715149 284.610687 
404.984039 467.263702 
92.100525 546.390808 
42.285419 437.056580 
415.360107 156.749176 
192.026520 424.572174 
106.492134 558.731201 
59.570072 401.297882 
338.409332 433.370239 
144.553162 346.773071 
308.360199 327.002228 
63.607559 408.279877 
71.587975 460.683655 
193.352692 287.430084 
579.447571 516.549011 
378.628540 299.100159 
216.140869 492.722687 
284.682068 436.901733 
190.516693 252.055801 
20.189789 69.514374 
365.443420 460.450134 
157.207809 408.145172 
551.187744 76.962189 
448.261841 473.049042 
229.308640 554.629761 
524.305420 508.369720 
303.649780 447.218933 
506.211670 151.110596 
348.246429 158.577209 
246.969284 290.091583 
485.258484 56.873322 
396.654327 446.475403 
185.728500 480.203918 
517.990784 114.819077 
263.206116 372.811798 
487.082306 131.761230 
81.803352 501.221222 
515.057129 65.138367 
577.150269 128.644043 
91.248055 494.038086 
97.285683 540.342102 
323.804504 406.790894 
111.780907 370.934845 
187.939148 515.827087 
194.548828 527.815918 
328.983673 463.121185 
355.970520 200.741379 
341.433807 486.718719 
288.691864 170.595718 
120.399490 357.019958 
18.525835 19.487938 
202.351028 500.062988 
335.988220 337.950500 
325.736206 16.600830 
503.671448 248.660507 
71.890839 402.705383 
340.245880 354.641602 
484.082947 520.303833 
383.312897 50.787003 
191.059174 202.096222 
578.826172 503.291504 
374.181763 519.324158 
151.229004 527.677063 
160.305344 538.037048 
390.831665 304.781067 
18.748203 429.474091 
358.687622 365.313049 
306.883820 394.522858 
510.847290 295.334045 
217.313507 265.681702 
61.927425 318.014099 
456.134521 418.428009 
312.781738 438.670013 
323.426025 430.246307 
77.540680 532.518066 
131.786987 577.169128 
205.992569 156.571915 
324.390869 406.820007 
98.530624 547.420044 
245.907791 226.351517 
563.663147 391.022705 
296.760834 349.713837 
143.401688 342.234375 
423.523560 402.335693 
103.310562 478.781433 
288.454315 127.807785 
527.447449 134.730621 
254.692703 525.797119 
190.926315 184.310822 
273.994781 325.184479 
17.327942 275.803040 
147.784760 553.244629 
539.639404 120.557938 
323.080933 324.402191 
347.456512 347.149872 
191.901779 341.345734 
371.174377 519.739380 
50.061604 534.039673 
235.228195 240.352539 
231.418686 494.225098 
576.611145 207.220108 
311.058380 435.100494 
45.224545 295.787567 
172.362961 529.203613 
512.074402 466.441742 
192.180161 175.363800 
420.316498 53.148941 
531.806274 123.784363 
177.901855 468.114166 
579.053406 336.075043 
310.884552 443.601776 
234.482544 507.232819 
242.002396 254.732529 
111.427422 451.779510 
262.792175 450.272247 
27.961636 579.761230 
367.340485 103.983406 
156.074265 165.274216 
359.734985 218.909012 
18.184973 58.328018 
253.093079 482.434204 
153.004318 350.043854 
445.085205 170.960266 
516.410889 494.421783 
378.574982 41.823616 
500.154785 440.550873 
191.660278 283.413116 
52.101887 488.402863 
549.742676 152.509445 
233.701080 428.877045 
18.660915 371.642761 
201.639038 343.958282 
87.695419 450.148438 
78.392517 408.382996 
248.609177 250.244080 
313.534729 547.785889 
320.031921 535.653137 
396.452820 368.663757 
17.456987 189.991806 
262.553680 211.834549 
327.030334 536.642151 
235.227753 549.679077 
16.575718 479.864594 
510.975220 164.953842 
358.228668 39.117580 
141.710770 540.556213 
374.259155 56.202240 
112.415451 504.618347 
116.637726 458.354828 
234.218018 363.043518 
317.426239 118.745590 
331.755981 442.503815 
125.747078 516.128723 
579.596436 78.599373 
201.694946 579.434753 
258.121826 522.070801 
114.982368 355.421082 
17.989136 163.998077 
407.291382 514.539734 
302.831238 322.552643 
47.597786 482.414703 
486.861328 430.059692 
281.737488 171.702881 
79.720535 449.124634 
470.796539 348.512909 
157.363693 192.034378 
547.266113 99.976105 
377.475006 470.713654 
197.439148 239.585236 
75.487450 422.544128 
269.056549 45.889141 
536.421753 381.736053 
292.429718 458.123077 
519.529541 331.107300 
472.813568 468.599365 
495.567993 47.707031 
16.696198 530.766052 
512.535522 134.008072 
357.824738 174.114090 
255.321487 369.199005 
97.130936 422.766754 
377.834595 300.061279 
112.801758 538.188843 
455.857422 533.120483 
248.006226 528.520752 
292.207001 339.230743 
577.957520 40.625076 
521.195557 69.590477 
256.194672 471.256500 
258.684875 521.957092 
178.900986 515.468079 
116.855446 348.417847 
17.660038 28.116207 
269.126282 458.824646 
187.682526 464.389923 
126.170181 293.461548 
529.083008 111.667587 
369.529755 431.854828 
56.180450 486.496246 
338.667694 343.871796 
49.256546 395.710999 
19.027447 262.245422 
355.213776 438.499542 
384.898499 54.446178 
329.629181 351.877136 
62.883999 491.763428 
17.168915 290.985840 
348.244537 359.845856 
144.724106 525.857056 
527.580383 481.438660 
432.339813 536.051880 
485.597992 446.312683 
292.689972 415.034698 
295.409851 454.986145 
74.489044 524.430847 
154.059525 379.190979 
439.818848 415.669159 
16.983532 562.897949 
18.382498 271.981659 
254.342422 329.588867 
320.889984 424.921967 
163.522812 465.974762 
451.779633 476.900299 
403.380066 312.628662 
579.380188 495.530060 
367.065063 40.844002 
266.745697 313.666168 
578.708191 140.350357 
262.494202 462.211365 
41.486225 534.818848 
375.008606 440.786102 
284.686981 52.686844 
281.214172 398.229797 
132.467072 518.061340 
531.429199 114.088242 
414.239349 511.240540 
156.370941 377.470428 
449.708344 146.587265 
514.108521 505.143707 
572.318909 438.415192 
88.763977 540.870972 
41.479832 78.484573 
62.909809 447.255371 
16.851654 319.601501 
192.739334 343.253326 
434.698029 397.843048 
214.182388 485.359741 
296.600891 424.406647 
79.942276 577.884338 
226.553162 543.715576 
17.003670 425.464447 
21.765562 568.362549 
203.186356 156.918350 
220.576080 366.817657 
115.105675 536.941589 
504.750061 119.323318 
212.751373 498.313782 
530.992432 481.975739 
535.528625 384.168243 
51.669624 470.356140 
178.320877 518.703552 
469.652161 578.673340 
41.642487 497.055298 
277.861053 430.259277 
405.000488 397.806854 
91.107727 533.557434 
487.761322 316.946838 
192.358093 393.373962 
577.007874 392.229523 
52.532436 462.989166 
278.492218 340.751801 
18.610405 104.383057 
520.400940 511.307922 
575.030762 18.769226 
540.627930 109.517281 
69.884979 488.176575 
352.665466 441.700623 
141.830505 525.221924 
482.302704 533.232849 
379.891968 375.597992 
211.381500 523.616150 
218.107315 513.872559 
190.814377 236.022369 
74.427277 442.984344 
148.867218 46.083874 
471.202850 536.081604 
48.275665 345.134064 
16.840109 454.443848 
522.374329 490.718994 
305.412781 415.422729 
41.672737 353.348511 
119.116386 579.145386 
452.161438 418.375824 
249.389069 294.162659 
485.055176 125.184250 
316.391296 403.783447 
477.424255 422.828979 
67.697998 480.399353 
272.142792 555.726379 
444.990692 578.675964 
92.481186 474.500031 
440.887787 577.532532 
375.161560 102.081001 
505.721680 579.054199 
141.541718 301.083130 
317.216766 45.747444 
102.050354 536.007568 
54.823460 470.380951 
312.593262 463.253632 
291.841187 139.646698 
123.792152 377.014252 
475.020874 534.630188 
202.445709 528.361023 
270.232880 244.994949 
142.114487 565.142395 
137.545486 338.418060 
536.349976 85.644707 
218.984665 564.927368 
65.605309 577.876953 
191.477249 277.025299 
74.319603 399.290283 
155.214569 553.072205 
161.148300 529.180664 
551.956299 50.947151 
446.620850 396.588165 
227.085129 504.678101 
527.787415 530.818298 
303.485596 469.117645 
308.599609 424.231415 
242.115524 258.049164 
162.652542 544.533203 
60.337204 313.878967 
247.231155 362.141205 
72.134750 445.144958 
534.009277 493.572479 
315.792450 456.267548 
499.146606 72.433723 
561.155029 370.605652 
182.727554 555.542236 
154.370270 577.897888 
324.406250 444.580811 
276.535217 562.167480 
17.011406 577.435669 
512.799194 86.369247 
95.208565 518.091736 
330.306793 466.106293 
241.530182 485.687164 
251.796951 577.658203 
564.343933 388.235931 
309.171539 345.729950 
230.354080 360.027832 
172.893326 46.044254 
17.442142 268.537415 
577.924561 176.191803 
133.691101 322.261566 
538.612793 128.629730 
491.500458 542.734802 
217.093552 524.260132 
190.614258 222.828171 
29.651133 281.871552 
362.115173 390.973907 
368.699829 476.424988 
230.519699 513.485718 
18.044750 310.966614 
306.577515 463.813599 
43.344940 87.962280 
334.627075 51.390556 
241.221146 538.540588 
172.693970 550.197266 
92.942558 374.428253 
323.541626 454.165863 
553.222290 376.815552 
398.147797 308.817139 
232.949692 229.341080 
576.809692 210.069550 
181.360413 468.634918 
258.603851 298.422729 
107.868271 363.846008 
283.623779 316.244751 
239.697876 489.949219 
101.742020 478.114502 
332.951447 507.979401 
190.107773 580.107788 
507.180969 176.218887 
421.521240 381.702667 
50.685802 578.163025 
120.411232 386.776733 
18.814621 87.260368 
479.723389 431.141205 
155.286469 354.187958 
285.562622 580.144409 
17.736996 106.461937 
355.211182 387.702576 
261.765533 180.567017 
534.708496 97.979889 
267.267029 559.577454 
483.630066 130.720200 
502.277435 471.972015 
287.749939 453.561371 
190.603287 365.565186 
576.544678 579.623108 
316.716675 271.284027 
156.817154 519.245239 
237.647400 264.347534 
230.217117 470.236816 
18.603874 301.259399 
411.671173 62.985424 
257.030701 45.873436 
285.826355 556.984253 
247.520737 280.314545 
210.001938 341.194519 
54.162956 308.153107 
503.889404 113.868034 
347.703247 55.100067 
579.432739 362.063354 
480.475861 173.090347 
263.490784 242.699600 
326.578949 116.851105 
573.801025 437.840637 
412.105286 377.108551 
507.488647 449.836670 
375.100159 53.175903 
111.031212 478.014099 
560.333496 433.634460 
566.505188 49.326637 
229.235519 489.466125 
395.066467 461.996979 
126.467651 431.136017 
257.334259 183.648376 
493.567108 438.882111 
16.800730 157.374344 
110.410515 163.218048 
503.541565 513.626038 
454.445953 160.263321 
79.791542 407.299927 
418.392914 577.720764 
316.257538 328.635590 
166.219986 514.944641 
18.391689 345.199097 
518.703125 465.515594 
311.540405 546.697937 
88.491859 426.608673 
545.626770 60.482880 
561.406433 18.621399 
35.960587 284.980103 
59.434067 374.546539 
289.856689 427.374878 
578.758972 322.849457 
478.765656 54.723099 
238.309189 380.967102 
112.106071 530.381958 
373.401703 112.485260 
268.455383 375.741547 
120.757874 496.029755 
479.032867 419.712097 
307.461090 134.032913 
358.454559 521.939209 
567.452148 18.891987 
42.696739 506.897949 
197.528595 335.563354 
268.085602 476.470276 
126.152382 294.832062 
80.920967 468.609558 
415.968475 523.117981 
18.016062 192.715332 
579.132263 190.173370 
310.741119 544.600281 
36.012123 115.573143 
285.665802 447.221039 
62.630749 483.243652 
453.010895 578.680725 
353.068268 350.364105 
429.628998 388.536133 
436.336945 507.474121 
300.189941 554.776672 
555.605164 59.086494 
288.774658 387.532715 
128.840927 326.610321 
463.900208 544.788025 
155.135773 410.565125 
495.480438 71.703987 
448.769653 542.631287 
237.500412 420.193756 
16.554789 555.814331 
19.071220 505.273346 
255.610535 297.614136 
491.670898 64.838608 
299.834930 408.698853 
220.145309 47.500801 
299.104828 191.932724 
398.823853 516.228271 
124.388023 546.022095 
580.089661 156.758774 
262.890198 496.832611 
275.039642 451.384186 
135.054398 536.757019 
321.994781 166.901230 
29.058712 16.621246 
369.743774 454.331573 
156.342499 346.832550 
523.576965 341.694489 
278.670593 327.881073 
444.274597 521.706848 
521.400208 546.279602 
64.482010 511.142334 
16.677567 315.346436 
406.136230 72.202576 
192.858124 217.668762 
212.433868 515.909546 
398.732391 95.987183 
299.350311 428.302094 
579.708069 382.962952 
48.529034 70.935364 
443.116516 393.156708 
447.617310 474.529114 
234.721222 465.168488 
18.980423 547.791199 
98.610413 358.993774 
432.667175 278.836334 
459.246033 539.854492 
248.945953 455.901093 
269.369171 293.127563 
291.694550 318.014282 
230.872055 373.543976 
130.756439 555.776855 
16.723305 82.916306 
504.221924 542.251404 
186.883789 530.614746 
83.649170 531.733276 
420.006165 526.980774 
52.056110 433.148590 
340.136688 422.457855 
520.425232 507.601135 
205.972778 492.186646 
385.197845 38.116585 
63.568451 469.497803 
71.565872 516.017395 
349.764496 436.623718 
139.128235 506.754395 
538.496582 337.377350 
383.574921 356.489624 
555.211365 40.159809 
283.529968 430.829102 
298.489044 396.046143 
18.562939 17.381599 
470.980103 533.047729 
152.664246 521.294922 
392.268890 370.586548 
16.552294 445.561523 
523.236572 472.219452 
303.579834 412.825775 
216.521591 346.756653 
53.439632 356.302551 
138.495102 577.190918 
533.650574 507.827545 
312.599182 424.173004 
269.910645 246.882126 
178.506683 541.485779 
579.532593 125.028625 
363.679443 41.683044 
226.479660 503.898438 
277.208771 499.555939 
577.936279 134.187363 
324.086334 234.626724 
99.540352 577.579224 
376.950562 100.958954 
525.542603 522.159912 
193.611679 414.488770 
69.979393 398.738098 
418.327240 459.484741 
160.882935 45.991524 
55.822018 380.957275 
337.895050 431.707916 
346.048920 418.787048 
125.303764 294.828003 
567.437988 569.675537 
306.487274 414.587219 
204.991440 527.949158 
40.493561 17.122269 
139.762314 535.929688 
275.564240 247.907745 
248.717255 139.539398 
140.692719 549.073669 
137.800354 359.628510 
483.062988 557.791138 
381.507690 303.629181 
323.471436 343.330688 
483.557526 431.632019 
398.407959 179.665848 
573.348938 396.203125 
72.296890 418.477173 
362.330566 451.324127 
156.031143 405.629669 
546.764160 79.869652 
532.145996 82.068794 
223.036743 511.315033 
231.537308 551.185791 
19.564144 393.865417 
413.405701 167.065659 
306.286163 407.292786 
165.657883 524.999390 
505.367950 231.575821 
481.854797 53.166279 
518.272278 132.597580 
259.671875 333.700012 
272.062500 577.380066 
575.592163 27.788788 
577.367920 183.600967 
413.488098 380.853638 
137.833511 580.412781 
98.576050 535.369507 
282.270782 401.413879 
190.961456 519.584839 
143.542267 306.105347 
414.071838 402.943176 
423.646912 462.718475 
107.055832 512.217041 
59.716072 449.794647 
292.288208 166.901947 
522.236511 100.826035 
155.649185 318.527344 
389.744507 100.191620 
75.350967 361.888519 
66.457474 411.098969 
348.553711 425.279755 
145.487015 545.381165 
482.532806 515.361023 
486.319946 546.500732 
345.497925 285.310516 
150.315796 533.707214 
238.464966 206.345032 
230.821152 504.869629 
18.673058 432.022797 
577.806213 261.898529 
308.699646 398.159515 
461.279663 408.171600 
316.791199 437.640533 
321.519592 432.159973 
500.181580 50.959625 
156.998001 323.204041 
232.757385 247.361481 
577.695251 229.371368 
105.215813 366.475525 
328.503052 424.124725 
99.506317 495.140289 
375.649139 41.375103 
312.698120 171.310181 
105.830536 480.984314 
525.761597 143.781708 
154.470978 293.565857 
275.221741 309.539948 
17.157684 99.501663 
402.643860 579.102600 
261.281494 136.507141 
132.479370 294.747314 
269.311249 578.748779 
401.517883 66.304955 
191.990295 347.917786 
312.466492 196.363235 
393.780914 64.086494 
234.583725 250.497513 
124.849213 46.023766 
18.191322 283.595520 
257.782715 136.622040 
44.057674 303.009949 
387.902679 226.247314 
172.380081 527.959595 
24.479971 98.419678 
192.131088 172.188828 
430.930267 477.789764 
425.596100 46.893951 
103.697464 578.162048 
578.010315 331.120575 
366.730530 393.802460 
365.940338 104.795090 
53.492527 118.261772 
510.541473 153.597580 
99.840324 502.193085 
379.302917 453.617981 
331.294891 532.132141 
331.964203 555.512817 
157.474854 184.250198 
395.690002 464.857635 
345.369476 492.336456 
463.213501 129.987885 
256.237122 478.371796 
155.565704 334.071899 
272.046387 376.789093 
331.965607 423.890198 
486.963623 463.132629 
108.753456 157.630341 
502.475677 448.523956 
191.042908 292.080872 
26.980640 114.944023 
364.003448 518.413269 
53.661953 481.715881 
492.165100 322.612518 
340.431488 280.830322 
233.247833 449.488831 
18.972733 372.806000 
135.677353 530.945007 
198.471176 353.210541 
88.025230 470.759399 
296.225891 328.326416 
505.627930 307.994690 
247.049667 253.249161 
314.750519 543.983887 
319.741791 540.503113 
288.726959 448.435577 
579.379211 293.156677 
208.942108 45.964821 
104.936157 285.461945 
16.656174 494.827606 
254.244080 330.267426 
100.790680 460.775055 
385.752319 449.736176 
110.911736 500.911743 
115.971420 465.393463 
107.272202 400.547577 
122.225456 512.225464 
578.654968 74.202309 
527.978333 91.376846 
431.677399 534.518250 
115.591576 362.626556 
413.784760 180.051300 
43.112888 491.510468 
487.452271 436.603516 
264.253815 492.627167 
165.470612 580.415710 
509.720459 453.195953 
126.028519 374.376190 
82.166061 426.208862 
157.321182 190.053360 
547.067322 103.965218 
236.705231 143.835907 
200.341354 299.571198 
374.816681 465.526917 
324.923889 365.560608 
558.769714 46.178795 
404.627655 161.794159 
192.762024 280.650421 
30.393803 311.387299 
289.970001 451.151184 
472.866119 463.942352 
492.596924 61.113613 
107.112732 567.505615 
16.615404 527.711121 
512.597595 115.928650 
253.383377 288.255981 
97.895546 417.730194 
375.140930 298.505768 
110.969475 555.193665 
116.568596 506.568604 
452.952087 539.946411 
24.895197 491.802124 
366.884430 168.945099 
391.178375 382.344391 
290.546967 334.546509 
126.530724 420.977600 
255.422409 464.765442 
249.072281 286.723694 
276.725189 411.086151 
16.701855 19.458084 
147.716232 326.615936 
45.299545 528.646606 
537.772888 512.275818 
500.840363 533.763916 
131.748398 322.288666 
533.959778 106.794388 
366.069489 436.593536 
157.347931 340.906494 
59.299118 497.994873 
336.739746 341.215790 
277.749329 247.847946 
21.813078 269.075684 
16.818581 282.993530 
283.536346 469.387634 
63.554337 507.822327 
66.409271 554.985107 
260.844696 579.564270 
31.320211 278.881866 
435.211761 530.858398 
213.975357 255.717484 
292.137543 413.976776 
295.209381 456.322144 
577.456055 397.778931 
547.567871 360.259277 
430.554626 413.866058 
180.663162 512.929871 
87.741890 579.091309 
382.746674 482.848206 
216.988770 308.137604 
510.694824 144.935547 
35.416126 541.009521 
266.671265 310.948700 
122.497375 523.784912 
126.795425 563.586426 
494.007111 546.811890 
275.772369 478.969086 
17.187706 75.523010 
134.223404 515.411926 
191.215973 158.332581 
190.746658 416.719208 
76.514740 518.028442 
416.676453 520.634033 
156.191895 369.111908 
445.951294 143.793335 
276.644226 300.793854 
18.484039 114.226578 
521.759216 526.877625 
86.558960 538.406677 
541.484253 170.843369 
287.407166 418.539917 
63.222603 442.677795 
16.531439 339.283356 
196.630524 336.756287 
472.723938 158.768356 
435.349854 391.947845 
214.023239 486.579956 
501.525269 306.924591 
296.040588 404.244690 
578.929199 403.375977 
471.313416 547.795471 
156.640091 442.434143 
242.225632 62.193848 
227.156403 522.123535 
18.645538 522.472473 
114.416977 545.854736 
528.469299 479.709900 
123.064667 579.499817 
579.986328 93.916176 
17.032150 360.954987 
365.253906 57.873398 
154.157715 163.907578 
550.980164 430.034393 
277.932983 448.703247 
405.783783 452.055695 
411.442963 534.889099 
90.079361 536.139832 
138.552536 515.832092 
46.812531 117.945030 
192.346176 389.937042 
197.134460 531.807678 
156.936081 329.842468 
279.542114 332.280457 
19.041138 108.365379 
181.314438 543.833923 
204.773193 517.579285 
541.916626 104.720436 
63.433708 398.050568 
16.561632 369.883331 
348.878815 458.363495 
139.196030 529.196045 
569.859985 17.036324 
217.201172 509.328949 
531.261108 519.367859 
190.832321 240.018967 
580.397827 557.182129 
501.870117 287.868958 
206.813812 212.216949 
156.332657 396.938507 
227.190704 493.290161 
17.431978 468.223206 
523.412476 493.027985 
354.061249 215.894394 
253.007797 213.839951 
41.208321 345.222198 
241.775833 264.964142 
453.003387 423.259308 
529.525757 529.800659 
314.666107 400.975342 
235.299362 484.029205 
177.290344 565.087463 
580.371582 243.982758 
520.735535 152.673767 
274.187164 563.851990 
41.006954 446.702148 
286.209106 335.624847 
276.260681 477.719208 
403.063171 449.735107 
409.842407 401.090607 
95.243996 481.976105 
86.245377 350.474457 
332.724426 429.692139 
113.404495 358.545929 
159.485703 464.768219 
191.126495 503.991211 
196.217102 535.045288 
423.095581 461.604584 
103.679855 543.057251 
54.989544 453.536224 
124.556213 370.113037 
18.366890 155.602081 
475.079834 540.443176 
254.487900 576.688477 
385.050201 165.147552 
237.143250 320.904449 
68.729431 441.766113 
184.392502 578.450500 
136.661423 335.310669 
32.722755 93.244865 
319.011200 366.382111 
219.403046 559.946289 
524.228271 477.652313 
578.202576 511.061066 
364.647858 428.245758 
152.081238 535.754456 
107.952881 86.280029 
447.092285 393.020355 
18.761841 465.343201 
305.703369 465.571625 
297.308197 319.098297 
343.285034 52.223499 
349.866150 175.769379 
142.082428 361.178864 
316.410736 455.859589 
323.544922 438.033936 
397.570831 464.256256 
233.371368 241.107224 
577.670593 198.746262 
525.690186 87.335228 
262.342163 306.621185 
324.206787 438.868896 
17.612335 573.379150 
511.302734 68.138046 
411.942322 454.617157 
91.651932 430.149567 
333.657867 472.062958 
243.587402 478.791382 
140.210251 330.825684 
289.553497 560.007324 
182.096237 527.896973 
467.753174 47.147461 
49.110809 543.707642 
329.207214 174.819839 
346.595612 510.722870 
68.816483 389.860718 
356.798187 447.715302 
135.112274 293.919067 
426.179840 577.884521 
397.195312 63.410492 
190.774506 231.856888 
250.258301 460.498810 
302.937500 519.019714 
86.207909 412.432251 
545.974854 355.943176 
65.529640 266.512787 
319.432495 456.602295 
292.026031 555.445007 
580.419373 351.116608 
463.891479 423.095367 
259.353455 303.962677 
283.781586 322.794098 
235.298706 494.830383 
80.198944 539.826660 
128.566544 509.755066 
98.834694 519.424438 
379.487183 437.589783 
470.250671 43.108524 
243.339706 533.991882 
197.035645 500.843506 
421.912292 399.523865 
123.958626 382.421875 
564.881592 436.049652 
475.808105 434.854614 
153.585373 363.311432 
275.889069 334.855743 
396.570801 254.559296 
191.066177 370.264374 
579.746460 571.465515 
75.681610 540.981995 
315.754028 266.355164 
225.448166 403.415131 
319.874359 59.151108 
302.641022 551.793884 
42.379829 327.527557 
214.410782 352.296906 
286.986908 560.692627 
246.649567 261.777222 
211.184525 344.550140 
57.948601 312.264679 
295.633392 546.139648 
579.781433 358.399170 
368.879974 456.640015 
329.205414 524.307373 
239.260437 538.705017 
18.206461 573.588989 
378.591095 383.592560 
374.820862 42.037594 
246.286957 475.639160 
79.438629 338.158569 
392.392578 443.982666 
326.088348 335.325897 
320.979950 449.768799 
576.695557 45.113724 
69.033112 500.335876 
252.025833 498.213928 
257.491302 515.284180 
494.931641 457.533752 
17.516932 153.063141 
490.998535 438.868561 
264.615906 513.248657 
509.666840 468.512207 
129.772339 333.439911 
28.114349 92.287987 
516.060730 329.450348 
18.147757 352.846680 
388.778442 389.215271 
308.474365 554.136475 
88.749130 447.774078 
389.574036 305.274811 
329.192963 186.672836 
508.766846 286.354401 
54.140060 359.741486 
472.865875 457.928162 
239.495621 387.035950 
16.857792 517.568481 
359.162567 117.933990 
168.194565 580.406738 
73.740166 478.899902 
426.958038 37.071678 
232.230377 47.454861 
466.731110 169.755203 
256.882843 459.669556 
274.267090 443.509155 
16.534985 16.828686 
269.344391 473.035370 
502.220337 559.063293 
190.683762 454.314087 
128.511993 302.476166 
83.593307 452.593384 
416.487610 531.736938 
366.064117 438.115906 
49.430573 558.327454 
59.240711 501.994446 
388.641876 306.140503 
326.179626 339.473969 
62.190701 474.187042 
127.780602 539.936218 
431.451111 390.411865 
555.286987 52.376373 
396.110992 246.101013 
524.228271 455.539612 
72.937370 534.339417 
466.231903 526.844910 
473.235229 439.349609 
439.688110 524.479553 
449.245483 538.442688 
234.571014 429.907349 
16.852600 548.055725 
110.039482 577.488831 
26.266626 559.092346 
296.010040 558.226562 
451.064484 155.522827 
127.690392 449.312714 
123.158951 542.905151 
578.137512 152.987717 
520.965210 63.934425 
206.455765 580.469543 
495.236481 542.389465 
274.038239 456.994873 
279.779785 384.301910 
17.365477 43.301674 
489.617889 357.844727 
296.773621 124.510361 
83.101845 517.001587 
314.348694 330.320404 
336.787506 361.155396 
277.802582 323.036926 
510.784363 516.349365 
85.784363 533.012085 
274.893097 147.947876 
17.683014 310.205688 
192.829163 210.967407 
214.334015 516.972046 
299.719147 435.348114 
525.965576 129.784409 
415.661438 70.279655 
204.690811 345.494415 
48.051334 300.199585 
22.525101 552.716797 
356.884552 107.175026 
119.025337 522.756775 
459.818054 532.915100 
141.172043 160.828003 
531.719116 494.849548 
371.688416 42.184284 
292.721985 317.886200 
578.432312 108.777061 
261.694061 444.427582 
231.369095 353.502563 
273.427734 503.237274 
280.236328 464.018646 
80.952469 512.290100 
403.759857 389.893921 
87.334991 288.323730 
378.490479 577.806641 
318.529785 119.808655 
506.023987 536.414368 
187.196365 536.393860 
193.989960 452.584076 
17.865685 278.161530 
425.571045 540.396851 
52.621235 428.969055 
410.231140 158.032745 
338.683624 416.412750 
19.078156 95.814140 
542.091431 96.191261 
60.192947 462.443512 
575.682556 403.688324 
352.445831 426.599640 
194.258850 364.798370 
481.872986 542.557739 
382.965363 365.851990 
578.738831 504.151062 
257.299713 571.817688 
481.233063 432.266754 
140.737289 518.766113 
578.835205 524.661255 
363.719849 295.217438 
53.554462 307.745697 
18.503384 540.419250 
227.735916 551.447998 
18.052355 407.337738 
441.905029 531.744568 
63.550327 346.671509 
454.832458 403.093475 
195.307526 52.211281 
530.234253 501.249634 
312.818787 417.938324 
265.765564 242.344208 
178.702713 527.692017 
578.080078 116.130341 
517.889038 144.868958 
360.604706 35.767677 
271.002655 567.121094 
257.785980 158.481354 
100.091003 570.750427 
332.172485 413.720032 
113.159622 352.948059 
554.430115 379.521393 
193.956894 410.028442 
415.339539 395.519806 
29.900162 154.621460 
343.360077 423.266998 
121.505585 289.732117 
554.314026 572.224731 
69.865471 472.054382 
246.040787 60.975163 
481.714020 546.823669 
436.235504 468.843109 
323.899658 350.504761 
325.219116 127.738670 
190.526947 266.749939 
76.428711 410.774170 
360.492065 445.283539 
53.061623 362.851929 
239.132538 235.655838 
281.088470 45.855305 
526.823853 520.337402 
389.819153 459.695923 
308.157410 412.512909 
414.538177 465.227142 
166.481033 531.073059 
455.789551 400.632965 
351.355865 172.743805 
535.091797 508.336456 
397.558105 460.320770 
517.357605 131.274673 
326.774109 434.952972 
575.894836 32.789207 
413.436890 470.524567 
91.363800 507.388794 
98.514961 533.101257 
191.336395 176.121552 
241.070358 494.034698 
147.486938 518.093079 
519.876343 309.823883 
107.439728 517.901978 
124.763275 343.674866 
392.865875 309.233978 
307.684143 334.054718 
155.723511 329.712769 
333.322296 349.552734 
325.674347 171.835342 
358.395477 431.790649 
144.852890 534.852905 
30.039244 115.374924 
380.991455 64.310112 
191.230301 213.291504 
530.884033 315.832825 
370.557617 489.979187 
237.169205 210.432709 
232.467880 501.547852 
527.153259 333.929108 
359.670197 374.457153 
310.838104 452.404266 
45.688026 73.617752 
569.266052 572.237976 
144.464432 303.949646 
508.118073 195.532104 
461.425415 404.965363 
193.876511 159.636673 
136.858063 46.057461 
35.740734 383.086884 
316.012817 427.238861 
579.921387 226.470917 
69.560402 496.463562 
259.632568 283.310730 
106.413666 376.187195 
327.705017 415.097168 
301.719604 175.370010 
498.399902 129.518051 
97.185921 491.781982 
193.868988 296.567169 
83.085503 525.488525 
337.825867 115.121933 
240.290985 503.179077 
139.882584 355.800720 
105.711121 467.377289 
343.175690 437.993164 
525.582947 146.283020 
153.775467 371.517334 
17.525146 95.878609 
354.757782 424.787170 
539.665771 112.335274 
267.946625 570.554077 
501.538513 460.306915 
191.024750 348.686310 
315.411102 340.567322 
235.711685 256.112732 
18.302568 292.022003 
309.918579 449.982147 
329.967590 272.934235 
168.170242 519.097778 
504.460754 248.342651 
192.596115 163.633057 
74.549057 436.276855 
35.974548 349.848541 
420.716980 60.105511 
225.733551 367.084808 
580.496521 377.814941 
161.203049 579.798218 
128.836426 543.394226 
510.608948 158.021606 
97.692879 446.367493 
382.413147 457.180328 
110.159149 467.436066 
117.686966 379.409454 
81.531555 343.507233 
447.524811 335.979126 
576.860657 62.971199 
577.085571 166.004044 
191.417740 296.119476 
49.870758 475.588501 
301.267059 436.637360 
390.747070 16.546272 
199.031250 335.504028 
87.573341 466.991638 
387.012268 366.701355 
251.638885 236.063889 
430.518555 524.121521 
316.280914 539.220276 
289.048737 443.047272 
183.289749 464.945862 
385.457611 518.955383 
490.849365 554.317993 
504.319733 142.274841 
513.585510 490.314056 
385.530243 440.500061 
111.152931 518.080444 
115.377899 470.741669 
195.247498 578.544373 
386.731262 454.247467 
577.215271 71.621185 
309.820831 123.030304 
270.403259 421.345581 
114.519302 368.773315 
406.563263 476.288177 
305.301270 332.166351 
46.606113 494.649994 
267.538483 487.698547 
20.073265 458.874756 
283.099518 463.961121 
79.976204 437.581604 
414.961945 534.630371 
19.998413 539.761780 
547.859192 108.863449 
336.272644 326.694214 
511.900116 530.148376 
200.248688 301.106659 
545.844910 81.352394 
373.060822 434.849915 
324.457764 359.205841 
563.263428 53.005066 
348.554321 339.703735 
192.781036 275.994019 
510.168884 461.324493 
140.571075 441.683716 
512.634827 319.778748 
469.717865 436.623749 
444.198456 533.842896 
17.554035 540.595215 
510.852356 121.997375 
184.178940 519.929871 
254.831665 287.393768 
100.400566 412.223450 
489.415039 77.119667 
377.684174 363.761536 
116.926598 515.738159 
454.455353 540.531250 
240.314346 473.744720 
246.655563 422.810852 
35.227104 579.494812 
391.119446 388.448059 
399.230072 507.852020 
576.875549 25.358004 
516.587219 82.814507 
308.157928 166.329681 
275.809082 464.960480 
433.741882 142.498871 
17.189951 36.484825 
408.870422 521.533081 
133.539169 523.539185 
211.995926 573.426453 
500.946960 539.245483 
563.669373 580.367615 
325.648682 459.718384 
184.910889 45.972687 
375.105316 491.420197 
423.100922 578.976196 
156.779572 331.924591 
56.676601 475.335846 
279.166779 313.664886 
511.598999 479.054626 
310.977722 191.528870 
89.502136 548.425171 
286.163849 383.562927 
65.497070 503.135071 
17.332680 302.213379 
437.750580 524.261902 
303.631317 123.003021 
288.648468 406.253723 
191.518524 165.532974 
75.323097 515.134155 
467.606812 546.291748 
365.696320 356.022797 
209.912231 341.430176 
442.508331 407.612366 
19.262672 488.424805 
253.141663 242.610565 
97.362869 366.392853 
120.081261 501.269775 
528.894531 467.065033 
266.422150 305.153656 
497.887268 363.375183 
176.888031 491.585022 
184.450912 574.450928 
17.081736 345.960815 
257.019165 417.538940 
310.374390 131.776779 
276.766632 458.395264 
67.726845 580.113708 
45.202412 385.555176 
192.862762 367.656708 
507.173370 552.109314 
191.996384 424.893036 
528.273254 150.080978 
427.210938 472.350555 
519.209595 544.964172 
262.410400 456.473145 
286.564972 425.721649 
60.281403 461.576294 
16.667992 330.442291 
456.140442 580.449951 
138.432281 496.328308 
536.471130 349.521088 
435.447754 389.691986 
318.598145 265.335419 
242.766876 235.218765 
579.759888 541.784424 
154.918655 437.439697 
440.558594 470.508331 
353.187378 43.888180 
17.709377 437.068146 
18.649366 528.737793 
303.339996 398.923096 
240.118774 270.602203 
405.307831 369.113647 
579.910034 530.968140 
282.805542 564.885254 
174.713333 508.835205 
127.688385 511.079773 
364.834625 50.112690 
39.484104 458.152100 
278.266663 443.450745 
95.924644 541.112061 
187.689865 563.991638 
419.479187 472.217560 
425.604950 516.567993 
52.502151 452.789673 
56.872482 392.804352 
341.971771 441.700409 
565.125977 552.407532 
516.454834 476.997437 
208.699341 515.304749 
542.088379 122.488937 
61.918591 394.738708 
67.224991 453.435059 
192.515747 293.977997 
216.957474 499.842041 
190.569885 250.113647 
579.778564 547.565979 
50.369347 335.750732 
341.319214 131.406143 
225.574951 478.187378 
524.743713 503.403595 
304.281494 427.164246 
45.105148 17.529190 
304.073456 194.674530 
294.818665 339.217072 
62.337578 367.093506 
509.872498 159.943344 
146.513748 512.024170 
530.038391 523.289246 
197.990677 517.924316 
243.573563 287.788940 
178.468094 550.409302 
578.828430 236.540497 
520.486755 124.826561 
263.306458 371.630371 
324.223206 455.909119 
279.923187 496.498901 
570.665466 16.953745 
18.892208 190.453964 
411.866730 395.581207 
330.839233 433.253754 
112.837524 46.079395 
187.065353 507.500671 
138.312057 297.798157 
107.420494 523.885010 
59.948593 460.968048 
72.754189 459.260315 
176.783005 45.282459 
18.985493 157.905457 
478.331085 548.319336 
198.329147 519.477234 
67.497849 447.210327 
354.156433 456.024292 
72.171295 395.480652 
378.524109 42.053802 
191.318298 195.385330 
18.432243 75.722412 
150.509750 540.509766 
161.604156 540.854553 
549.448914 60.857338 
341.283844 180.814621 
41.966248 294.748383 
377.431580 484.222717 
218.560745 271.364166 
65.077431 325.568817 
460.345215 420.830322 
146.442154 579.739563 
368.751221 369.688049 
266.245117 178.258102 
233.286957 237.891617 
578.994141 192.369049 
542.052979 516.678894 
547.929871 565.625244 
325.164368 412.017914 
514.479248 73.914047 
303.163452 171.283600 
101.029854 553.782654 
160.921814 523.265747 
471.764526 53.862423 
297.959656 345.333282 
515.398743 510.500122 
105.254875 495.254883 
341.429962 501.184082 
345.738434 441.525024 
569.276184 401.493774 
466.616455 48.877163 
253.104202 528.219604 
273.701752 319.501892 
70.838081 395.687927 
377.293427 527.744141 
539.798279 114.148834 
489.385132 532.358093 
35.983276 87.748009 
191.289612 331.933167 
162.905426 503.514099 
23.670662 323.016998 
355.720001 349.812531 
306.415222 429.779877 
42.432434 290.812012 
545.829163 373.264648 
68.293526 506.949524 
516.645081 532.993103 
170.271759 538.656616 
155.143616 404.542908 
269.689697 134.848557 
553.853027 364.421661 
577.776062 342.996094 
442.469452 538.467285 
284.491028 329.895752 
239.931305 502.243622 
144.915970 161.477890 
383.246674 440.195679 
330.535706 519.685852 
110.292030 461.984436 
234.318878 217.898621 
17.511650 537.844238 
157.053314 171.726624 
343.045654 509.211548 
214.873413 310.011871 
479.449951 442.598907 
261.128204 574.616882 
271.190033 338.215057 
17.031597 114.237366 
348.445282 496.587250 
190.655350 376.409393 
441.808197 158.876282 
49.989311 497.621521 
550.847412 145.180893 
529.178467 580.231812 
198.876160 360.854736 
84.319641 461.538116 
180.705231 539.949036 
171.938461 494.527069 
563.567017 16.536791 
511.252563 470.707489 
246.911545 266.152496 
428.383087 509.476105 
321.052673 409.208862 
501.917786 170.820297 
401.285767 373.445435 
296.459717 553.670410 
578.206299 305.145599 
467.850311 473.232452 
305.710022 324.702789 
329.842163 540.247375 
236.381653 543.796143 
18.524580 578.034180 
68.530090 560.736267 
149.940704 165.982635 
240.128693 251.847565 
110.242676 487.767090 
105.160248 408.925873 
393.672760 447.093811 
24.021988 310.434631 
578.301086 84.636185 
474.948395 386.176910 
263.589417 565.792175 
551.075073 580.154968 
274.631531 379.875000 
16.549995 168.837112 
412.510834 576.665161 
45.551342 478.490784 
491.811523 444.920044 
266.272614 507.928162 
