17.535261 463.640320 
126.609802 341.561005 
78.351456 439.568695 
53.341526 500.875366 
228.958466 414.133270 
19.304657 211.319168 
84.950378 442.411804 
373.545135 455.049652 
30.563147 321.122162 
59.723293 363.053040 
288.746826 463.878387 
17.028841 207.059906 
238.611588 390.675262 
17.726042 513.108887 
256.222198 372.117279 
389.188995 462.182281 
110.582771 542.716919 
114.438759 449.330231 
241.207916 441.860138 
251.527573 526.270386 
25.761324 499.023071 
193.438492 496.459686 
58.130981 577.986328 
288.466187 347.734894 
16.592953 335.038605 
253.439117 452.942261 
263.571106 511.511993 
271.460236 448.298645 
118.611740 342.419434 
320.536743 342.105103 
305.298981 359.527039 
87.688126 198.350464 
487.808716 395.921173 
268.105377 462.077393 
108.922394 228.617645 
83.871788 458.447205 
316.801636 367.475739 
51.286434 553.355469 
57.196999 506.040741 
122.676933 220.297440 
18.917469 209.782593 
202.764877 473.775085 
141.501160 172.041077 
286.983002 456.982544 
61.857300 492.005432 
561.391296 73.913956 
350.555084 360.867645 
94.934387 226.928619 
430.872559 397.223938 
58.867397 210.042496 
290.696655 425.349518 
296.490906 470.424469 
211.496490 577.389221 
362.825500 372.198700 
103.393784 214.303986 
235.025375 436.101410 
17.018036 568.493652 
19.025875 520.618408 
375.047302 337.853943 
114.779602 486.789642 
209.659180 408.554474 
246.759201 396.697418 
25.305956 552.044312 
125.598434 539.098389 
126.608711 527.813538 
128.283646 309.092346 
208.769196 574.469360 
40.136547 543.425415 
236.892044 358.359039 
277.632904 380.917145 
91.330338 580.047058 
266.366150 421.739990 
108.138374 263.935760 
557.513794 457.709381 
191.401291 403.490601 
140.277832 197.465134 
16.558605 262.343262 
50.873058 416.581787 
55.080025 550.923157 
157.150833 350.039154 
85.441391 527.700562 
38.520710 494.882812 
65.774139 427.795441 
71.689690 536.133911 
44.466606 376.235046 
196.502304 351.495514 
437.664124 547.478271 
211.996841 476.695312 
547.276917 579.616211 
299.140045 418.107574 
77.175209 486.124878 
365.515594 331.258209 
206.945969 360.495178 
156.840195 428.438324 
239.992569 287.732941 
17.573605 407.573547 
524.088074 438.826691 
202.736816 154.618210 
220.282455 375.816589 
117.153931 531.931519 
157.140961 177.078461 
456.959381 526.356384 
251.231949 442.129364 
33.372257 551.722473 
268.499207 280.071686 
343.910370 359.684784 
131.280609 496.570404 
261.918213 406.779633 
36.346401 476.295135 
270.177887 508.369019 
280.649078 433.407654 
405.497284 390.292328 
92.124557 525.832214 
45.983391 410.543854 
268.466553 378.847015 
328.640961 311.981018 
193.388580 399.324005 
51.097607 470.201721 
57.126015 422.842010 
339.562408 413.657349 
122.229172 327.304291 
16.594643 295.860535 
202.141769 385.116211 
208.007721 504.876068 
45.434769 549.746826 
115.855850 164.040466 
17.062054 359.687805 
349.960663 449.458557 
196.250824 355.591431 
148.763687 469.542664 
214.790573 564.041077 
334.709839 146.749191 
294.531769 389.963409 
76.780243 448.844849 
150.476074 509.340546 
51.395947 353.273041 
227.707565 554.873108 
16.697313 458.799591 
18.158028 412.780884 
302.038055 423.903503 
101.104622 255.624985 
428.914093 364.013916 
316.901489 413.597809 
157.132401 307.095215 
73.322914 374.186523 
258.299286 398.049438 
36.430931 437.093262 
443.225250 373.578308 
306.430847 359.041504 
412.540894 408.279449 
46.040073 455.936584 
335.405518 414.411438 
270.528870 579.225952 
192.473694 406.554993 
83.714203 223.379349 
105.811852 554.932007 
54.017498 463.905334 
120.137619 286.370911 
308.871674 298.861694 
206.752045 537.140564 
334.604279 313.734039 
61.057114 415.989227 
70.713676 430.876190 
352.906372 383.045380 
323.585419 133.534302 
147.409576 474.574432 
435.415100 467.546661 
212.274643 414.610107 
217.816589 475.595764 
75.865295 405.028046 
132.704254 579.638672 
52.543835 359.443726 
20.523499 450.946106 
305.298401 452.157745 
306.515259 414.208801 
99.255318 261.999664 
40.060238 291.188232 
32.382263 420.968842 
78.276779 419.214050 
28.681355 431.570648 
33.361588 465.265778 
400.220306 451.861145 
210.589233 302.857574 
74.830963 334.612762 
39.811352 415.858521 
91.636887 513.680054 
97.453903 525.238770 
141.568512 522.728760 
334.897644 457.358063 
113.579750 398.461365 
244.582962 488.002319 
139.035568 319.157593 
179.906738 537.899170 
422.954376 427.159424 
104.450356 499.239349 
55.621956 436.037231 
122.600708 337.017242 
41.128735 530.147339 
201.802704 492.878967 
207.556412 396.587616 
119.628677 202.632721 
71.796616 422.782928 
513.174255 419.036316 
132.418655 326.767212 
116.957748 563.895020 
345.454956 367.429901 
222.272446 471.235779 
19.409029 448.486786 
307.136139 461.560120 
100.088463 218.728226 
47.246586 516.831909 
530.056702 456.119873 
275.766846 464.491425 
74.928772 438.059967 
466.798523 384.408264 
107.982513 358.070221 
237.414154 484.161072 
301.614838 577.273743 
93.947159 457.259979 
101.537689 482.206451 
113.395348 428.645630 
241.145401 543.797791 
143.958450 362.856903 
423.956970 386.140259 
107.185074 471.399719 
121.627365 390.593262 
448.662567 440.271576 
155.914825 374.915955 
177.917038 496.930603 
493.247742 394.790649 
275.551636 342.442810 
118.493813 243.895416 
136.784149 451.396301 
17.883867 452.904266 
265.754211 566.232910 
216.430786 395.401154 
347.079926 340.944336 
191.295471 354.217468 
127.156158 209.034790 
367.606598 446.495972 
160.945312 499.226196 
225.677063 416.600464 
232.874481 451.514648 
23.397430 296.486420 
355.324402 328.167664 
84.098351 379.800323 
36.945339 520.087646 
171.401642 515.011414 
31.463684 332.554199 
245.402573 316.654297 
399.868408 346.896454 
467.486847 431.251068 
318.804718 439.524139 
318.995972 364.212708 
146.017044 180.867691 
101.492554 442.806427 
380.310822 462.516052 
113.155792 480.678589 
114.246872 388.677368 
560.593872 430.848083 
296.496155 293.985199 
249.323730 490.028046 
107.780029 417.149811 
336.612640 578.017090 
124.750191 444.697723 
126.309570 446.501099 
137.704010 478.341187 
255.599548 491.244720 
117.894821 286.260803 
571.298645 580.324158 
302.055328 297.601532 
137.369629 411.346649 
42.887482 499.731171 
221.922501 444.445587 
328.936523 330.384949 
126.627663 345.790009 
79.729149 420.428009 
71.256096 375.436127 
50.817081 517.967712 
323.306976 463.175262 
122.043198 181.741501 
514.292297 425.373840 
520.587036 472.124847 
198.692520 341.671112 
89.679123 435.345825 
377.492584 399.876556 
283.479431 493.302704 
61.528584 528.716980 
209.527008 438.579193 
30.213947 305.980988 
213.179581 230.829834 
57.538219 368.270203 
245.953323 307.847046 
77.077423 209.398773 
226.087875 315.735229 
17.514608 508.483093 
386.936035 439.891632 
96.278030 401.681122 
434.948792 366.065979 
110.170280 510.160126 
118.501434 428.196381 
242.618607 411.287079 
107.951378 386.131592 
124.684387 500.277893 
129.005615 394.318665 
476.163818 409.760864 
255.620621 444.907990 
39.787113 579.598145 
273.600220 402.775085 
132.937134 393.244904 
84.784737 197.415405 
266.807343 483.121063 
507.630157 440.648773 
130.831955 363.944061 
83.299614 463.555847 
52.504997 526.576477 
54.797920 514.733582 
339.689758 318.523376 
230.666077 393.809692 
45.986176 208.711472 
334.542725 170.577072 
326.928406 372.056122 
63.037384 558.747986 
139.060287 416.851746 
91.237137 206.158142 
293.212433 394.596619 
297.916290 476.813721 
73.365669 550.101685 
155.651276 402.752319 
103.483986 242.713669 
236.687103 415.603210 
69.962929 329.618317 
18.949409 499.862915 
127.247650 194.101929 
97.554008 402.152557 
377.176331 357.749084 
118.455070 519.489563 
240.916885 467.402252 
251.475204 404.234344 
268.427246 340.329620 
125.944603 552.638245 
129.773407 411.728790 
258.009796 486.852844 
270.714874 472.931702 
279.985962 424.609619 
413.253510 514.237549 
147.852478 313.074249 
45.827114 541.215698 
193.951233 376.681641 
265.966644 438.209961 
111.984070 253.117676 
190.623932 387.792572 
75.034622 579.571106 
80.895668 483.045807 
368.628906 468.047882 
53.660187 387.738831 
56.255070 482.720123 
338.057190 374.855560 
310.840881 303.920013 
123.589767 194.808624 
19.443562 278.194336 
203.832962 445.975006 
89.142181 567.592102 
287.125824 387.976471 
64.698273 520.749268 
572.786377 448.608978 
143.189331 458.225464 
134.114487 277.348114 
210.998489 506.609619 
299.458313 446.726776 
72.529633 504.361206 
212.770950 350.076935 
150.083145 472.624451 
102.724693 191.298340 
234.769791 461.746948 
16.977224 399.212524 
18.403656 493.039062 
100.488434 360.781708 
219.642410 297.931183 
45.086617 494.149567 
130.430557 176.257782 
250.315170 473.464874 
579.958496 539.325500 
34.119766 531.438232 
85.950951 497.077240 
229.202728 354.208313 
268.089386 487.218475 
514.266479 362.423218 
263.482544 436.311432 
64.293289 200.808212 
281.418427 450.210022 
146.860733 371.691833 
45.323059 392.368805 
377.810211 460.852631 
268.911682 398.192261 
112.541946 284.034912 
557.437866 432.540771 
188.431244 526.996094 
81.922211 524.843628 
53.424633 442.242401 
59.068108 525.534241 
338.076782 378.646759 
122.810127 250.773849 
205.044235 476.465179 
60.000000 450.000000 
67.061897 510.310638 
348.876434 322.410126 
143.948196 501.845093 
429.650482 466.395599 
210.508270 550.485779 
275.575043 392.864197 
294.310669 390.495300 
77.485153 464.548187 
17.590837 210.152618 
150.303268 512.240295 
222.704330 560.494263 
16.650055 429.389648 
18.566755 536.382019 
302.829437 394.798431 
40.783672 377.378052 
218.508881 348.050659 
450.377014 440.972229 
146.400726 517.881531 
32.766842 478.254395 
46.529224 338.555267 
231.254593 317.976990 
127.882317 517.882324 
418.637604 360.636719 
40.561928 454.899078 
228.140350 353.114838 
402.724976 467.622375 
412.986572 525.190247 
93.537567 548.791626 
46.539455 434.602234 
193.468948 421.372131 
82.136810 206.453842 
414.523743 455.517578 
105.017578 558.776611 
58.579403 401.134674 
280.993317 345.354126 
123.634918 302.616028 
134.334534 499.608276 
206.389374 530.570984 
61.116016 408.786530 
70.633980 461.954834 
192.720886 286.320435 
148.643234 492.319611 
580.113953 563.892883 
437.977631 432.888306 
212.439819 543.221802 
216.929138 497.732300 
72.890434 420.711182 
365.918671 457.115234 
152.572479 481.092377 
156.010559 408.101379 
446.768921 473.444275 
224.902222 481.841309 
231.552750 552.980896 
18.834166 389.463043 
300.817047 446.372894 
259.843231 579.315552 
41.463966 310.064667 
159.163879 530.301453 
91.793594 419.254761 
34.823940 448.866669 
246.761108 323.012482 
399.755615 448.878052 
175.881378 557.356934 
338.178802 149.206512 
192.132935 439.556793 
259.772095 372.009094 
41.107304 410.262634 
287.106720 347.886383 
281.583130 489.810730 
78.704147 499.639130 
413.324432 387.439056 
93.211647 492.372375 
96.697533 541.063904 
322.123138 403.854950 
190.093445 515.292480 
143.872406 304.781616 
324.275269 462.251556 
419.121185 421.838501 
424.151520 468.302246 
106.486778 531.009399 
58.206104 441.537506 
345.305054 381.962738 
123.709030 358.840057 
202.979233 502.741364 
140.855820 163.608902 
332.629669 339.234314 
18.158146 559.915283 
114.399681 229.245224 
66.145218 404.295349 
145.237381 503.094910 
215.380966 393.590393 
503.534882 403.295227 
72.641182 382.891296 
153.757156 525.053162 
222.394180 431.725983 
18.914001 431.302399 
359.548279 364.448792 
307.013611 394.853210 
100.102211 189.831024 
375.255096 474.032654 
164.081772 511.391937 
61.927425 318.014099 
143.656357 160.771652 
315.971100 443.703369 
322.482147 430.257416 
72.107040 528.767395 
347.882294 352.902100 
129.835587 580.454041 
260.566620 322.469879 
548.205017 527.361206 
325.567139 406.765350 
88.155304 359.959473 
90.835266 440.961151 
99.880577 548.968689 
111.279938 422.199066 
285.308014 405.565948 
295.600433 353.357758 
314.458344 458.337524 
102.433060 476.342377 
342.859192 449.011780 
122.596062 411.349030 
253.557617 524.984070 
327.354126 140.431549 
17.637718 273.205902 
138.300034 476.641174 
215.092773 434.183441 
216.488052 413.201324 
500.970490 401.028931 
191.537582 337.245392 
128.181763 261.604523 
157.808731 493.605652 
224.410522 400.997375 
231.998260 495.266724 
511.031769 435.914703 
311.931610 436.694122 
84.750076 421.978363 
213.829102 360.443848 
407.470398 502.133240 
520.878784 336.891296 
222.247498 372.994385 
46.641079 300.793823 
90.809082 386.315430 
96.969917 504.040314 
330.242035 527.639954 
113.329117 452.738770 
117.527122 418.385376 
295.707001 295.185272 
28.358809 579.246338 
421.912598 361.453217 
107.996017 446.265320 
396.502258 457.044250 
123.299187 465.670349 
255.291275 484.469971 
208.800003 451.115112 
493.108429 419.792816 
217.662628 437.423920 
116.945839 317.926056 
136.464279 429.018829 
480.569763 389.795135 
523.267944 334.383759 
48.605114 298.880280 
505.104218 402.678833 
191.387146 285.930695 
130.835190 231.113312 
82.364098 383.985901 
231.239273 427.423096 
19.465042 369.736053 
33.515339 394.254456 
199.907227 343.151550 
88.015419 453.232819 
41.098507 205.176819 
285.141205 476.921997 
63.174812 211.249908 
34.820190 518.107849 
91.574379 243.879150 
323.183105 128.694427 
314.144379 547.709290 
320.111511 539.812561 
242.533234 324.221130 
74.874763 225.079193 
469.270355 414.406250 
325.331299 539.635925 
234.986923 547.885254 
17.758282 478.141602 
515.506165 474.885254 
410.524689 355.246429 
97.092369 466.869934 
113.215889 506.263031 
116.441322 459.149323 
558.466431 454.492310 
245.989319 383.764862 
83.833130 377.224945 
105.773125 394.841064 
447.549530 375.946320 
123.485390 518.912354 
131.283417 472.939423 
477.415497 390.888306 
199.277267 580.465820 
114.237190 355.489380 
43.344242 483.262146 
111.962982 193.625687 
296.522675 579.081177 
128.067841 370.643372 
79.668983 448.254913 
360.060913 480.539001 
316.671143 306.332275 
48.756947 543.587708 
228.632126 384.285004 
144.140350 320.266266 
47.382969 186.759064 
377.810638 472.459625 
61.298008 553.283569 
138.171219 396.590088 
93.919151 190.472565 
33.555313 324.039246 
292.348175 456.856079 
580.037598 445.307617 
520.860229 335.922516 
102.444618 249.499664 
234.632767 396.381714 
17.432280 528.334839 
97.008110 423.125244 
385.417969 461.587128 
108.336304 538.561279 
52.131004 375.372253 
245.987137 432.229218 
250.652939 528.439941 
294.027771 129.574753 
289.542297 340.786163 
122.926193 476.450043 
130.747177 419.130554 
255.604858 473.250580 
258.996674 519.493103 
178.192459 514.438538 
275.372803 430.127930 
117.439568 348.834625 
487.113708 396.478912 
265.091522 460.220490 
108.794609 227.374435 
188.329590 466.544189 
80.163918 488.783386 
368.574615 431.903687 
52.259010 550.908936 
341.707703 347.363281 
123.267624 214.993179 
18.165659 260.230225 
286.002197 466.788208 
64.535088 488.268402 
17.974121 289.541779 
140.176025 438.126495 
94.809189 230.887070 
292.801178 418.515442 
297.303802 455.684692 
75.584145 527.314514 
360.292389 370.953583 
155.746750 379.171143 
102.443977 217.719925 
237.672974 443.003052 
17.456711 560.111084 
18.948200 478.644440 
255.272156 329.088043 
318.452332 421.644623 
381.176239 477.425171 
377.963501 334.591675 
166.856750 467.656219 
118.182571 495.239594 
454.254089 477.885712 
213.551147 369.959290 
247.641113 378.050507 
26.814804 549.030823 
30.443451 539.832520 
292.861542 294.189362 
123.854240 531.947876 
131.068726 529.880310 
76.260262 501.266205 
263.928955 463.300049 
37.803040 534.031433 
275.989716 496.526215 
276.688751 399.323944 
27.681644 445.430817 
146.851242 338.543213 
43.570156 568.729187 
265.891998 417.813995 
112.943893 276.989227 
284.012360 383.840271 
191.132111 413.370483 
567.953857 439.333313 
414.199280 515.851013 
48.324978 408.625641 
55.301239 553.152100 
17.998569 302.525208 
201.842010 423.477203 
86.221573 540.837830 
287.765442 409.506775 
61.341602 448.727966 
68.707565 545.901367 
193.212677 345.235809 
42.994747 407.772186 
433.606598 398.138672 
213.746292 481.412811 
295.945709 423.886505 
75.354912 480.698090 
26.849834 310.203918 
360.325745 327.748352 
206.330902 354.291687 
229.339828 296.667023 
443.161194 384.279968 
17.043882 420.888611 
18.050335 564.475464 
216.486343 371.332336 
118.265015 537.662109 
458.571686 519.653931 
249.936813 448.766907 
32.040741 552.395935 
115.031273 441.536713 
156.537216 313.439484 
176.767517 520.826294 
126.764900 474.264130 
542.453003 423.566223 
277.944855 428.770111 
94.209030 530.784241 
45.812958 417.672089 
298.214417 439.133331 
186.952896 550.230469 
195.209183 391.137695 
83.470222 551.266479 
449.620667 436.157288 
51.598434 462.549896 
57.897995 402.046143 
278.131897 341.076630 
124.693062 318.836243 
199.614075 561.473328 
207.379562 499.652649 
60.921555 379.719940 
67.287788 488.479156 
196.921738 300.014984 
133.144257 188.250137 
437.240356 405.010437 
213.060577 523.801208 
216.087296 513.900208 
128.138931 181.439056 
154.354309 488.189331 
392.277191 363.851501 
227.055237 491.983551 
66.243279 194.838837 
18.888756 415.625793 
101.514503 251.806488 
389.077423 474.034027 
114.868797 578.187805 
405.466248 351.810822 
332.028442 438.333954 
431.064514 367.938599 
317.895386 404.347626 
63.026455 387.653320 
401.329437 414.573456 
74.674469 370.320648 
68.574936 482.031769 
35.926880 200.581772 
41.390522 429.079041 
300.380432 131.358826 
94.089088 475.686981 
45.638634 459.354401 
140.267334 517.532043 
82.990486 229.091812 
105.063629 535.360657 
55.648121 470.927490 
120.135834 375.332428 
23.680733 337.444824 
201.346878 528.941528 
207.867279 552.685791 
119.615517 212.564072 
69.391296 433.692535 
135.258133 338.258392 
89.175400 483.628326 
38.303627 547.374329 
212.142227 423.643677 
217.420074 569.453674 
191.070404 280.712952 
75.809601 397.265259 
365.137268 433.796509 
51.965057 204.281219 
449.619965 399.060333 
234.829117 376.721436 
18.097347 461.834717 
304.232178 468.717316 
311.589508 422.510529 
100.899902 206.941208 
38.427505 287.847900 
61.127281 313.505127 
577.477844 566.704956 
366.656250 330.254150 
399.416107 468.827362 
151.783569 576.798157 
41.471615 386.024506 
329.484955 444.916046 
17.959911 579.905090 
413.703796 456.032715 
95.148651 516.650818 
332.182434 464.344757 
109.431725 393.959259 
294.557373 354.555450 
138.700470 326.858337 
102.178909 508.802765 
346.677979 450.156891 
121.569534 332.176666 
134.624954 183.765503 
477.221680 480.846313 
155.741058 314.869385 
514.890076 357.042725 
330.569550 365.233124 
273.134125 282.232697 
119.692757 205.501434 
70.171814 378.072754 
133.276367 318.621979 
215.528641 463.957825 
527.736694 324.990021 
515.596924 352.473938 
126.634010 242.378983 
28.141758 276.621918 
364.833893 393.708954 
368.304108 474.524261 
52.756641 211.485611 
18.562771 309.802032 
310.068878 462.074493 
97.333298 215.380173 
162.920319 490.379822 
93.952728 377.099152 
33.643028 416.168823 
319.641113 451.127747 
184.240875 539.801270 
463.412567 416.888275 
263.986298 298.285309 
103.794312 360.092529 
93.490265 462.289948 
101.556671 478.243073 
110.086334 448.870758 
53.352196 578.529175 
294.315308 324.118500 
195.481506 504.964813 
421.628876 378.677063 
103.377411 454.680664 
45.324532 334.841492 
121.680000 385.754150 
207.176727 445.155151 
494.222870 412.031189 
287.275085 579.530579 
354.778412 387.114136 
132.012405 470.924408 
217.935059 387.263794 
329.875488 336.687042 
191.532944 364.484253 
576.198669 580.325256 
71.998528 367.987762 
159.467224 519.259827 
225.295547 423.628662 
228.875488 470.836090 
514.689758 460.865662 
320.099792 419.711182 
85.851707 397.388123 
375.871613 577.563965 
63.483212 208.758286 
30.067375 336.254028 
211.208054 341.850800 
57.683083 310.620636 
398.688782 362.976715 
211.785141 571.240906 
340.953522 133.311523 
239.734604 529.430664 
144.433914 174.077240 
96.994629 432.722626 
382.770172 468.796600 
113.262642 476.935913 
118.478249 392.685883 
561.746155 433.131836 
245.865234 400.540039 
104.646591 420.287170 
17.822193 268.036438 
394.142212 459.305359 
206.142441 395.905121 
123.471931 439.150757 
128.512726 429.116394 
252.883698 504.310944 
245.911163 425.291107 
118.687714 289.083771 
16.962292 160.496460 
145.896347 525.655212 
127.282898 350.436279 
82.711098 402.200287 
369.997162 394.925171 
52.179211 510.722168 
465.384827 523.086853 
229.052826 402.339996 
19.208595 344.918396 
519.429077 462.587280 
85.452072 428.891022 
372.870758 395.879120 
63.837788 522.787231 
35.439907 283.810760 
288.001007 429.763794 
507.481689 423.748932 
74.654884 201.726624 
472.994141 390.408875 
442.588409 474.657806 
237.203003 379.335449 
17.546824 502.049866 
99.117622 393.748047 
433.110718 365.833618 
110.482590 533.374268 
117.836555 433.646759 
247.432648 535.299011 
265.477173 373.376526 
390.992432 404.709869 
120.444077 494.360077 
130.454010 399.369385 
478.318878 415.739624 
252.874924 443.075836 
37.675278 573.531250 
118.160187 333.494324 
45.988079 504.471405 
139.117126 494.406219 
109.280861 217.422302 
128.559021 297.898285 
80.449120 468.189819 
414.318420 526.629578 
59.785671 520.387634 
337.235352 317.495483 
125.740944 228.570786 
518.449890 422.379120 
45.739891 212.168396 
325.117432 368.407501 
60.360672 484.599304 
19.142109 302.818848 
91.518082 213.107147 
426.000000 386.573273 
55.750835 222.132034 
288.992279 386.391357 
72.730263 545.875488 
107.898468 222.190674 
445.245087 544.514832 
234.686188 420.749939 
17.835726 552.059082 
18.291142 504.285492 
522.372131 342.660156 
373.978271 373.011261 
110.764374 561.649231 
118.658096 479.411255 
172.249557 505.184418 
241.586761 459.083099 
74.976852 469.171509 
266.522186 334.500580 
32.640114 450.613220 
254.824997 396.393707 
541.940430 458.557770 
275.422150 451.067871 
280.223053 414.438690 
146.231110 311.925873 
203.974442 527.612549 
89.451439 233.342377 
266.877563 437.903046 
190.720276 392.606781 
130.962189 315.577209 
83.333778 511.707031 
169.487366 578.361755 
369.123352 452.841888 
157.429306 345.116882 
518.350281 435.406708 
122.254265 188.005432 
84.092751 558.921204 
61.210209 513.683899 
67.849968 524.266418 
139.183273 465.906769 
135.664551 272.477631 
427.049255 426.573303 
210.025543 515.398926 
55.287251 197.200012 
298.228271 427.607300 
378.087585 335.203339 
204.720963 353.084351 
103.196167 193.879181 
444.135162 475.931549 
235.153198 463.660187 
17.060560 394.184662 
259.386200 450.358124 
97.813530 359.764862 
243.499405 511.323578 
118.346619 567.852478 
249.568024 451.085571 
530.049500 450.140076 
268.254517 291.696350 
230.098175 377.858643 
259.076477 441.354950 
37.247681 514.192078 
277.010651 469.265778 
321.288239 332.493225 
135.988129 492.592834 
45.460270 396.882233 
269.545959 395.509735 
553.641846 430.751221 
79.345314 533.493469 
53.965271 433.470032 
54.027790 528.272095 
341.062378 420.068359 
44.904263 197.162216 
203.217026 401.848053 
246.593552 433.153076 
60.094158 472.822693 
70.664474 518.167664 
192.703918 366.316223 
333.969116 157.498001 
430.986969 469.224640 
382.148041 356.843781 
212.921326 557.682556 
299.320923 397.430206 
75.840591 456.258972 
24.089128 287.013275 
154.621124 519.204407 
391.578400 368.113831 
234.745758 316.704010 
17.588511 446.383179 
19.476379 545.806946 
37.259716 366.162109 
218.021088 347.755859 
63.806164 353.697327 
143.814392 577.872253 
91.925629 412.534271 
314.549164 422.236298 
298.297333 125.268890 
398.719604 409.576294 
127.064491 499.293304 
194.175308 448.038269 
150.493622 161.707718 
36.492844 447.612640 
277.096832 499.706970 
406.513397 471.896790 
90.319221 555.084412 
97.155746 577.113220 
450.876312 376.761597 
193.391006 414.754639 
66.165619 398.079346 
415.191040 458.506714 
421.167633 480.140839 
54.554420 380.498718 
342.995117 417.350342 
125.222252 294.595886 
569.295654 568.654846 
198.700104 537.284973 
207.978134 522.092285 
65.464119 405.655365 
66.870079 464.449951 
140.312912 551.828552 
147.049820 486.954346 
434.639679 430.741608 
214.045471 402.893982 
217.168900 488.526215 
73.014809 418.689331 
73.114166 559.556519 
360.964691 453.344452 
48.417011 371.763336 
223.652176 513.097290 
229.650986 550.348145 
19.018368 390.504272 
301.751007 443.286285 
311.668976 402.589691 
249.750809 371.737488 
33.619316 426.906433 
513.230896 372.606110 
261.381927 334.419891 
38.952431 405.330261 
286.006622 348.873199 
413.156799 379.800690 
90.459213 498.663940 
97.728798 536.069641 
331.154297 447.356201 
109.843620 386.093201 
188.470032 516.165649 
139.032639 309.739319 
421.337097 462.989838 
104.544327 511.192047 
59.880516 449.454834 
112.608910 323.891846 
346.500183 384.246857 
202.148468 506.397400 
209.607391 384.216797 
118.568649 191.798752 
68.875542 413.955414 
348.505371 422.183472 
134.811203 316.268341 
215.226761 399.663757 
502.566376 411.903198 
151.606583 531.453613 
223.658813 432.908722 
230.788727 509.305603 
18.131660 435.799622 
307.844421 399.398834 
99.481712 230.553436 
137.641754 168.183685 
166.204178 517.673584 
457.368805 408.187195 
93.360558 357.598724 
312.372253 437.847717 
53.732441 452.393158 
182.170349 533.877380 
102.353958 369.232910 
44.095818 295.833984 
93.771660 447.651825 
100.366875 492.351501 
109.612953 419.107422 
145.962524 167.500305 
104.714653 485.219879 
120.245857 407.766327 
34.534801 498.823608 
115.153900 281.098114 
154.169708 456.592072 
199.743362 551.216675 
211.512192 439.831940 
217.192612 404.343048 
498.159363 454.041687 
219.218826 313.164032 
191.077209 343.304596 
158.725266 487.520569 
224.325180 380.187042 
231.992371 489.890686 
18.418385 286.204010 
310.105194 438.755096 
86.963470 416.614105 
169.868622 522.400513 
427.345581 475.996918 
117.874603 180.096497 
103.053528 580.409851 
18.077358 553.105469 
90.047249 390.340851 
99.753746 501.531952 
382.178925 455.337067 
108.301743 468.690491 
114.440483 425.991882 
421.668793 359.784088 
107.132950 431.789001 
394.123230 463.854980 
123.339806 461.926331 
200.898972 518.884399 
255.655289 479.949493 
154.763031 334.646790 
271.599396 377.023773 
117.473160 323.208221 
510.608398 406.288116 
134.738876 446.799042 
221.285278 456.217834 
191.971756 291.275116 
126.741905 212.527603 
80.322891 387.339661 
51.431442 484.425964 
45.558632 360.124054 
23.932125 374.137756 
518.346252 460.046570 
200.282257 349.680969 
88.178177 468.407959 
37.550640 201.095428 
95.827156 248.078583 
35.897892 362.532013 
239.012268 504.385284 
291.466827 448.660675 
245.305862 322.975800 
75.791809 220.113571 
472.908264 385.775665 
16.528137 494.245758 
411.461121 353.913269 
253.895386 331.179565 
97.462257 460.382599 
382.073944 400.664429 
388.700592 444.918610 
110.911736 500.911743 
118.724167 465.005493 
155.853470 307.583862 
78.672226 359.691528 
102.458328 400.489655 
122.225456 512.225464 
126.453705 455.701538 
479.668121 401.226379 
256.221924 436.639282 
270.029633 419.361115 
305.828064 341.201141 
132.926544 380.455750 
44.229057 486.433044 
108.156479 188.899979 
164.222107 578.453979 
191.777588 426.840393 
80.380730 429.558716 
365.582336 476.505707 
315.768860 305.870483 
51.090649 537.349609 
231.194427 383.984344 
521.017761 441.787201 
203.822235 299.746216 
85.284515 501.466248 
375.281128 467.988495 
287.156586 426.889496 
63.718681 547.956299 
192.602386 280.430939 
92.159874 197.922516 
35.836723 310.104736 
432.983002 479.800629 
58.610092 350.164429 
553.457214 74.556290 
289.071777 453.764526 
241.844040 376.342163 
576.449219 441.323578 
516.633545 351.136536 
103.265953 254.002640 
523.570862 465.833649 
238.308899 402.435516 
17.582645 524.465332 
254.492371 289.234619 
100.749702 414.303284 
384.753235 455.833923 
112.397514 557.602356 
114.790688 505.819397 
156.860611 164.521744 
243.893997 426.938904 
251.148621 418.699982 
533.588867 418.878632 
391.515656 383.101990 
127.577850 422.361725 
258.812561 479.281555 
545.923035 427.835938 
273.534882 436.174591 
279.078308 411.198578 
354.961731 492.214142 
132.393448 529.002136 
46.536396 528.742310 
265.103424 452.434631 
326.859772 342.199951 
130.727600 318.959534 
83.950066 493.725800 
371.598358 464.779724 
371.668579 436.595917 
53.832558 401.725800 
56.591347 497.952454 
18.128523 265.993652 
573.286072 437.910248 
202.215698 458.565948 
87.482735 555.746399 
286.918671 468.086670 
60.073067 505.078918 
16.972391 284.817719 
155.136978 352.442780 
138.925110 444.892334 
135.880676 266.738342 
30.699738 279.540527 
511.964630 369.564636 
54.313801 200.334763 
293.032257 412.948792 
295.586914 459.678589 
76.409111 519.995972 
361.319122 363.278015 
106.302345 199.721909 
440.274261 423.616791 
239.759720 444.455902 
18.468960 481.217987 
74.070717 358.199982 
257.033813 320.746033 
88.924164 579.960022 
374.629913 352.358521 
216.941635 310.489471 
114.474480 548.842407 
251.592453 385.609375 
29.618868 542.658264 
539.636780 424.699524 
323.079712 577.514038 
53.262596 428.476166 
124.900650 522.588806 
185.954620 578.157532 
43.139362 355.687164 
36.342422 509.041901 
271.620514 477.933411 
405.906830 412.931702 
135.921463 510.132782 
42.202755 380.944061 
191.837234 159.185638 
108.339355 271.969971 
556.021118 445.585388 
191.741455 415.458008 
416.287781 518.816101 
52.569939 402.998566 
56.192142 537.066528 
123.970329 260.439850 
471.631744 519.758606 
283.644226 417.848969 
60.116814 442.000854 
67.579056 502.177399 
192.744598 337.001404 
132.451950 251.615372 
553.950867 580.414551 
380.118530 339.732086 
214.876831 490.137573 
295.821930 405.450928 
72.063377 479.552521 
26.190044 300.627747 
205.855652 376.006592 
17.313766 418.028809 
524.324158 454.673187 
36.715790 362.032990 
220.811417 362.620941 
116.246338 545.998291 
248.710098 431.453094 
33.310806 486.785248 
123.319580 577.955872 
126.639931 483.371735 
16.956160 360.182037 
150.703369 165.339661 
40.238499 487.253418 
548.503540 427.773895 
280.478729 446.689178 
19.364666 525.371216 
405.559692 451.979004 
95.856300 534.217957 
45.603920 421.339111 
138.472931 510.984802 
113.292252 327.115936 
195.013306 384.657745 
82.929062 554.798096 
419.067841 462.084778 
157.174484 329.706940 
55.059055 409.581451 
337.735504 447.936371 
120.704300 316.460938 
517.701904 480.681824 
306.272491 314.064270 
268.968079 579.992859 
241.819977 481.853424 
64.447990 401.521790 
16.659529 370.623474 
141.697052 530.027222 
149.518967 458.120697 
211.904694 531.141052 
221.381104 507.677002 
75.347816 435.131958 
153.522156 494.297363 
51.228413 338.949158 
438.597351 433.484497 
393.392120 345.178040 
222.801376 492.984894 
70.656181 198.862488 
20.015335 425.396210 
302.747894 437.987610 
100.407013 244.230835 
86.455902 189.915558 
313.808838 400.985657 
227.778549 352.759369 
175.965622 565.965637 
74.280083 365.939850 
168.014893 489.786530 
546.317993 425.605560 
327.130951 461.500031 
281.513214 479.644592 
403.009674 449.943909 
301.873199 121.878311 
94.984604 484.869110 
47.323536 462.473389 
108.319801 356.360779 
157.610275 465.168030 
208.915634 568.584290 
197.234558 536.868469 
78.167671 212.078064 
422.667450 461.675232 
107.699638 542.559143 
58.292191 451.822296 
336.283722 451.687378 
291.751038 290.432648 
124.719193 370.540588 
21.493917 153.653534 
334.798096 127.448936 
252.911499 578.045898 
209.549408 547.730652 
119.796402 219.999924 
71.065498 439.929688 
358.998077 455.234436 
145.001801 512.786987 
214.921402 378.389984 
218.832092 562.777344 
342.616547 317.198181 
76.818840 390.039154 
362.740845 429.048248 
155.387222 536.700500 
157.240509 524.519226 
227.866440 440.585968 
18.437304 467.375824 
302.749603 464.719696 
101.301697 201.347046 
39.817440 303.091553 
299.286804 321.960602 
144.589554 504.168579 
196.887680 511.490753 
317.510529 450.124969 
211.169922 306.255035 
399.520630 465.317169 
41.296188 381.560455 
329.276672 443.486328 
17.612335 573.379150 
412.777435 455.226532 
90.059311 430.742279 
98.390373 558.599609 
334.512756 469.468994 
108.136337 413.164246 
244.973495 477.010437 
141.068115 331.773254 
103.327866 490.595551 
157.408691 181.980621 
122.069603 424.076202 
306.421753 351.153717 
154.805389 299.016327 
330.064178 370.289856 
115.113197 258.809143 
71.497910 385.328857 
136.176880 293.038788 
213.560974 471.841980 
219.493805 420.393738 
293.897003 578.644287 
269.745697 410.122742 
27.285418 275.307831 
362.550903 388.388855 
526.904175 456.944427 
157.830231 480.092590 
233.102081 482.974701 
89.124603 409.882172 
163.562057 497.526581 
463.137939 380.117706 
322.663574 460.192810 
238.868988 493.552643 
90.095772 468.431702 
96.240181 519.267639 
381.540314 436.776947 
111.016060 438.218719 
118.607277 404.835327 
244.120972 531.268494 
197.743744 498.626740 
107.359322 461.714539 
123.735466 378.447144 
568.973938 437.619934 
154.415497 363.206390 
496.914520 403.014893 
77.051186 430.874237 
136.426712 462.198700 
485.176300 396.019745 
191.833359 368.625488 
577.806763 572.107971 
81.380173 395.281067 
157.247238 512.118347 
225.107132 403.802277 
230.217056 467.322845 
19.269295 359.877472 
198.017181 354.799561 
86.352692 390.964508 
387.451447 346.770142 
173.495483 501.293915 
35.213718 367.493042 
210.421890 342.652374 
55.723686 314.250305 
244.874573 288.604248 
105.573479 316.992096 
328.007294 524.452942 
239.726212 537.099609 
19.165230 573.717590 
147.608032 168.117706 
97.319733 427.482910 
111.302811 495.872894 
243.933807 390.694519 
248.466583 474.643707 
78.525261 341.777893 
103.397903 402.219055 
390.397736 442.823944 
120.094025 436.749176 
275.284271 396.753723 
117.437874 294.666199 
17.142784 155.852005 
457.131561 377.393585 
132.482254 420.820862 
481.616119 404.328064 
138.086716 489.167633 
264.169189 511.681671 
113.861023 183.338852 
127.460701 331.760010 
81.137962 408.848511 
369.531769 396.883301 
49.460117 508.160339 
231.600769 420.082214 
515.080688 411.966125 
126.569427 573.381531 
84.159897 445.396118 
65.605309 577.876953 
60.913704 540.977173 
515.204163 454.610168 
289.227325 472.618561 
72.644142 197.447968 
104.843666 260.493256 
235.908661 387.310547 
16.556717 516.463867 
288.568604 129.565338 
310.481262 579.048767 
97.859718 385.249451 
385.100037 473.028595 
110.656372 522.254089 
84.121666 212.237183 
240.519150 447.320892 
265.137299 371.844482 
393.985687 408.009979 
291.392578 349.245483 
122.837364 490.035919 
256.295135 457.528198 
261.115662 504.508911 
63.885944 191.530960 
274.299042 443.169922 
119.743652 339.826569 
305.431519 361.456024 
88.471245 205.042999 
269.888702 469.127930 
110.964409 211.971741 
509.321136 428.998749 
127.848251 304.661438 
83.976974 451.051025 
59.725277 501.569824 
124.112251 223.023666 
19.063656 203.562073 
518.723145 419.148010 
287.491638 444.289581 
86.127823 474.525513 
376.832001 438.063721 
284.302826 450.950287 
60.704849 479.246185 
91.505257 221.342926 
430.083038 391.450317 
299.892944 463.715668 
73.997993 536.255981 
68.587601 468.062439 
103.274483 228.122833 
236.409622 430.179871 
16.508926 551.964050 
18.919418 515.939758 
374.935364 368.747467 
111.839005 577.781067 
119.886520 485.155396 
242.880020 455.144562 
250.759949 391.343231 
292.567139 354.372955 
131.342911 541.841675 
254.240417 390.649628 
206.106064 579.874146 
36.905659 522.966675 
275.895599 456.387360 
280.727600 385.811096 
134.085770 506.823883 
89.336670 235.170410 
108.478958 264.891754 
556.547302 465.706116 
506.738129 480.116425 
190.604507 401.094208 
140.238449 187.809250 
366.239136 457.451721 
50.472954 424.363892 
339.726044 364.325897 
121.922859 280.926483 
133.563019 537.208618 
203.990967 433.304688 
89.182335 528.284241 
284.879669 397.378845 
63.407158 437.531616 
68.494804 529.985352 
142.003677 469.616577 
333.634033 153.269455 
32.734367 206.287323 
215.986359 518.660461 
294.905792 434.549988 
204.391357 344.321930 
49.062336 301.294312 
235.176834 472.160767 
17.982861 408.784729 
526.653442 432.240692 
118.753517 527.902710 
204.437439 404.499939 
246.634186 460.547302 
93.431358 405.985626 
194.285370 234.749313 
266.345398 283.214630 
45.825645 578.419312 
232.308426 368.024780 
130.720398 491.954712 
258.320648 447.885590 
174.751007 498.156006 
274.326080 501.559052 
276.313171 464.941772 
404.640228 389.847778 
135.716522 486.620300 
70.645943 219.243729 
268.853699 388.337494 
190.132431 535.592407 
17.769075 278.802979 
156.750610 298.954315 
54.083611 417.836761 
338.233948 417.239899 
48.290813 383.805817 
124.384888 238.112991 
262.963501 415.916962 
156.638718 188.278412 
207.701004 486.487671 
47.046230 329.710144 
64.637199 463.455017 
67.908981 479.413666 
192.746399 365.621521 
135.245789 223.071396 
34.303574 154.525681 
214.839539 563.947571 
256.414948 574.778259 
75.791695 453.908905 
77.695831 565.263611 
151.246674 503.282013 
53.718906 308.995331 
19.810188 405.058380 
302.384918 404.718414 
98.824234 309.031769 
454.686737 402.294464 
30.750708 513.521179 
312.996582 418.014923 
190.107773 580.107788 
130.953278 507.075470 
262.628754 394.747375 
41.257984 466.202637 
439.569031 370.820679 
412.663239 416.576111 
95.054108 559.782227 
46.631649 445.719910 
44.147278 442.720245 
332.601135 411.910065 
112.905701 353.363342 
193.477814 408.822357 
82.526062 197.371613 
414.262634 395.500458 
104.777763 546.862427 
56.900234 386.819000 
346.944550 420.363495 
122.589890 291.151306 
16.677567 315.346436 
209.527634 544.019165 
331.115295 310.563843 
65.256905 424.636322 
16.608057 202.207092 
352.387207 385.427704 
147.090240 483.453949 
436.033691 469.014038 
212.960617 408.235901 
221.500427 485.338348 
346.532166 322.568024 
77.989845 413.645081 
142.145798 247.988983 
155.500687 565.715271 
156.803452 423.548340 
447.385071 388.814850 
239.684097 361.646667 
18.653191 399.081665 
300.725616 459.275848 
101.489471 265.074310 
37.029724 318.636322 
514.436096 427.607025 
118.201118 502.769318 
52.743805 461.765503 
41.798183 421.350372 
326.132324 435.718903 
43.100365 293.681549 
408.005920 470.738739 
91.262108 504.041290 
97.428932 529.062378 
334.020355 450.397644 
245.102753 493.071686 
143.831696 312.796997 
78.347527 234.158295 
414.273743 413.380249 
106.788383 517.096497 
59.654087 430.851471 
120.358528 346.260498 
202.268570 486.770264 
209.139526 379.814148 
333.558594 353.207550 
118.654518 193.360580 
67.190498 415.096619 
358.007599 427.144989 
144.852890 534.852905 
214.710205 453.334229 
500.499176 419.336761 
204.191238 517.226990 
128.347961 257.995087 
157.598816 546.868958 
340.716095 166.417389 
225.836456 464.181915 
18.344215 438.818970 
306.214874 453.456207 
101.957581 223.830826 
333.695892 162.664581 
460.961853 404.497589 
314.076660 429.383331 
119.568069 178.130600 
18.087721 546.201782 
181.598679 522.542542 
70.960762 495.774963 
237.016113 474.704803 
92.982132 450.689484 
96.907784 489.588165 
193.887070 294.808655 
109.492897 435.894562 
241.255707 501.943970 
422.309875 414.339478 
106.493195 464.598663 
125.081757 401.089783 
229.233841 412.877167 
494.489288 399.560333 
329.322845 150.141373 
115.703598 234.715698 
193.163437 231.870010 
354.419922 422.928223 
136.852722 459.766998 
219.590225 396.281006 
343.309021 333.608734 
190.845200 351.066223 
126.684006 198.801071 
155.740082 175.438980 
158.484894 509.088379 
227.467468 389.769958 
230.356827 458.159760 
18.354784 293.406525 
354.098053 323.312653 
307.097748 448.671936 
87.769341 384.865021 
169.652130 517.037415 
578.996643 556.645874 
33.464928 353.906921 
212.222961 374.853760 
278.694397 578.815552 
401.691193 352.835480 
321.200378 138.979782 
261.393036 280.219635 
160.623077 577.869507 
341.354004 160.197235 
227.266342 365.654755 
94.832756 401.435089 
96.501320 445.454742 
383.352722 457.930206 
108.210083 463.634705 
116.586014 382.493744 
562.007690 445.411896 
154.553177 326.185638 
82.182350 346.933014 
103.886848 433.638855 
395.199249 470.026398 
101.770905 513.781189 
125.851807 451.469727 
128.350876 443.183502 
117.518768 328.898804 
305.620422 300.522095 
136.720215 441.342560 
17.667200 468.864319 
191.013870 297.868378 
128.706543 221.119934 
313.951721 361.632812 
319.355286 121.885551 
53.068611 476.922760 
231.618088 442.312439 
19.534191 335.264099 
519.639832 452.970490 
198.813171 335.873962 
84.529396 465.402588 
373.730591 379.491150 
282.397247 490.130981 
132.981003 310.436737 
132.391998 177.463776 
518.765198 446.494354 
292.980713 441.592224 
322.880310 309.687805 
73.157616 210.079086 
468.735687 383.317596 
322.077454 337.200531 
16.577019 487.179657 
515.752136 486.862640 
66.147675 212.790054 
101.625679 451.627472 
382.592896 402.440643 
331.387939 578.886780 
116.676514 469.345154 
103.589508 441.654541 
240.748398 418.742188 
197.817017 578.963623 
306.922974 330.034607 
102.169533 382.299438 
125.312805 509.979767 
126.903618 457.230194 
475.593689 405.000824 
252.586578 427.512543 
132.092865 399.953552 
86.003624 227.865204 
573.559875 508.379822 
111.302979 206.422394 
509.728302 444.751160 
190.797668 435.450836 
129.340805 356.364532 
79.598724 437.060181 
49.812416 531.159912 
233.695511 401.375580 
580.078003 452.883728 
71.587059 548.196411 
199.283325 301.490601 
38.355614 155.311340 
376.690826 436.582581 
287.018341 437.408905 
192.055008 275.469849 
92.167061 200.641846 
31.323002 316.631470 
75.723503 552.458862 
520.248596 343.256348 
155.985214 421.619598 
235.592850 413.176605 
66.545586 323.911041 
181.864685 521.814636 
253.278687 284.878754 
98.137352 412.776367 
385.138672 401.756989 
111.477951 547.982239 
114.461929 511.110168 
242.761047 471.779419 
250.635483 424.485718 
25.082291 482.935547 
35.925144 580.357422 
394.384033 384.161896 
400.917358 507.749481 
123.794136 560.150757 
130.715408 405.101196 
252.036301 387.002655 
260.788544 483.467072 
40.349155 566.495544 
324.764404 578.410767 
277.125275 406.621704 
413.741974 518.278564 
137.692322 525.489441 
47.933208 536.535522 
265.606018 447.434784 
111.940620 236.623749 
562.708740 578.442627 
190.621445 380.710083 
126.990685 326.773651 
80.758110 475.465912 
122.983231 244.121017 
53.684597 392.547729 
341.477936 332.076752 
19.061592 274.641876 
85.659348 549.987854 
326.649963 313.363831 
61.680080 501.939606 
574.437622 438.341248 
352.610870 366.330719 
138.858093 454.295502 
133.178192 258.212921 
426.471863 419.496735 
211.322388 503.545074 
55.453568 204.894104 
291.492523 406.361023 
208.316284 495.502167 
72.850578 513.408875 
204.698883 339.886200 
107.372063 208.362946 
239.255554 450.845123 
19.262672 488.424805 
174.797318 580.497864 
385.803925 403.612274 
216.566025 305.270691 
117.776077 555.885803 
246.904175 467.526062 
529.424927 464.990143 
35.204975 522.958801 
174.561905 486.313599 
184.450912 574.450928 
17.246571 343.343781 
253.916702 414.379822 
262.288361 428.034637 
36.511650 503.219696 
280.946625 460.044281 
71.588943 579.646729 
404.357605 415.138000 
133.740524 483.210327 
42.785141 385.073029 
141.881638 506.240936 
269.824921 407.444122 
110.836250 291.647064 
81.824326 540.965027 
50.033230 444.974762 
58.656643 541.990173 
125.029213 256.935913 
262.833588 456.083954 
209.628708 483.128174 
283.150452 425.125793 
65.152557 460.837463 
67.856857 506.107300 
349.792267 325.105011 
192.695572 335.585754 
132.309784 220.103806 
382.196899 342.343628 
214.616699 493.464630 
295.035675 412.238922 
579.100464 542.360596 
24.570768 298.641022 
158.273682 460.423767 
440.765564 471.924622 
17.032209 434.672485 
19.216709 533.173584 
305.657867 397.626892 
216.456131 359.865204 
17.835175 543.880127 
87.160713 506.060638 
407.452515 367.612549 
139.390854 181.603775 
26.183666 401.264008 
31.510651 494.276489 
123.399483 570.242981 
129.568130 513.457947 
418.294800 357.199524 
150.633301 172.704422 
41.532471 460.000122 
278.987183 440.620819 
404.382355 458.501373 
94.862488 543.395203 
47.191685 430.495941 
217.258789 570.042297 
192.007370 378.828491 
83.061150 201.861572 
415.442627 471.843201 
156.068542 323.580719 
59.321152 394.245361 
122.305786 306.974396 
18.337172 166.290283 
521.643127 475.256653 
306.646606 321.518555 
205.819702 511.976288 
62.682404 393.429535 
68.597664 452.452026 
351.000244 453.660645 
192.301117 293.272003 
145.956024 450.530090 
69.359360 223.749893 
214.099350 539.610535 
220.831146 501.806641 
522.126526 468.082367 
577.444397 547.715515 
394.564362 349.072632 
224.087753 475.803223 
68.364265 206.137726 
19.388474 381.946289 
300.794708 429.602203 
98.115417 235.625961 
36.371483 317.652313 
62.732212 368.682098 
454.741577 378.492645 
137.227798 331.331787 
366.510132 329.359131 
89.157143 219.553711 
175.870575 548.031616 
181.221451 512.254822 
259.637573 371.203857 
40.434212 438.003052 
329.544128 453.371033 
279.990997 492.621307 
322.182495 368.436859 
92.462570 490.156799 
45.418652 470.818329 
197.337616 531.586731 
83.325554 220.338943 
416.550018 419.875977 
105.395752 526.710144 
56.943264 458.765564 
87.196739 510.743408 
19.397118 156.104019 
133.209045 519.878845 
310.693298 362.904144 
251.496078 326.964966 
119.723755 226.141998 
67.497849 447.210327 
132.952362 353.154877 
215.596375 384.756927 
77.047112 388.615356 
24.805471 214.383896 
361.407562 425.832336 
241.130341 360.906158 
53.658054 196.428146 
224.827591 449.841736 
18.157578 469.157745 
359.213654 358.391846 
280.060364 288.736176 
98.977043 192.309845 
164.336685 508.582825 
65.560928 324.738861 
208.978439 433.431854 
147.572006 578.847473 
316.838257 446.987061 
319.666687 449.815491 
93.771637 383.738464 
42.205761 314.029846 
39.813976 396.865540 
327.010223 410.153809 
145.264816 467.931458 
94.106316 436.886993 
98.769646 555.175354 
334.935944 474.963135 
110.013367 406.026672 
298.584900 342.655518 
106.685074 495.912781 
579.212402 458.634949 
125.782997 419.786346 
258.214722 384.013458 
252.689789 528.294495 
155.533325 301.840424 
332.090881 375.131958 
325.987732 145.788879 
71.178650 393.598236 
35.844135 540.237488 
136.950851 282.725128 
485.501312 433.591736 
214.033569 426.661957 
190.568146 335.699646 
130.435898 278.141968 
24.372229 269.269470 
159.841492 478.970245 
227.900208 390.305573 
142.010529 178.533981 
19.501608 318.239380 
308.843262 427.764923 
85.554993 402.363037 
43.507462 552.177368 
461.282196 381.982880 
208.756851 303.117310 
210.544907 357.634308 
175.988052 467.890686 
464.295715 405.666382 
89.400917 373.707611 
145.406937 160.624161 
138.511414 295.769440 
383.343567 441.523682 
331.969543 520.121277 
111.892014 459.417999 
114.363541 410.340485 
247.840759 513.803345 
16.686325 538.864868 
425.171021 393.395172 
156.155869 169.676178 
120.821739 469.679291 
259.505768 570.145935 
270.945160 338.846344 
115.755081 307.903564 
137.887131 434.722626 
480.642609 391.343597 
138.508316 484.284637 
221.319687 468.442719 
504.245728 412.597229 
190.717758 372.081421 
132.986465 257.461365 
81.454048 401.535278 
139.602402 265.828094 
50.622215 492.930237 
226.979065 409.570038 
230.134644 435.044617 
19.834745 360.542145 
85.918327 458.790680 
37.731728 191.370071 
384.468872 341.734772 
168.587433 493.035675 
95.291519 234.003448 
323.700653 408.350464 
245.568054 286.788177 
238.127686 544.562317 
17.849239 480.777344 
19.671236 579.862061 
69.432770 561.065613 
90.294556 423.395294 
96.870049 469.329468 
112.243576 488.460388 
115.367783 450.801605 
242.230942 384.503876 
536.396729 449.166138 
315.378662 577.794128 
106.416557 408.696167 
393.324402 444.418640 
79.661697 578.420105 
124.043221 427.713165 
129.949982 467.262329 
479.943604 388.696899 
255.933075 519.249512 
261.854187 568.588501 
62.325378 197.358627 
495.915924 450.381378 
275.776428 383.060364 
119.900330 301.420288 
404.187408 509.848145 
241.885941 537.679016 
132.878098 418.233368 
44.432423 479.618591 
269.460114 507.781586 
216.684708 430.833893 
