276.381378 502.063416 
505.816193 579.992737 
225.275681 512.360291 
42.976109 440.345123 
26.958677 379.599487 
21.706087 440.398071 
81.267952 473.909668 
51.618347 476.668091 
167.838303 566.649902 
30.109102 565.462585 
95.528877 446.515106 
250.037521 439.186646 
334.041595 471.739502 
104.052109 492.697723 
80.562660 537.456970 
65.522903 453.075958 
58.054718 580.479065 
54.155006 580.022095 
116.568596 506.568604 
92.360359 548.892700 
353.963043 323.186401 
166.344376 540.365601 
575.121399 573.421814 
111.734680 517.551941 
374.537811 435.620453 
180.749222 546.053589 
134.939072 490.294769 
156.834442 324.815277 
272.014343 337.886627 
577.457153 120.237602 
524.998047 567.428223 
150.314758 562.627502 
435.565765 366.619568 
496.506561 579.471069 
19.938911 286.409973 
66.799828 323.401093 
153.819748 532.989685 
580.348572 23.250656 
201.964218 545.400452 
156.169220 362.432007 
32.607876 512.238770 
216.215927 570.137207 
201.747360 418.475494 
20.059858 575.086426 
237.376587 516.119202 
209.096008 342.669739 
27.668745 427.148743 
17.598745 338.403503 
250.777100 578.100098 
16.712990 505.818634 
81.991074 403.900146 
54.042896 369.758423 
307.059875 396.790100 
99.333862 446.740082 
90.980415 417.509644 
69.587807 371.420593 
56.611038 446.177979 
385.273651 440.474243 
95.349159 567.197327 
73.740166 478.899902 
433.083801 580.325256 
394.102753 477.344299 
579.911255 579.443359 
104.973991 547.464172 
191.095367 386.890472 
76.379799 335.738342 
126.825470 535.358826 
379.285706 436.898102 
195.850998 551.147095 
415.274597 456.274109 
131.488724 545.854126 
397.895142 580.293457 
489.320343 580.340149 
174.173645 511.712799 
150.248550 539.412537 
493.405731 525.930420 
159.452164 463.257172 
580.407593 20.211143 
555.391846 580.431580 
271.136932 507.533142 
156.147247 389.391754 
499.134918 566.002136 
196.893341 356.076172 
241.351196 541.238342 
41.932667 456.887177 
22.214607 370.525269 
17.573605 407.573547 
85.018578 481.200256 
55.948891 314.379578 
53.174576 463.545288 
35.954750 399.425171 
300.641815 453.537567 
96.230888 426.216095 
82.448662 346.489685 
244.128220 435.832123 
55.270489 342.103821 
296.145050 446.752594 
311.212219 458.377869 
99.448174 505.689545 
78.719414 551.787415 
72.896599 399.434631 
51.488895 577.892029 
116.978340 496.562012 
37.797070 578.331177 
97.692604 538.927734 
183.304062 481.994415 
68.693375 579.394165 
121.541336 429.055359 
126.781433 436.417358 
117.426773 554.481628 
193.041565 449.565308 
135.071411 470.262085 
125.182068 556.805237 
293.275269 479.203339 
343.229828 416.308167 
144.117310 569.259766 
252.128510 579.586304 
156.871292 514.755249 
204.157669 567.363403 
316.723907 459.042206 
265.262482 513.679565 
255.885864 431.232788 
208.337967 578.472473 
525.141785 511.753601 
21.328766 537.866699 
239.737640 527.971008 
493.944641 537.548767 
22.882664 467.886566 
17.217974 355.191101 
41.263912 471.920441 
19.208492 473.487000 
82.085838 423.503387 
302.278534 469.178772 
93.119621 406.527069 
59.933361 384.009369 
439.887268 469.669952 
341.983521 457.526642 
118.160362 419.907745 
99.239029 399.990326 
72.198364 508.583771 
113.357544 431.560059 
103.098969 513.862549 
190.700378 398.139160 
178.090515 467.661469 
441.633759 580.444031 
125.240471 552.805664 
186.810745 519.188599 
137.754486 538.073364 
26.162670 526.883301 
418.801270 580.066284 
286.983459 487.171753 
357.632660 463.689148 
146.893555 552.313843 
258.919464 572.142273 
19.139687 319.150330 
154.437912 448.531372 
317.298950 453.802826 
258.998505 370.834473 
166.392670 555.615173 
204.675476 340.303070 
281.822235 489.797058 
271.261963 380.114716 
503.876434 513.134277 
53.869152 310.134583 
37.209690 460.401428 
29.456318 397.800690 
16.955269 423.101379 
87.064781 493.835114 
237.489182 361.485870 
51.041737 451.968414 
42.892395 404.320648 
300.725616 459.275848 
95.873436 512.570923 
77.382919 359.563324 
435.093414 468.000153 
50.557728 419.456238 
314.946198 450.284119 
102.371536 478.908844 
77.841980 557.722107 
73.388405 387.043427 
59.027737 564.170044 
383.242401 475.453033 
94.047836 525.851990 
180.423889 470.105469 
71.095306 526.895203 
120.170349 452.462555 
118.001625 539.224182 
101.097054 578.700745 
468.917236 473.703735 
124.146751 573.998596 
190.107773 580.107788 
249.059753 423.792328 
156.284439 220.558960 
292.837494 455.782959 
20.227381 262.721710 
221.928085 522.880615 
158.634201 549.219360 
151.172089 444.365509 
197.875397 556.852783 
19.659058 545.527405 
578.265076 126.383224 
28.258305 456.858765 
276.900391 380.157379 
34.317886 482.246490 
19.262672 488.424805 
79.188698 434.326202 
234.810257 431.786560 
52.707108 345.767700 
29.385273 519.561035 
93.287941 393.892975 
323.578186 146.314835 
57.005161 502.879486 
109.810493 409.449585 
75.409119 491.268829 
61.310883 545.415039 
396.020477 447.704315 
117.551361 459.336731 
102.023132 529.970032 
193.141113 367.749725 
402.770905 483.203156 
126.113281 475.324402 
376.828735 482.844055 
190.128784 524.024597 
140.760895 525.246216 
529.545898 532.985413 
290.579773 466.475342 
538.229858 580.340881 
149.886108 517.717102 
17.367439 336.857849 
253.385010 521.567749 
172.717056 466.500671 
197.066635 496.595703 
261.121887 372.848206 
280.703064 456.206055 
45.811729 296.399719 
578.237854 144.597763 
28.511187 391.749603 
21.126314 386.791718 
84.988419 505.168243 
205.197220 550.163208 
54.022575 444.682983 
34.946182 417.589600 
296.222595 392.025146 
98.104065 491.046295 
61.993504 406.491608 
43.837788 411.097168 
36.167820 544.744873 
103.223579 489.489197 
91.607399 159.289551 
81.646744 569.831909 
68.002884 424.434631 
63.458782 572.494934 
53.219200 547.673828 
117.085518 347.049011 
95.442162 512.791870 
166.513580 567.528076 
71.420471 362.993774 
120.874413 464.131653 
115.640259 570.141479 
59.299118 497.994873 
123.025024 580.018616 
384.130707 449.327271 
254.669052 178.793091 
284.092285 432.191864 
465.977417 580.218262 
153.338181 543.338196 
147.460739 500.423096 
153.231018 505.781799 
215.842392 523.581604 
577.822205 143.671494 
18.937679 523.448242 
556.315125 544.832825 
498.977142 519.767334 
578.553467 137.295685 
28.280409 484.089508 
250.780151 579.739441 
40.664383 493.933228 
20.038376 448.248291 
84.811478 439.106567 
339.983093 414.098572 
52.561699 511.133362 
31.965401 556.234436 
56.235596 479.667877 
38.176979 557.588318 
75.670357 439.594666 
63.928867 547.037659 
395.395874 445.908936 
116.883278 456.063110 
192.715897 376.850311 
128.310623 490.267273 
186.877396 494.639740 
450.605499 547.642944 
334.923401 413.434143 
133.126389 512.839905 
157.348282 310.457336 
521.290710 569.286194 
480.798767 554.798157 
527.169678 513.269958 
379.640686 468.676239 
147.122894 528.057129 
293.761047 444.572449 
16.588001 296.781128 
163.506165 560.114868 
37.562649 154.871201 
206.953354 525.519958 
154.019821 353.893188 
252.650726 524.423767 
17.126694 580.461365 
281.963409 459.334381 
335.084198 456.266235 
167.935608 515.985535 
579.111633 119.157753 
26.329689 419.355865 
16.656824 399.640472 
317.010895 412.512817 
511.533020 510.315613 
52.816242 431.061005 
39.408569 347.604523 
295.344452 393.349823 
96.835968 486.768555 
112.930946 445.337250 
45.482952 402.348145 
41.399582 550.266052 
101.714470 449.333832 
83.769958 579.688293 
73.812057 407.073730 
60.000000 450.000000 
46.175079 543.282227 
71.135727 550.567139 
117.242638 557.627319 
175.965622 565.965637 
190.596008 443.265625 
412.215515 479.742493 
195.288467 556.712036 
157.164520 282.425446 
336.471344 414.723389 
136.320465 580.117676 
181.786453 509.873291 
157.254868 242.589844 
579.052979 40.026539 
143.807205 501.899872 
197.166977 580.412170 
93.175346 572.047119 
262.426270 568.977722 
260.624176 461.512848 
216.810974 528.616516 
578.120361 138.418762 
17.294085 526.497009 
271.186279 450.277710 
339.230133 356.071594 
223.255463 558.923523 
158.586166 576.992065 
561.679688 580.219971 
240.491806 528.666748 
37.383373 505.255005 
406.382080 579.516785 
18.761841 465.343201 
79.980812 450.875854 
248.579529 364.780396 
61.927425 318.014099 
51.224487 491.537048 
27.263508 542.700745 
97.906212 461.118805 
75.211075 335.109955 
59.085342 480.917114 
36.477985 577.987244 
371.426514 470.459778 
78.976227 515.377014 
74.799210 433.115448 
56.963379 517.586609 
119.928078 486.270905 
192.957153 343.498322 
65.942245 574.682556 
122.251183 491.543213 
138.301102 506.272156 
157.416916 408.832397 
477.508575 552.540588 
514.357239 580.227600 
227.223663 255.725891 
33.101589 426.073425 
149.292221 578.944336 
29.529568 155.350021 
16.767563 315.535522 
143.267273 397.388550 
365.335297 467.188293 
35.507603 293.468811 
237.266891 544.705078 
497.572388 512.654358 
28.098042 414.135498 
18.948078 363.217468 
230.101044 353.463745 
195.548309 335.557190 
90.885246 474.276123 
76.891739 391.451965 
39.401665 533.189331 
329.784943 465.170715 
108.569542 459.805359 
90.758865 355.665710 
74.874763 349.540833 
57.640995 459.783630 
50.917347 532.733459 
113.941910 366.528351 
100.290237 409.600067 
95.504066 579.056641 
71.520302 537.789246 
102.359703 569.992310 
191.511536 409.583740 
182.453659 578.551636 
127.376472 521.415649 
187.279343 577.279358 
447.779480 579.909058 
131.499405 574.425659 
154.755112 417.607056 
157.263702 232.182632 
498.414337 568.200684 
225.212708 267.407990 
227.229446 221.177933 
270.009460 558.586365 
157.023682 446.242828 
216.762085 536.579834 
24.455698 274.114136 
275.279236 554.391907 
268.521545 437.033752 
223.649628 556.220703 
35.047413 313.813507 
197.461441 336.409485 
280.551331 491.169128 
249.516998 514.664368 
219.082733 348.436005 
163.793121 578.203857 
576.749146 578.251160 
16.650055 429.389648 
81.674973 460.305176 
50.857559 490.552795 
22.573790 570.196838 
96.861252 448.594391 
341.691223 458.927948 
63.555927 368.826447 
579.020386 570.813904 
103.450584 359.479980 
309.991882 443.315674 
82.622284 528.929504 
72.754189 459.260315 
62.787945 533.894897 
567.382263 545.737061 
119.577614 470.285736 
191.073563 352.202118 
103.425446 557.846069 
68.339500 556.728516 
124.024979 512.517700 
119.021904 534.377136 
423.487152 359.474457 
137.135284 497.630066 
469.702789 473.044495 
489.759094 531.902832 
329.380554 312.254700 
524.728149 580.319031 
221.899506 527.004272 
277.320770 164.460037 
540.314453 576.675049 
18.306017 379.190918 
17.962952 279.869141 
386.773346 480.075134 
161.572662 580.210327 
143.671524 457.245941 
26.249357 580.226746 
156.427185 381.799591 
212.404068 566.560974 
17.450512 558.645691 
466.521698 551.020691 
231.441376 552.880310 
28.517365 438.684570 
294.310669 390.495300 
275.127625 382.984589 
68.917206 521.587341 
20.321001 496.597137 
81.449066 403.325897 
65.223862 354.383636 
57.547661 394.053833 
51.235569 381.494324 
314.283539 408.009460 
107.711685 433.765228 
65.478378 343.236633 
57.615952 434.060944 
52.959759 513.965332 
578.355652 565.636963 
103.230240 416.485291 
361.085724 426.673798 
75.546677 487.466644 
572.753174 566.620850 
109.507767 579.466370 
103.678154 535.857605 
191.040512 416.111389 
184.437897 573.834351 
128.419312 531.636658 
195.023514 535.607178 
414.922791 458.207825 
137.142151 565.813232 
475.533417 580.424133 
157.415985 185.257050 
50.064819 337.999512 
290.849182 395.523560 
115.007919 354.720215 
156.040283 435.319611 
213.155472 550.979492 
577.314941 119.993073 
268.278442 434.184814 
155.978531 394.371246 
219.356003 537.208496 
41.507740 319.353638 
30.836729 500.256775 
368.640625 476.809204 
