78.344696 442.337158 
69.991608 463.937134 
157.046570 271.915039 
190.737579 337.208923 
125.700630 162.112549 
41.937607 293.029175 
17.851780 310.700439 
86.373665 442.312469 
155.424362 403.412842 
18.016537 329.045837 
156.221100 403.965454 
47.761997 299.373322 
235.401627 358.452362 
232.124390 550.036987 
18.309544 395.242310 
157.043076 434.841675 
469.518250 453.786224 
249.393753 367.030121 
176.889084 469.411774 
17.013784 513.748840 
140.827164 160.893616 
398.279022 348.777618 
99.235847 504.031799 
163.214111 580.112732 
58.130981 577.986328 
137.225204 579.949524 
275.507660 499.737976 
156.047363 164.032776 
262.737640 511.610046 
118.596230 344.880280 
422.669891 462.631104 
108.700043 485.502228 
58.650326 447.514130 
61.927425 318.014099 
51.412411 431.937561 
339.983093 414.098572 
108.009392 579.383911 
23.718863 214.220932 
157.361221 230.918030 
144.458725 545.003601 
143.442688 481.727081 
16.772181 364.139648 
157.215988 235.066650 
192.338135 362.229553 
19.401293 368.061493 
87.973137 451.226196 
75.388840 455.970490 
18.896729 432.828247 
53.869152 310.134583 
298.281219 473.448883 
17.271736 438.841034 
18.982899 407.260437 
155.202591 396.730652 
18.775539 559.785217 
370.621338 397.028198 
19.115795 517.392456 
234.302246 548.633911 
16.647039 479.602509 
99.077499 493.312622 
413.791779 419.277161 
278.308563 380.329163 
102.517715 484.882721 
258.696289 522.203308 
92.027977 579.469116 
61.039116 580.336365 
347.825562 421.917877 
52.570274 387.212524 
83.874657 449.922241 
268.376160 577.329651 
156.833908 196.086914 
190.520142 347.949219 
435.257568 468.288879 
17.457312 324.235565 
192.723694 349.749451 
18.536098 286.606018 
157.339020 424.760284 
19.361446 397.173523 
154.609604 443.409149 
157.049805 427.630402 
17.573605 407.573547 
308.068817 399.969391 
289.387177 486.170807 
257.301544 368.365814 
140.572968 163.547516 
246.905182 531.741577 
101.989227 501.653351 
273.154938 504.445831 
446.332520 473.328125 
157.257172 182.582306 
258.411499 519.255676 
271.531158 426.310791 
269.487732 379.821655 
54.293118 428.833923 
305.092468 464.910797 
336.001160 413.172546 
83.322792 491.307861 
369.293945 430.953094 
157.491684 226.070557 
356.386475 426.041412 
18.299995 263.137817 
17.062054 359.687805 
156.617142 253.337814 
192.079758 354.261505 
18.653803 372.347534 
17.155958 288.610626 
44.567596 346.303345 
294.587799 389.878296 
74.021561 449.085968 
232.690399 500.386993 
170.214584 480.016418 
154.060608 505.848816 
156.372635 385.258575 
224.389862 556.967346 
17.761803 459.772675 
19.055908 411.950592 
155.047714 383.195129 
193.358551 158.575317 
180.759018 469.952209 
17.791285 559.394043 
20.208042 478.869690 
239.892487 543.601990 
473.206055 459.846771 
34.298866 516.178528 
165.873886 466.548523 
115.054550 496.627167 
454.118256 477.349487 
91.987061 484.222809 
108.761383 501.475586 
116.311005 462.964142 
98.963547 491.474304 
251.779114 525.993896 
332.639465 414.533264 
57.380627 463.012207 
190.852417 408.867218 
118.636848 349.459290 
157.358047 376.221191 
359.778564 425.411224 
82.062279 431.942505 
573.357422 439.213928 
156.955505 186.593628 
191.723831 348.739502 
434.652069 467.635712 
17.135826 318.555176 
159.635864 506.786469 
84.229950 503.341003 
94.605019 503.045288 
18.711266 290.602173 
156.050949 418.188232 
19.011086 451.043365 
154.693329 444.373077 
25.878107 579.056885 
17.949375 420.934265 
18.384523 568.368225 
155.734467 418.970306 
289.431366 485.932007 
17.409214 526.377380 
157.498840 578.455444 
97.567726 419.972015 
182.542664 489.219208 
168.375259 580.404236 
118.645309 505.091400 
381.822418 437.205048 
156.512115 400.082245 
193.976120 344.353973 
300.610016 471.635254 
157.216721 176.497391 
300.001038 391.969971 
106.928314 499.494751 
55.940651 433.043335 
382.087524 438.642303 
192.403030 390.203613 
157.046661 307.976654 
303.952789 301.157227 
377.826263 437.515381 
82.885254 492.975250 
69.840118 424.613312 
191.123047 295.788696 
82.985298 419.754456 
22.287315 265.474243 
17.237913 375.073700 
156.870392 247.001465 
18.037769 334.971924 
16.993748 286.989685 
198.328766 335.985809 
31.242411 281.123291 
283.584991 489.125214 
18.675518 449.069611 
156.665329 379.488037 
167.537338 499.547455 
16.797453 451.075500 
18.748716 419.560547 
155.488571 388.197388 
185.064835 465.102844 
16.847620 389.702942 
119.966293 577.096802 
403.152863 351.458405 
155.183167 349.731720 
314.382690 404.304871 
451.687561 480.554504 
107.429161 356.591919 
387.067261 440.800140 
318.370605 579.472290 
90.077736 459.223785 
96.361313 482.918823 
184.392502 578.450500 
94.223587 479.289459 
89.012444 491.213165 
109.079620 361.016296 
272.358368 422.780487 
155.784912 376.399323 
28.889816 514.546753 
273.518250 343.348419 
156.136795 367.320801 
24.079777 271.150482 
17.641439 211.350998 
21.328766 537.866699 
191.232742 354.687775 
17.667444 338.108337 
160.470505 501.694550 
85.296455 520.746521 
348.582611 420.835815 
18.585497 299.649414 
72.022644 475.287415 
85.954689 473.087097 
154.746994 427.914581 
157.478409 440.506836 
17.358686 414.154602 
155.551285 421.077698 
246.437042 363.760468 
577.438477 564.921753 
19.124218 440.961121 
43.693649 579.775452 
121.765816 577.389038 
34.545906 577.624817 
17.299541 577.956787 
154.701004 164.699402 
90.557358 520.758606 
157.462708 300.479431 
157.214020 295.739502 
251.685730 577.726685 
88.805542 494.969421 
474.923706 462.464233 
193.250641 384.404358 
211.383682 572.122437 
155.905670 313.917297 
190.642319 378.007751 
16.625980 266.753052 
18.103710 274.470642 
17.641468 371.255920 
156.625473 269.861145 
139.196030 529.196045 
285.865173 383.505615 
17.965572 303.544617 
199.191254 337.409058 
87.526596 437.734589 
131.756012 162.179535 
283.045288 492.002777 
18.044750 310.966614 
16.567490 551.532898 
306.740997 465.039490 
240.660370 535.860413 
18.334446 423.142548 
376.253479 398.524017 
17.312252 379.660400 
18.642529 489.858734 
18.051949 176.508240 
314.741882 401.807526 
226.058533 351.458466 
108.910530 515.266785 
113.046516 355.437531 
101.255653 477.754822 
25.977798 519.688660 
180.744324 572.947205 
403.201782 449.537659 
187.279343 577.279358 
45.450954 463.723145 
179.090698 579.506897 
70.091125 578.045105 
48.247654 578.251404 
37.247894 579.994019 
38.732025 426.090332 
420.645264 460.780945 
58.939140 450.467804 
191.359070 421.556335 
194.692520 580.286804 
137.873184 162.501038 
52.775009 446.564941 
83.319008 464.488403 
68.270035 442.199432 
157.252029 199.059982 
191.040619 365.576874 
322.400330 369.355347 
217.734085 563.037048 
192.726395 331.977112 
18.760664 303.645569 
209.722534 306.293762 
77.762894 470.373108 
18.761841 465.343201 
154.541641 435.125946 
157.296661 460.437500 
293.192963 393.627228 
295.385345 477.992798 
16.526581 432.372559 
18.717274 531.431030 
302.944031 396.072815 
340.771820 316.504028 
16.665693 536.684570 
171.203461 470.116943 
95.588028 409.359283 
96.395386 435.091614 
467.376953 451.255981 
17.612335 573.379150 
412.014465 455.654999 
403.230804 456.967560 
157.326508 291.361389 
217.224106 570.483887 
107.319115 491.578522 
193.458862 378.815887 
84.363533 483.412872 
210.779572 577.089600 
191.482056 387.661072 
17.557800 262.328491 
156.457840 348.732086 
18.313541 277.531311 
67.224991 453.435059 
157.108353 263.863098 
192.502213 292.822388 
413.895203 421.031494 
287.885101 387.261078 
16.740398 297.190979 
19.659058 545.527405 
18.219917 314.962769 
156.769852 391.847626 
34.234001 283.317413 
17.721012 463.641113 
16.819057 399.081482 
253.123306 364.698273 
115.483986 432.443970 
263.995361 371.088623 
92.195557 470.805420 
246.601135 534.212830 
228.761612 354.634552 
279.722656 495.166962 
267.290436 376.555634 
245.741394 533.586609 
85.496376 347.639801 
121.655731 497.160309 
17.984228 333.773804 
132.335144 475.901947 
143.113174 494.977264 
52.925079 441.585754 
251.785645 329.990936 
341.166656 381.375244 
66.658730 445.860535 
156.690903 216.621628 
190.515198 371.569336 
157.273956 208.323196 
60.000000 450.000000 
16.716728 351.009888 
192.109070 377.976776 
427.635376 464.137085 
18.717365 354.285187 
361.297791 427.217133 
296.222595 392.025146 
74.943550 463.292542 
19.453402 472.566559 
156.824585 450.570618 
292.192688 386.590515 
294.515991 480.022949 
223.375458 558.303833 
16.581030 431.315521 
321.307343 405.023529 
155.082169 409.826965 
155.577332 371.063782 
149.593933 163.950897 
172.480927 466.888489 
26.696638 395.696838 
238.585144 539.291260 
119.670166 474.798004 
326.529083 411.178925 
113.585251 496.739777 
334.798187 413.864258 
390.622162 443.731781 
89.116615 354.435852 
216.682648 568.678711 
105.254875 495.254883 
200.163162 580.395264 
199.138763 301.364502 
196.630524 336.756287 
268.162231 510.914032 
17.509415 277.917267 
52.395107 383.216370 
145.469315 562.947876 
67.187729 458.574768 
157.092972 280.531708 
190.623428 332.120911 
24.200176 269.897705 
20.044147 350.113342 
16.677567 315.346436 
87.739082 444.397369 
114.320831 354.650024 
18.119377 319.628693 
156.115143 410.020294 
42.397064 292.876770 
136.962631 161.773682 
19.675674 385.616608 
154.762207 454.021851 
56.695862 310.718719 
447.345825 474.034119 
50.446033 535.588745 
17.580635 391.452911 
18.047756 549.188538 
178.159775 466.518768 
17.586863 520.014771 
370.467957 433.582794 
401.104950 449.694489 
181.428101 481.601837 
209.457291 304.063202 
119.253403 442.514374 
260.891998 373.013214 
149.781113 161.059052 
177.170883 475.809967 
281.938538 491.166290 
92.690224 496.164856 
291.962341 351.729065 
125.200043 491.780273 
156.920242 169.026230 
57.992786 443.267059 
52.328800 433.923889 
341.062378 420.068359 
80.438728 450.773407 
157.394714 215.988647 
190.645798 377.737549 
16.715286 342.344513 
156.989838 244.688232 
192.625305 366.633362 
156.556702 286.576843 
18.895088 365.859406 
73.553535 457.886597 
18.137489 430.867065 
579.590759 467.853699 
16.826530 447.280609 
321.490692 408.923584 
155.548126 394.136475 
217.273605 347.026825 
48.084236 356.010620 
141.323532 580.019348 
126.898933 579.910767 
17.178232 480.908752 
18.598049 578.873291 
293.275391 479.198700 
36.513081 390.290375 
98.480659 473.868134 
327.615234 407.718811 
111.214310 487.308685 
118.137749 454.129181 
342.923340 578.291138 
34.827862 224.905792 
276.648376 502.403534 
316.465393 580.149292 
207.569397 578.786865 
394.064148 446.694519 
98.195305 579.215515 
278.724335 385.229431 
256.260010 519.533081 
165.000397 468.554810 
270.810181 378.748077 
415.488892 457.729156 
254.128189 525.667969 
190.675217 396.578430 
343.323944 417.397003 
268.408936 509.598572 
17.231056 271.266357 
157.122055 365.636536 
