181.137009 30.645262 
80.815315 438.931396 
315.119415 315.548584 
495.407928 363.757721 
230.418701 417.239319 
510.091278 539.509033 
254.829834 17.450260 
86.736946 443.376160 
192.244293 242.486710 
56.146324 362.084595 
293.587982 462.085205 
526.619446 445.220062 
222.358780 234.922775 
16.526150 510.402618 
293.810577 480.038422 
530.203064 382.170380 
54.345520 580.287109 
120.522552 480.879974 
260.113251 514.870483 
351.175873 579.086975 
305.401794 357.927734 
489.096924 394.865967 
17.660263 266.625244 
190.201157 461.157959 
81.971832 459.944183 
317.147400 367.060364 
59.806870 504.166962 
339.943542 353.202881 
45.875370 376.758728 
85.903786 497.476959 
329.797424 332.900909 
65.271439 496.986694 
192.019226 198.065033 
126.807816 112.503006 
428.158691 399.080566 
432.156464 543.077332 
538.520630 388.200256 
298.327057 473.916443 
266.289246 441.230438 
360.769470 374.075531 
17.532269 568.441223 
200.634201 16.844833 
42.432701 104.567566 
246.268951 89.004494 
116.283478 487.567841 
530.379517 433.154999 
265.234070 323.296143 
288.539124 302.391876 
580.273438 145.020630 
209.169357 575.114624 
544.876648 469.105225 
287.623810 45.898087 
276.376068 381.025269 
296.437805 316.240967 
95.014740 579.543030 
124.428665 30.120550 
206.815155 254.885254 
83.580322 502.135223 
416.154480 370.304688 
341.645569 354.019257 
235.472229 22.642490 
516.325134 559.929138 
342.684387 110.295914 
197.871094 348.878815 
480.873932 579.243652 
364.689941 331.538788 
209.124039 362.271179 
48.706818 299.583923 
440.374512 379.878723 
17.573605 407.573547 
527.703735 443.949280 
357.321564 110.064957 
201.121902 154.999542 
330.854248 115.965027 
216.104614 372.438843 
142.684387 163.353241 
28.694300 418.759216 
535.532776 382.993835 
264.938812 277.736115 
292.742767 308.931458 
579.874451 106.636948 
248.040436 367.143829 
39.594997 478.304230 
270.277161 505.714569 
292.019531 77.481918 
533.264709 561.813782 
147.406311 17.031908 
42.824821 413.875122 
269.742035 379.660156 
33.528023 429.634430 
324.503845 308.787079 
188.949585 541.506226 
197.026123 396.550354 
532.701904 179.679871 
421.835815 536.955383 
339.066620 412.800079 
16.500662 297.274963 
208.443863 507.862701 
374.833099 367.481384 
17.062054 359.687805 
193.036987 359.493713 
481.302582 534.573120 
382.443298 370.592651 
215.692825 566.636963 
294.401611 389.722198 
579.909607 566.261475 
29.328358 371.409912 
259.353363 87.385323 
157.143280 387.022278 
72.397659 334.632050 
226.694016 552.925903 
16.668776 461.979950 
18.020176 412.469788 
61.859745 360.703339 
247.668152 314.095184 
532.357910 544.703674 
539.084351 448.914185 
215.358170 17.367380 
500.724915 29.077660 
37.468048 436.187103 
284.821350 31.006092 
90.409279 569.505554 
332.243225 414.878326 
555.605713 564.159119 
418.191376 400.432892 
340.237000 462.623108 
178.564362 26.845074 
199.986435 525.192505 
335.147797 316.046631 
69.194153 427.476013 
349.629669 382.769318 
137.553665 366.446289 
33.952652 105.841751 
433.502380 467.597046 
301.383514 126.760307 
109.331093 30.821365 
94.257706 500.690338 
260.822235 31.197926 
446.386932 382.990967 
123.896210 18.003307 
19.344551 455.015778 
203.484039 262.208221 
569.719727 552.041504 
40.497627 288.413818 
25.146439 109.484589 
531.451843 551.919067 
367.972107 349.411346 
400.705078 450.194336 
522.597229 424.357941 
183.053864 486.924774 
68.687836 490.249603 
325.937378 431.002899 
94.621773 511.211884 
97.316185 522.145264 
113.775040 401.101501 
105.883705 503.804047 
343.327759 472.573181 
467.303772 55.308697 
310.947998 340.939087 
383.610413 372.791107 
334.551208 359.263245 
272.396759 301.055359 
354.288849 435.683777 
314.377350 119.167587 
319.199402 305.035492 
221.066833 531.444031 
503.170715 425.906219 
346.697296 369.267792 
257.750916 89.125717 
156.748474 566.574280 
42.579285 348.028137 
20.038376 448.248291 
311.701935 461.406464 
458.185822 401.287994 
76.746735 442.549713 
30.802197 388.587708 
181.627380 544.728882 
465.395752 389.442963 
285.616272 310.501434 
225.625778 352.227875 
358.244781 71.627594 
91.026985 460.790192 
97.499496 483.320160 
298.871613 319.315857 
140.323090 365.874420 
539.594482 579.067200 
424.372803 385.418701 
102.534309 469.225677 
397.928314 579.584534 
125.004745 393.887543 
395.008972 360.660156 
230.728271 354.225952 
16.877638 110.681641 
264.668854 566.760925 
184.450912 574.450928 
499.727417 464.889923 
346.526672 341.796753 
190.977997 355.941406 
107.140999 17.811792 
358.152039 329.265778 
283.199280 548.540894 
171.661865 510.387878 
446.835419 577.218384 
289.614532 477.105865 
578.529053 366.385254 
208.880249 28.506735 
296.015747 311.628998 
46.558388 578.737244 
119.030952 579.315613 
119.683144 385.272308 
294.887695 293.156708 
140.710846 18.168312 
425.723480 366.889709 
104.300156 414.184296 
342.573090 481.099609 
579.009216 55.227791 
67.483101 323.124847 
572.182312 577.319824 
302.672943 297.733673 
480.615936 416.807190 
434.495972 579.546509 
319.781647 75.015572 
184.677307 24.211452 
83.016296 424.347687 
71.048775 373.819946 
228.524933 409.039124 
205.065720 273.276154 
203.461411 338.266815 
89.632172 435.941650 
389.278320 364.822906 
283.008667 493.488556 
115.163666 23.174637 
32.678158 305.244720 
422.165466 16.777170 
320.953064 529.919861 
56.321491 366.080750 
245.030151 310.171387 
506.231140 427.827942 
469.791931 398.877319 
71.918175 335.031403 
435.583466 366.611877 
451.667450 554.424438 
18.020306 433.760468 
426.466675 29.190998 
107.167412 387.213715 
409.946442 29.937389 
290.303101 25.463129 
177.594986 578.885315 
580.037292 17.082706 
476.296448 412.095734 
38.264065 579.685303 
493.997437 474.063049 
490.188843 420.201111 
269.407104 484.341125 
499.248322 550.831421 
509.287781 438.629150 
190.519608 442.099426 
78.731606 464.577332 
229.006775 390.762329 
567.515076 579.187744 
328.124573 372.979523 
119.160072 17.650560 
405.186890 27.821266 
251.049957 91.966843 
428.993530 378.945740 
269.418152 29.659716 
291.997009 390.864655 
297.309937 475.890503 
204.105042 302.807159 
237.664276 415.254944 
71.800575 328.689941 
525.003052 378.439362 
201.080139 18.086924 
377.687347 356.601105 
113.736084 568.793701 
249.392029 406.752045 
315.499969 433.667755 
369.570557 17.151989 
266.303162 337.704437 
580.494995 22.649347 
475.788574 354.200775 
263.890533 488.920868 
270.147095 470.603088 
211.276779 576.928894 
75.656418 578.116089 
83.945831 484.451782 
313.232880 344.908661 
157.287811 353.895508 
336.943634 376.214722 
22.812817 277.462708 
192.826004 369.626221 
37.226204 106.577316 
287.884308 387.583038 
575.697876 445.328888 
213.820526 508.972046 
555.136292 19.032345 
191.897308 168.912109 
578.387573 388.933075 
465.908569 554.110107 
365.592407 349.270050 
336.149109 62.478394 
17.829380 400.967773 
18.427406 492.956360 
201.104919 185.249039 
488.586365 27.214125 
250.687164 469.398163 
24.551369 530.544434 
32.859695 532.886169 
58.815430 118.397171 
289.634705 328.065643 
176.621170 497.522583 
577.664795 169.376541 
234.690460 535.261719 
310.651093 301.831116 
508.258698 546.562866 
79.103668 525.589661 
312.144653 17.365725 
52.978508 439.762695 
340.685852 379.706421 
520.074646 535.442200 
60.000000 450.000000 
16.585783 350.908112 
348.381592 322.333252 
192.927704 373.773346 
427.279510 464.970459 
433.011353 381.731903 
294.766449 393.604279 
577.976074 535.606689 
29.870420 293.218536 
157.368134 451.897919 
223.657043 558.883850 
17.547981 431.870972 
525.667053 462.543030 
302.829437 394.798431 
218.300644 349.070007 
171.218964 467.199402 
405.197083 373.392181 
30.901909 477.446289 
244.131866 290.326874 
398.531738 395.933533 
129.552017 518.432800 
416.185760 363.229919 
547.266357 441.967407 
283.084198 17.270754 
533.018616 458.227814 
64.555717 333.302429 
555.067932 390.913940 
313.172882 70.723068 
55.821663 399.486664 
338.334625 435.470520 
204.426666 530.621155 
68.968292 460.376343 
434.994263 432.357880 
109.573471 24.002659 
503.618103 364.929840 
245.430374 90.193001 
74.175209 424.499237 
24.251108 346.404388 
445.976227 473.464111 
279.960632 81.418365 
229.239868 553.528870 
515.532837 372.886444 
355.572845 25.418848 
450.331970 389.619446 
399.854095 449.669098 
182.882004 483.904816 
259.772095 372.009094 
283.324371 345.073669 
277.331787 491.660217 
573.589294 19.287031 
524.439819 578.272827 
413.064697 385.572968 
435.328491 32.917553 
322.485291 407.873535 
110.210457 371.782227 
563.465942 541.605591 
196.325333 526.803833 
181.461182 564.913513 
103.707275 530.625977 
55.623169 443.571442 
342.950104 381.012543 
476.470245 553.754333 
308.333466 422.125549 
331.279724 336.861572 
329.975769 17.268425 
321.835602 359.331879 
375.875305 378.382416 
191.742020 198.054214 
72.159737 380.676056 
206.027344 278.310669 
550.438904 18.975624 
448.599304 404.073853 
526.478699 551.363159 
356.925964 362.929535 
307.035858 395.219421 
330.103027 27.718990 
219.243225 269.614655 
61.927425 318.014099 
75.950966 467.932251 
193.500366 29.826229 
34.237232 395.812683 
322.975861 428.107574 
231.056732 257.988129 
577.661804 188.638763 
520.508850 265.737823 
261.064148 319.274261 
545.432617 510.268341 
327.282745 407.806091 
226.430634 22.936293 
93.616875 441.696625 
217.355392 98.409042 
559.483704 395.133392 
295.410431 352.617798 
317.148010 456.514465 
293.978790 128.553436 
517.214355 578.938110 
253.892471 524.117310 
275.450562 326.793762 
169.584412 27.420069 
17.648861 273.856628 
248.885284 31.355141 
322.963074 325.773163 
498.435577 398.175018 
346.950897 344.446198 
191.952362 339.521393 
546.524353 17.280472 
224.558121 398.300415 
511.387299 432.551147 
308.797668 434.973480 
46.743511 299.710236 
272.384430 16.863958 
193.114075 174.119385 
30.696388 410.204834 
215.029343 363.637054 
239.681030 17.836002 
175.242218 470.095398 
466.057251 412.360779 
224.774994 374.853180 
88.173599 419.420441 
101.258118 506.712860 
382.464752 445.044586 
165.546829 577.575806 
295.963806 294.476532 
248.695038 519.097961 
29.365913 579.816650 
562.548767 398.163116 
421.626526 361.206726 
449.032745 32.316952 
344.719269 486.353302 
577.185791 127.743713 
309.422424 69.308891 
262.042877 580.475159 
535.408081 453.733093 
493.991608 416.262024 
460.679810 19.951487 
132.280930 431.107544 
480.122223 389.973694 
552.391541 576.292969 
240.195435 505.337189 
395.402710 29.618942 
236.686798 93.489906 
19.044735 367.485535 
202.580811 343.085541 
47.208401 336.029846 
332.545776 112.792923 
282.368561 476.421387 
155.519638 453.777802 
30.254143 355.148102 
422.313263 35.759861 
268.646912 85.782822 
477.516571 350.424316 
397.907959 366.273682 
282.307190 383.466583 
468.837860 414.529297 
234.248657 546.643250 
17.130079 474.152710 
411.920135 355.595123 
99.983887 462.810608 
381.900146 393.265778 
217.916550 16.743050 
561.427368 451.756439 
107.961517 394.956818 
446.916504 375.600983 
124.340401 516.020081 
579.497131 80.321640 
475.419769 395.625427 
199.277267 580.465820 
259.419342 522.524536 
65.605309 577.876953 
16.629292 163.916168 
302.217468 318.236359 
134.311707 386.269073 
488.133362 428.769318 
269.352081 503.480713 
217.559753 496.017548 
259.242950 274.612427 
82.988022 444.770996 
316.961121 306.279907 
551.469421 101.633728 
101.349510 121.211029 
514.756897 542.467529 
519.108337 448.811554 
508.723755 369.624756 
82.239594 108.718872 
577.095459 494.385437 
55.445656 346.099976 
188.027069 17.209394 
579.701233 445.420135 
17.539148 532.435486 
257.996460 370.002808 
119.815987 498.252777 
251.260391 528.539490 
294.032471 126.653580 
288.424225 336.954681 
131.728073 419.790283 
260.491455 517.322083 
441.744263 16.935186 
126.601936 492.104645 
489.762817 397.903381 
421.627441 578.283020 
368.728119 430.877258 
53.432560 546.653137 
338.835480 346.975769 
18.991337 260.042877 
87.532867 489.317749 
329.282227 348.030518 
16.504044 291.312347 
192.089386 197.586548 
321.030975 503.664978 
295.768555 455.949615 
578.236267 451.140381 
361.529999 371.869263 
154.272720 379.634247 
444.850739 548.628113 
16.533148 562.975281 
18.484329 474.288452 
42.378502 109.248856 
373.914124 334.805206 
117.569427 494.956299 
451.209930 475.526031 
265.767426 316.465820 
21.847755 383.359680 
288.254669 299.250244 
230.020599 17.433056 
577.276367 140.832596 
140.634598 301.236053 
542.147827 462.677399 
496.264893 552.186829 
274.941223 497.850342 
302.912903 18.092377 
268.670013 415.607910 
275.116821 155.193069 
190.897141 412.750854 
322.682068 120.433769 
277.932037 284.447479 
522.701660 374.836761 
571.980530 442.214325 
467.966858 31.587919 
63.748924 448.605164 
17.225742 321.177490 
195.951309 346.268188 
437.212494 396.724609 
298.250214 76.850929 
73.138367 484.095306 
533.983948 191.685913 
365.311066 329.720032 
155.513504 447.463135 
157.306000 446.316467 
440.151794 388.891266 
191.146729 376.875702 
280.418823 23.824240 
16.854448 422.054779 
18.539532 564.263306 
198.443817 157.419998 
217.126938 371.871216 
402.731018 357.758423 
531.990784 480.031006 
31.965401 556.234436 
212.375351 28.508930 
577.565369 96.746460 
472.206116 579.261597 
546.862366 468.930634 
278.911804 431.451782 
444.144165 437.156830 
186.748444 549.142700 
128.308044 16.837179 
53.554794 464.644409 
54.285717 402.489563 
176.417236 16.686588 
18.610044 102.984016 
200.189270 560.326111 
469.546997 512.323547 
62.105934 378.251434 
16.611135 377.529144 
353.959564 438.170593 
94.235649 121.402130 
69.250145 580.283752 
437.550659 406.995911 
215.748444 527.340088 
221.953049 515.524536 
577.800476 563.277893 
25.406410 362.869781 
416.019623 27.623096 
53.903305 346.483643 
444.912140 438.500427 
292.817719 351.717590 
16.988117 455.856140 
18.578339 414.108276 
219.712158 231.535507 
65.193062 357.323059 
402.241241 349.805420 
385.481506 576.816467 
429.137085 371.359192 
312.186646 403.524353 
19.262672 488.424805 
361.252136 22.759855 
275.283539 554.144958 
278.827911 480.913574 
90.135025 476.493500 
42.321651 460.961487 
334.012512 425.992279 
505.857056 580.328552 
414.467865 379.385925 
340.155640 459.773926 
479.296326 537.725891 
201.936707 529.345642 
155.892548 248.844803 
66.197289 434.177826 
313.904297 121.880035 
35.894447 108.099136 
321.580017 341.248260 
216.131363 569.655457 
284.005005 472.994507 
578.084045 519.658142 
87.589470 452.768555 
447.807037 397.225433 
226.446823 509.473511 
121.662872 17.458893 
301.049622 470.451569 
257.482880 152.559280 
36.216827 283.906464 
61.447182 316.224823 
222.229141 512.513733 
28.922340 536.531738 
247.178268 363.603241 
375.171204 384.341583 
536.639954 496.530182 
370.433624 333.164459 
181.632782 553.480042 
382.032043 337.673462 
150.221451 577.091125 
36.078033 387.850800 
502.239471 578.280212 
277.771118 558.975403 
17.299541 577.956787 
330.432281 464.067841 
112.655418 390.641388 
52.536121 350.863464 
299.696533 355.623688 
251.807434 580.028870 
102.142792 505.899109 
545.912415 576.141663 
334.642670 363.216949 
274.633636 286.785065 
69.078751 383.953369 
145.988571 161.692032 
354.188416 438.242493 
91.867157 17.788723 
491.498016 541.866028 
211.424942 466.401001 
220.983032 525.705811 
216.687897 169.304993 
566.002991 19.445910 
27.824108 279.299103 
362.542603 391.208679 
223.491638 453.923187 
510.158905 440.955750 
355.565613 341.863098 
307.232330 466.449524 
190.107773 580.107788 
458.632690 392.663086 
33.444412 418.334595 
319.012909 451.710815 
342.942566 17.144003 
464.810547 415.720276 
209.559204 181.977631 
191.992249 157.596573 
358.427216 73.030907 
92.859650 465.931427 
96.302666 474.962494 
117.784492 570.870056 
220.620178 549.060364 
103.081810 452.316864 
243.088837 536.127625 
138.009338 370.535400 
425.900635 380.455383 
51.984852 576.767883 
448.533203 25.321514 
231.719284 160.234055 
474.721710 426.469147 
155.451859 359.687225 
492.507416 412.271332 
326.271790 116.160706 
17.988016 105.995659 
456.666382 36.721497 
355.909515 386.007935 
578.705933 500.413361 
381.055389 18.371010 
268.256042 562.074036 
429.962402 365.157532 
505.511627 424.310364 
190.685318 361.575012 
578.941162 579.925110 
410.586670 64.794250 
311.138977 508.867157 
84.945564 400.027527 
206.418091 158.170288 
169.212601 509.921570 
507.418213 552.515869 
137.081650 17.431093 
421.014648 25.050404 
210.937927 341.420532 
57.155338 311.224365 
397.549011 365.729065 
578.986633 362.219513 
471.393921 411.565491 
409.404175 375.187897 
118.696342 390.179291 
562.292419 433.844757 
22.722328 430.857269 
412.473328 30.816864 
289.438049 16.690697 
228.083908 94.618080 
577.027954 53.046623 
257.492767 505.563568 
496.283966 439.978729 
17.526215 161.654572 
302.945587 317.240417 
137.786026 406.346619 
485.732697 411.921326 
297.989899 464.890717 
274.684662 551.568970 
182.107986 18.067963 
415.108307 579.038330 
368.495850 394.693665 
231.693863 404.639771 
524.661804 272.571442 
85.876930 429.310638 
385.489288 359.645264 
218.489105 386.164429 
116.035606 29.992481 
561.153870 18.578323 
138.107880 382.608582 
30.874023 287.322601 
516.707336 372.255524 
236.849655 382.320923 
17.859426 498.288910 
435.510254 365.387939 
60.438931 118.408264 
242.651108 406.820007 
430.709656 33.628288 
264.900208 377.024933 
126.719315 399.416138 
474.722839 415.274475 
263.340637 503.862488 
352.510101 325.684448 
305.194641 346.381561 
487.761108 405.361450 
503.728699 556.340454 
509.903320 433.637207 
81.267952 473.909668 
336.927673 315.498444 
238.798325 156.527527 
564.913818 575.226990 
516.056335 424.457367 
254.782913 31.413050 
89.886696 482.756195 
37.074017 117.069183 
372.775726 447.172333 
328.883087 371.600006 
464.547668 394.689026 
453.360046 578.758789 
351.709961 352.498657 
430.495239 388.101166 
212.218109 277.970856 
293.430573 389.747314 
295.490967 480.036438 
577.528625 471.953644 
41.929359 393.259460 
17.980259 556.891052 
19.201206 505.370972 
202.955963 24.193272 
377.212311 376.135498 
286.313904 288.828430 
531.111023 449.784119 
267.451172 330.670654 
392.157227 569.890076 
345.631683 570.205383 
228.234085 31.159039 
577.762268 161.116791 
260.147400 495.035583 
541.104919 460.421661 
285.419189 130.716187 
568.696228 143.023575 
307.695221 298.510284 
191.131409 391.205658 
88.827797 460.237793 
314.334839 340.943665 
156.963257 342.136932 
338.661072 370.882812 
344.049377 579.211609 
16.677567 315.346436 
214.585358 515.632141 
555.374817 17.134857 
19.328932 528.320068 
72.808342 503.897461 
570.317505 550.705933 
363.148865 347.490753 
206.977158 351.058319 
317.256409 356.368500 
439.022522 392.357300 
18.797226 549.625732 
201.381546 167.621353 
101.782532 359.261780 
528.471436 451.543427 
288.012970 319.733185 
229.861313 376.632324 
578.591003 166.494644 
493.366028 580.366516 
281.545074 471.350433 
407.015839 383.072235 
414.628021 66.958237 
556.457947 429.558746 
189.003128 530.026489 
192.019531 459.025696 
81.915588 528.744934 
256.894196 28.987314 
340.901062 420.940765 
16.573130 345.573517 
350.026031 433.629669 
324.221741 579.651917 
380.195801 357.571106 
299.753540 396.647217 
72.754189 459.260315 
27.249821 283.777924 
204.749924 189.244583 
156.697830 471.099823 
340.716339 110.585609 
17.208153 444.476501 
527.027405 470.970337 
301.006958 408.415344 
307.255981 27.102896 
358.544037 18.077477 
219.074615 347.904602 
64.605583 351.268372 
141.607513 577.765686 
537.878662 456.817627 
580.364807 122.394119 
151.445724 161.513611 
38.719604 448.173431 
546.197327 449.920349 
273.857574 562.324158 
276.124908 500.121796 
406.540283 471.637451 
147.886383 30.450691 
100.973434 578.704712 
451.266174 375.855835 
530.840210 579.459656 
418.298218 458.073669 
425.074158 481.396301 
106.063423 566.271851 
56.846992 378.069214 
336.344696 426.947174 
342.441833 416.669159 
564.335632 566.817627 
199.932892 536.672241 
66.870079 464.449951 
571.931946 558.062805 
321.575806 343.844574 
221.477203 487.517609 
502.704163 366.895264 
579.803650 487.405212 
238.092957 359.093658 
232.032471 551.904358 
569.179993 16.608410 
300.640411 443.451965 
203.794647 271.476532 
455.450684 391.045471 
194.643341 16.625025 
29.547131 442.556366 
539.989197 502.907074 
72.540596 344.823273 
41.010967 407.757904 
325.841949 463.329163 
281.363068 555.381836 
571.526794 24.241545 
26.814758 431.135071 
412.875549 378.840973 
135.608261 578.362061 
88.744003 18.072689 
435.160950 29.877838 
556.711609 535.507080 
312.223969 462.107086 
371.197449 577.703064 
55.639709 449.940582 
341.239716 485.220642 
331.439728 344.801697 
348.158661 424.063080 
486.503784 551.563538 
214.867981 23.765320 
258.021393 16.678249 
232.462021 506.070892 
527.581543 555.032593 
358.608154 369.880127 
310.056213 400.042175 
461.990570 408.456787 
195.538101 20.437016 
91.022385 357.315338 
32.493607 399.270935 
368.267639 357.347137 
323.515015 437.608612 
48.753227 454.184509 
185.342026 531.637817 
467.656738 396.700470 
204.982208 155.789062 
226.836761 24.630510 
93.436729 446.095245 
101.543022 496.583527 
144.135406 162.217178 
295.771729 333.213440 
421.076904 421.014923 
342.803101 430.718781 
122.143478 402.447327 
18.449791 70.629944 
568.648804 545.016907 
173.690430 18.121761 
407.202332 576.893188 
322.709595 308.031555 
344.205872 348.376617 
190.556503 347.156067 
528.460144 375.933289 
107.486420 25.798267 
245.996292 89.869057 
390.554474 64.438194 
512.347778 462.805664 
308.879089 441.527893 
45.631897 300.064453 
150.509750 540.509766 
193.265564 168.302780 
214.081223 367.574280 
288.772644 486.846802 
362.403015 105.432083 
205.861069 17.609074 
51.483936 118.252464 
99.356178 500.682434 
374.554932 67.460114 
563.802246 442.373657 
297.565643 303.666595 
28.479961 571.559326 
420.762848 358.813934 
394.203552 462.750702 
289.541962 78.590500 
569.481812 439.492676 
343.334045 74.720184 
495.155334 433.732788 
273.357330 376.578613 
513.783997 407.945892 
158.592422 16.941317 
190.854309 293.917114 
28.858053 114.714279 
314.934265 363.629639 
443.822876 578.676941 
22.617851 373.706238 
521.842285 460.685425 
200.928711 353.109497 
88.696449 470.542480 
385.120117 376.417145 
286.700226 485.940979 
579.080994 547.481934 
312.304077 543.613342 
238.621948 505.360138 
86.966011 372.789825 
243.817657 321.978638 
469.104553 385.405090 
17.493191 492.201233 
409.950928 353.330048 
84.630882 109.393539 
110.911736 500.911743 
243.386734 421.048370 
444.653198 371.906921 
291.004944 313.102448 
123.729172 515.932068 
576.980774 74.996826 
474.022034 401.176971 
154.569351 17.652224 
61.038452 571.088135 
305.515930 336.628204 
491.599213 437.085388 
265.901672 494.003815 
501.782593 488.833679 
508.825897 455.178650 
191.162781 430.730896 
78.269020 427.107971 
317.277130 305.631317 
233.145264 378.156403 
518.397339 439.822388 
198.194824 299.207062 
88.045944 501.446503 
41.179886 156.902084 
325.263733 361.545227 
506.211029 365.847992 
210.672546 262.589844 
59.698479 352.299713 
189.041626 18.161751 
578.116821 443.403076 
209.097260 293.882507 
442.478088 548.908630 
17.869953 523.376221 
368.734619 104.154320 
114.933258 509.027405 
245.340073 428.210754 
249.895401 418.568695 
531.291016 418.860168 
390.879883 383.685547 
292.595428 330.040527 
229.721298 24.776180 
579.603516 30.752495 
261.332642 478.708740 
180.030838 497.259796 
572.901428 555.263123 
132.393448 529.002136 
265.242035 450.264069 
162.701294 18.058887 
558.626892 574.077087 
470.055542 16.543921 
366.244446 432.767090 
337.291595 341.141785 
22.287315 265.474243 
368.768372 397.446136 
98.360687 17.610014 
544.390198 18.208040 
328.812195 346.171509 
16.504343 287.410187 
206.014648 455.982391 
192.216202 186.481567 
30.699738 279.540527 
320.270111 504.008545 
295.044159 460.506042 
578.585449 400.954163 
360.343842 364.603149 
154.881546 388.596832 
441.606110 422.913239 
341.788544 24.327372 
17.197605 388.994568 
19.655142 481.630798 
68.454605 559.126587 
44.643562 116.978455 
373.547485 350.875702 
459.597687 552.287659 
24.259943 541.250916 
536.552917 420.151764 
320.794220 580.327332 
290.603668 290.747345 
185.954620 578.157532 
541.310303 385.024353 
270.293121 476.364441 
70.791771 507.818146 
145.782883 330.105469 
211.921570 160.340515 
266.238464 409.031525 
167.415192 16.856367 
553.461426 446.970764 
454.786194 25.873600 
75.750694 519.641113 
235.851471 30.442251 
20.942360 114.057831 
100.427032 18.037409 
67.678368 501.716705 
192.674133 339.809570 
499.835327 442.916534 
433.010254 394.654266 
294.861115 405.719635 
576.819397 405.700470 
418.669922 16.507368 
156.869202 440.873444 
223.765976 525.419189 
16.979832 416.646881 
18.238529 526.135864 
256.593536 277.752228 
407.377686 364.848175 
28.198683 407.108276 
535.154907 464.627289 
399.207031 383.339783 
174.227203 500.233093 
131.261841 482.850159 
414.272858 375.225677 
548.453186 426.467102 
407.039337 452.424591 
301.255463 70.507645 
287.994293 78.400330 
45.342743 422.659058 
296.938934 16.609039 
84.138863 579.341614 
195.958557 389.396759 
52.564419 460.377899 
58.248329 410.038452 
279.220276 332.661835 
18.089840 112.010262 
207.308640 521.969849 
16.801872 366.280792 
139.196030 529.196045 
109.604790 17.815319 
75.388168 437.626648 
51.912376 339.876251 
392.785034 344.416931 
16.774391 468.077881 
18.122391 421.653961 
201.923752 570.834045 
60.094017 375.998505 
455.902313 424.846252 
528.737671 470.075867 
246.373199 303.291626 
74.647606 454.919739 
429.252747 375.944183 
312.272705 397.530396 
175.965622 565.965637 
568.827881 536.514648 
364.196625 16.635090 
540.463440 567.241577 
326.758301 460.599304 
279.918030 474.771423 
308.572632 359.679932 
412.678131 398.320343 
95.024643 484.238892 
42.541145 466.467773 
333.757843 430.177612 
53.840626 308.569977 
192.610687 539.894897 
420.933594 460.635681 
56.407227 450.862640 
393.664246 578.619141 
23.475235 153.030182 
252.516846 579.355713 
151.599609 254.599792 
331.693787 326.882202 
281.620544 17.861313 
70.736771 438.574463 
578.137024 181.060379 
491.741577 578.820679 
321.513672 369.104614 
219.837234 563.074463 
566.934692 24.991884 
579.602234 515.418518 
71.246773 445.815491 
364.684906 428.844421 
208.767319 264.216736 
445.042999 394.070618 
228.305237 522.483154 
18.761841 465.343201 
305.019287 464.801727 
334.508148 16.739325 
240.396591 543.912109 
457.628418 426.835876 
536.192017 568.002502 
535.643921 478.131256 
210.798126 306.344666 
396.425842 463.207275 
69.886421 387.256744 
578.079773 203.796036 
485.569885 357.118103 
17.803772 574.239929 
408.255646 452.914215 
158.035217 29.579569 
123.959946 423.123260 
475.611633 490.088806 
308.804077 351.024902 
541.335571 573.092773 
334.788483 368.092926 
17.967018 259.820038 
80.894226 121.494362 
343.648376 355.316132 
242.439514 163.618118 
19.130455 81.131714 
24.804945 271.887421 
360.782562 389.889923 
515.943909 447.658936 
358.831970 345.964508 
373.240051 569.484619 
402.646576 35.535660 
457.218048 385.058472 
31.951244 421.895630 
314.723053 506.916595 
320.527313 457.182129 
129.444717 508.430359 
92.986656 471.983185 
378.748322 437.448822 
372.748566 16.854929 
220.934174 162.800201 
108.532173 506.640167 
241.627884 528.468323 
422.622620 397.124847 
565.888123 436.958588 
474.049194 433.870697 
155.938354 360.131134 
492.030731 407.926086 
359.453339 390.615845 
480.718658 399.908539 
378.017639 29.174595 
220.390518 378.075256 
499.209351 428.129211 
506.630463 418.442322 
191.031677 368.332916 
578.373779 570.517029 
227.575577 406.135925 
201.840546 356.091705 
387.457703 344.593719 
173.151581 502.922455 
420.429962 18.812229 
210.870270 346.444824 
396.726990 354.686279 
296.290924 549.209900 
473.165802 406.036163 
227.311020 282.327057 
18.317089 575.644592 
408.701355 368.699036 
112.831177 497.277893 
242.135895 393.202209 
78.645470 341.816010 
312.820312 446.143829 
391.422668 443.505371 
578.504150 42.095695 
16.937870 338.546600 
253.014465 503.234406 
154.722458 22.438915 
548.775146 571.426331 
17.619888 152.142807 
457.131042 377.927704 
481.744324 405.040771 
248.747559 18.349468 
264.669678 513.091797 
317.273712 322.689056 
232.656021 420.572693 
516.483826 434.358826 
89.200775 449.107452 
275.109955 85.505531 
135.968185 161.666077 
30.346001 293.046143 
55.971157 358.088440 
291.592316 471.380798 
516.479370 371.505707 
422.039307 462.016052 
239.388153 388.337189 
17.843838 517.513123 
548.657837 569.870117 
241.764084 241.032227 
326.450073 412.245880 
430.605164 41.473755 
264.506409 371.983826 
273.185089 31.212345 
261.249481 506.528931 
440.520447 25.872932 
273.914368 442.473114 
119.744644 341.117859 
305.876190 361.033356 
486.803192 413.892700 
269.352570 470.474457 
36.195431 504.757935 
191.201904 453.296600 
32.160950 489.788666 
511.117889 546.349365 
517.212769 414.074219 
89.989212 474.441925 
545.257507 16.910036 
285.280640 455.893188 
353.866882 345.998840 
130.102036 539.928040 
427.246582 393.156586 
266.949921 17.964474 
17.240389 481.281769 
523.716187 453.158020 
367.038635 387.865997 
16.558681 547.806641 
253.304932 314.330353 
388.336975 382.210693 
241.244934 520.351318 
396.845825 347.123749 
530.308044 441.542206 
152.237640 26.330828 
292.932648 354.940552 
577.655701 153.709396 
253.788651 393.212616 
207.899460 579.164795 
270.439911 461.849304 
280.090332 384.280243 
86.275154 364.171722 
298.806732 124.890427 
312.999573 335.163300 
156.131424 362.081818 
337.708221 362.496490 
280.383209 323.456512 
16.502399 311.350281 
529.151611 476.738678 
210.631271 518.805603 
238.170639 525.163574 
190.572495 180.517593 
363.277679 340.607208 
205.355484 343.650848 
50.133457 301.852631 
440.208130 401.812988 
17.711704 408.214417 
220.776871 284.580902 
114.456169 522.079285 
139.584579 161.370605 
265.078003 285.516144 
54.522018 105.536209 
97.567154 439.886536 
174.421112 482.652191 
576.845459 108.687622 
125.400841 579.714783 
274.421112 498.559937 
403.639740 386.969604 
577.525085 90.397720 
144.391815 357.239899 
379.547791 579.698364 
320.875305 119.495590 
226.906204 183.586685 
504.646057 537.053467 
339.813599 415.990295 
256.373840 511.046875 
18.564859 94.920341 
475.341797 578.199097 
65.658508 462.004517 
574.599121 404.074310 
349.333405 431.671875 
192.207031 363.570251 
94.191360 109.571609 
34.963127 155.517136 
381.930603 361.827637 
277.663879 324.647614 
579.751465 526.918823 
26.660791 375.430573 
161.212646 466.950165 
395.368073 376.253693 
237.207962 322.160278 
17.018560 439.808563 
18.004547 404.963928 
450.329346 404.365082 
247.949646 310.427887 
27.075092 382.612701 
576.945374 118.149460 
260.556030 391.991608 
442.635376 371.573273 
275.786407 567.760864 
144.255188 28.132288 
331.684662 410.611603 
394.325531 366.759003 
191.016907 378.212494 
416.621979 394.437897 
423.593628 478.221771 
59.089077 388.900269 
70.570282 548.518494 
347.394257 422.390198 
179.634277 18.014870 
510.838593 577.752869 
208.569763 544.893616 
373.014893 580.144897 
327.197845 19.990854 
70.305122 471.674927 
352.748718 386.541229 
137.553375 373.509308 
484.299683 548.179932 
323.267639 351.845673 
346.704437 321.108856 
577.926453 485.964569 
262.848022 25.911068 
445.130371 384.448151 
239.480469 360.294464 
125.949463 29.414467 
21.078964 400.786011 
301.933716 456.045624 
307.174347 410.693787 
451.544647 397.395142 
532.590637 555.961792 
30.838886 433.737366 
75.330284 337.325409 
325.377930 433.015503 
224.719299 16.798000 
94.850395 508.225128 
191.630005 179.630966 
341.866760 474.701721 
308.535645 333.537170 
332.555359 350.938934 
273.963287 297.704315 
349.347748 419.181183 
358.451172 429.425537 
144.852890 534.852905 
32.107265 115.254494 
488.579956 554.785461 
157.563812 548.503052 
259.386688 388.182312 
444.813904 419.663757 
18.634953 441.230957 
354.198547 372.117401 
308.139343 450.052032 
173.606613 563.468262 
29.177759 103.379089 
460.677612 405.449524 
194.399750 158.852554 
35.259266 381.107635 
368.901367 365.047668 
322.798523 463.377655 
345.533813 25.235083 
466.842468 383.437012 
260.154816 284.616608 
102.907631 374.345642 
287.973450 304.069641 
90.148773 452.814056 
195.765274 297.135437 
294.990540 338.272705 
142.586288 358.918457 
538.466675 571.783936 
343.258484 432.031311 
204.911392 437.116119 
495.245636 398.655121 
275.961639 313.571228 
170.172272 17.471857 
354.578064 422.767883 
135.577240 459.414154 
240.311264 155.584900 
346.565186 330.347748 
191.009949 349.517090 
222.550964 386.029541 
18.437618 291.179688 
354.469330 322.799561 
311.854675 445.755524 
286.925903 544.074951 
193.705917 162.013702 
579.566223 556.486328 
239.714081 503.540253 
397.723724 349.948151 
579.720093 372.490234 
259.437744 276.115479 
161.528320 577.190369 
238.117920 516.126770 
45.987114 572.558350 
112.413475 463.578186 
563.219604 447.414001 
140.417374 17.026773 
79.117058 342.485962 
424.763245 375.446106 
344.499908 475.517883 
579.267517 64.894478 
256.568329 492.143463 
206.368973 465.497620 
496.625732 431.765228 
413.802643 69.106796 
574.933533 574.664307 
305.036621 300.097137 
484.941010 425.144775 
320.359039 66.468979 
191.584610 297.292084 
80.008568 416.138397 
392.354492 17.744339 
516.375305 454.353302 
198.059906 335.284332 
85.119682 466.034851 
386.588745 371.154633 
285.036804 490.240936 
31.657131 299.566406 
244.394958 313.470123 
180.565506 467.403473 
468.757965 383.682037 
382.632080 64.153687 
227.896805 94.591805 
16.752777 490.642609 
433.618591 375.987244 
386.439667 442.387756 
115.302162 468.989288 
450.184265 550.353943 
195.570679 578.962097 
82.734818 362.093628 
107.090309 380.575165 
290.243317 31.371639 
178.478333 570.294128 
577.828918 67.347977 
477.964417 403.050568 
306.612396 122.076996 
443.118713 30.820755 
114.649544 371.555359 
301.153137 330.495972 
490.707214 419.468872 
269.882080 487.987244 
504.310638 444.070618 
182.014130 17.661680 
82.886017 434.836975 
17.582272 506.059937 
18.059881 536.402100 
336.979462 329.962067 
519.310059 410.027008 
203.698822 303.268433 
373.884003 434.220001 
329.354401 359.386627 
350.328094 340.808624 
33.592712 313.138367 
269.640198 31.108696 
304.916382 122.046921 
336.903381 17.400015 
16.697695 542.236328 
47.964062 437.931091 
374.703125 360.809265 
70.556435 512.317871 
524.780090 562.921326 
247.407272 421.462433 
35.575821 578.833435 
395.574554 385.700043 
579.829285 29.055880 
462.313904 578.552246 
540.947510 448.917755 
274.841827 464.654816 
350.763458 107.815804 
133.539169 523.539185 
47.520336 536.347778 
211.895905 574.015747 
167.021225 26.720861 
503.516907 537.975586 
562.131165 579.266296 
283.866211 330.044861 
81.105820 475.171936 
316.221130 352.490265 
340.605072 333.317383 
22.900135 274.886871 
41.998985 112.836731 
329.033661 312.246887 
16.722992 300.240814 
352.963928 371.772888 
246.977585 154.613800 
215.077454 499.011810 
211.035141 286.646118 
191.265381 163.260437 
578.008423 395.199585 
467.858582 550.834656 
360.253723 357.045868 
208.838486 340.702271 
440.827911 405.021210 
85.349335 350.599609 
16.760880 380.272003 
524.856140 414.945953 
121.662041 502.055450 
372.681549 347.237122 
528.366394 463.846436 
269.771088 301.035522 
230.507126 364.813354 
577.765625 174.045074 
570.879944 401.776672 
37.488884 499.775452 
272.996735 485.426605 
280.624054 457.273041 
16.972191 66.459343 
248.195984 16.662668 
557.231445 441.866730 
451.300781 31.392334 
191.213486 420.802246 
438.081818 37.837814 
313.807343 22.807756 
278.578613 299.783417 
62.359371 457.653137 
16.916637 331.465820 
457.094635 577.789429 
192.156891 335.403809 
437.746490 384.245178 
578.536926 544.619568 
28.643070 295.839539 
160.244781 458.458588 
439.173645 469.716431 
49.254448 106.666725 
280.831757 30.717695 
17.470577 436.762634 
524.845337 461.130066 
304.786896 399.443512 
256.373413 273.592926 
220.667343 358.556244 
168.450989 468.599548 
404.408234 368.863617 
579.150208 533.584534 
534.958130 471.800262 
367.354156 70.264816 
178.009140 505.051758 
578.364258 137.672562 
415.997437 356.774658 
214.794724 175.264435 
127.481041 579.046326 
44.047386 430.715637 
240.261093 156.537537 
217.088379 571.354126 
192.324539 381.904755 
104.657562 576.878296 
19.180672 163.953400 
67.224991 453.435059 
192.874817 293.652435 
19.156462 544.798096 
77.948753 427.077789 
27.806988 350.211029 
48.529305 331.246613 
390.772156 351.005188 
277.982452 85.662994 
16.704943 463.846649 
512.857117 370.651367 
245.684692 499.517548 
450.723816 379.571991 
366.632812 329.901489 
259.346252 370.841919 
38.325027 439.694824 
329.796387 452.377991 
277.270233 497.859863 
573.464905 17.963699 
408.527527 393.790100 
95.557671 486.967682 
43.953362 472.119110 
437.173401 38.295475 
334.911407 433.301575 
111.058289 373.179291 
186.431046 508.775818 
195.447174 528.128540 
54.332779 457.502533 
19.360649 160.366898 
477.216339 551.382568 
257.750092 571.594543 
330.539124 332.810211 
271.190582 281.424530 
573.660522 568.998901 
482.224213 476.225708 
31.021019 483.830536 
398.178894 28.456907 
190.878403 197.924835 
580.005188 506.550323 
361.480103 425.532379 
205.253922 260.747955 
444.645264 409.404266 
19.685730 469.970245 
335.583984 18.487206 
163.455658 504.692596 
348.408997 333.176117 
154.131866 368.993927 
147.097214 577.677063 
535.960205 485.449432 
367.739258 368.233826 
319.468231 448.526031 
577.438232 192.095428 
260.392273 316.209198 
20.853859 327.420776 
282.801788 287.593842 
95.006531 436.064667 
86.931992 17.883793 
377.672302 27.821709 
558.143005 557.348877 
298.613586 342.656189 
157.987030 23.529013 
579.646606 461.891907 
232.021271 164.025818 
569.692444 401.157837 
476.112671 497.610779 
252.047943 528.687988 
207.546509 404.536194 
331.585571 374.049286 
273.862854 323.494415 
16.823990 279.377075 
480.322388 433.941772 
242.389389 363.671265 
239.063049 28.854820 
343.209412 363.650208 
191.464737 334.225800 
24.548843 269.709564 
363.333618 378.999756 
222.792908 393.715332 
512.892090 429.011230 
357.075623 349.275604 
42.659702 291.276703 
332.910889 60.018867 
461.407104 381.269073 
192.728333 181.901672 
137.547882 18.183840 
35.107861 404.248199 
293.843018 550.465332 
177.393906 466.943726 
72.765587 275.360596 
467.122314 406.491547 
282.808228 325.683990 
46.670197 441.335266 
95.572975 381.893372 
383.060944 443.792755 
218.755646 159.892776 
245.837814 524.277405 
16.597075 534.150574 
425.699280 395.239594 
447.357697 37.315128 
18.751266 499.436798 
306.420746 16.627281 
258.092285 572.013916 
496.648743 425.353973 
16.721649 115.371521 
458.715576 29.905785 
485.080414 393.439026 
498.795685 434.947388 
241.437576 18.311512 
232.062668 434.624969 
18.779572 363.300293 
378.863251 335.533875 
385.736786 341.973663 
272.408905 29.738819 
563.477112 17.494251 
321.142395 412.876984 
396.120728 377.019928 
204.504593 31.300913 
413.839600 578.701172 
236.743240 545.235840 
67.750015 357.026398 
22.904186 579.998779 
411.595306 360.547028 
309.407043 361.431732 
96.072441 472.976776 
380.485718 386.919403 
377.208191 64.284584 
283.830872 29.891863 
130.610748 23.773788 
394.093872 446.488342 
78.230240 578.190369 
579.368286 87.121361 
474.166077 385.619049 
252.113327 520.012329 
259.750854 569.240845 
470.426788 552.139954 
273.362427 382.681671 
206.496979 354.312378 
47.533989 478.485535 
488.652374 449.458466 
266.899536 507.958801 
