143.334030 208.771133 
442.745392 437.204407 
469.914185 473.516571 
408.164795 453.009216 
524.515320 132.525024 
237.076004 172.984848 
210.801788 576.781189 
176.094040 565.773254 
239.963455 165.827377 
196.133224 501.526093 
313.761139 415.568848 
276.486267 134.576187 
244.360458 505.211884 
236.432373 411.145660 
576.614563 404.489990 
333.209320 16.648432 
306.307068 167.901688 
266.330780 405.799805 
577.524780 82.486420 
570.519592 18.742699 
294.899475 469.786011 
69.060516 38.511448 
116.035141 258.391937 
60.038643 537.704407 
125.122009 578.041687 
119.088966 570.012329 
78.291313 366.944122 
440.137451 564.984436 
371.119659 580.391785 
122.902321 532.247681 
110.911736 500.911743 
462.893219 446.253174 
368.327698 433.527374 
347.282776 16.513834 
501.348022 410.024475 
407.460938 416.426666 
550.463745 434.427490 
488.679962 356.045258 
192.345062 204.450333 
234.849899 319.162933 
190.653793 415.119415 
241.240692 359.920685 
214.991806 448.760468 
558.225464 489.536743 
333.735352 169.010223 
270.507599 176.075150 
241.706116 382.343475 
20.421972 490.149353 
564.461792 176.185349 
292.140533 298.217682 
33.577782 430.495148 
28.100052 17.431725 
17.324223 348.578552 
24.125275 280.130585 
117.557693 16.593254 
57.897995 402.046143 
360.978455 160.423004 
132.374588 333.867554 
435.109772 431.960205 
145.153137 342.750153 
153.461670 555.920288 
507.081360 364.550903 
478.786072 576.913818 
430.820099 374.070038 
402.745697 558.191772 
551.787537 490.419678 
536.630981 130.764465 
193.996368 160.632217 
208.314072 458.561432 
317.512024 449.486420 
282.156860 147.369598 
229.152924 441.374878 
324.768677 120.240669 
297.310120 126.102097 
273.310089 431.564880 
20.038376 448.248291 
579.780518 111.898407 
569.677551 44.362267 
298.219025 433.539673 
28.684391 567.556274 
20.744698 577.862732 
577.384338 171.623032 
34.479580 155.292297 
67.658447 517.934692 
112.880875 161.189651 
95.322876 392.740204 
124.944176 477.562347 
96.863953 464.176666 
156.278809 397.244659 
500.597351 407.483185 
475.668457 353.826294 
443.043060 19.651100 
386.672974 405.450928 
533.312622 429.253784 
349.531799 154.751373 
192.285583 170.291016 
171.210205 576.054871 
216.859085 350.197083 
190.955063 453.430267 
248.571564 328.031525 
200.029068 416.231171 
572.623230 513.752808 
261.320587 436.987518 
23.429174 464.875092 
273.343292 462.274933 
40.019188 449.124146 
377.914368 527.893311 
16.677567 315.346436 
30.386349 304.439697 
96.152298 576.510681 
84.763283 563.756348 
71.213737 361.955688 
130.094635 339.669678 
389.892029 97.744385 
153.887100 326.480560 
123.226044 411.501526 
456.767944 18.230255 
543.732178 471.837524 
190.822510 161.041809 
255.827820 162.885666 
241.346497 173.453796 
227.021729 366.986450 
577.944885 442.057861 
328.325867 163.221069 
264.941071 454.058472 
23.696238 420.790863 
580.208862 136.407150 
553.630981 68.287247 
301.431335 426.197876 
23.582779 154.484222 
580.135681 192.050964 
145.995056 375.275391 
91.341583 428.090942 
149.235748 167.071350 
130.529694 493.106598 
106.299347 434.964722 
455.453857 338.528076 
379.175842 484.675964 
127.015785 561.055237 
489.519531 360.426514 
436.730316 578.960144 
391.105713 361.991455 
379.102814 570.967102 
497.405457 306.360413 
430.828033 535.730835 
191.254288 333.134735 
344.325684 112.918304 
209.947113 343.488983 
173.461182 16.515911 
229.453430 270.222076 
175.674713 478.859711 
198.724701 391.473419 
563.588928 547.398193 
322.211426 316.585388 
241.024460 409.650330 
227.763580 521.667969 
350.637573 339.686890 
268.400543 485.724792 
35.848022 380.002441 
23.544697 555.981018 
577.841919 579.711975 
57.009167 310.629028 
22.321468 301.823303 
73.011757 335.652161 
103.274109 359.477478 
60.000000 450.000000 
129.331131 285.964050 
89.009781 466.368896 
451.035767 476.985199 
155.488632 209.309021 
129.847672 442.133118 
462.527710 536.255981 
496.184387 523.407532 
410.434082 317.233490 
538.203247 548.280579 
191.944000 172.426987 
540.222534 576.478088 
370.052979 337.053528 
255.090408 140.875504 
318.900055 404.616089 
245.621155 258.006592 
226.317520 384.893646 
580.404480 462.993286 
574.903381 404.360748 
268.357605 278.408020 
18.004547 404.963928 
579.526550 154.446533 
553.571167 85.366714 
289.607880 388.700104 
46.663094 526.705811 
51.326706 155.230667 
16.612196 263.226257 
150.232086 515.575989 
88.159973 576.160339 
70.533142 556.381165 
86.201515 445.582458 
140.769867 236.688477 
101.998711 431.600098 
442.259094 332.089142 
384.608398 30.397421 
148.398361 445.771790 
384.208801 536.929749 
428.203674 464.688080 
190.952896 343.217377 
196.514145 335.779846 
336.231567 428.174835 
176.684540 481.537537 
322.294403 555.171143 
250.884399 580.131714 
217.034393 560.774231 
195.216583 371.177856 
561.004578 572.647095 
242.041718 498.481659 
223.704193 531.878479 
339.287781 335.599335 
332.793182 31.071630 
264.718567 505.832458 
30.802197 388.587708 
578.615967 22.144188 
292.301453 535.359741 
20.983543 273.691193 
75.835144 346.938904 
156.166611 546.166626 
116.117844 333.654510 
67.774971 427.348145 
94.869804 489.356079 
442.388275 536.011108 
154.328537 182.339249 
136.780334 381.381409 
489.194214 564.427979 
456.637268 377.770020 
431.584412 578.504517 
157.161499 490.033783 
527.389404 544.656555 
423.340881 359.389893 
362.447601 334.493011 
271.574493 28.585453 
580.348511 500.184875 
560.798401 431.811493 
324.526031 115.860199 
284.157440 288.700409 
22.033447 370.144043 
576.437073 559.264160 
272.177155 571.491760 
34.398270 546.839600 
17.585850 106.206711 
153.854660 408.564911 
128.622391 247.889771 
111.499512 384.154694 
451.492615 385.867767 
380.944550 535.912170 
534.885376 555.851624 
514.889893 580.412109 
215.107010 308.448669 
547.939087 115.412643 
171.258133 524.546082 
198.952591 541.500732 
317.451813 270.115112 
242.359543 477.812378 
218.383514 469.445740 
281.042480 546.891724 
576.535278 30.164906 
55.445656 346.099976 
58.130981 577.986328 
101.184143 306.770660 
59.299118 497.994873 
92.878647 506.368866 
157.460815 256.734924 
142.881607 402.743286 
108.060059 533.689270 
476.128235 407.533478 
397.269989 352.532593 
165.496429 477.063446 
524.729004 463.717438 
550.761719 394.335541 
515.090942 329.144623 
212.311478 241.012207 
535.680969 343.380066 
205.492035 565.111206 
359.776093 389.278717 
317.915894 551.411011 
241.041748 301.900238 
579.992432 520.503784 
559.112915 448.545471 
267.739380 318.181335 
23.811434 551.322571 
300.995575 356.172272 
47.109589 479.288818 
36.965591 322.164886 
190.700165 375.181549 
156.094788 579.138245 
121.506691 187.325729 
97.692505 375.523438 
472.385742 570.805908 
438.916931 374.747467 
389.395813 580.240906 
157.467545 306.188507 
507.986267 412.691925 
415.135529 420.712677 
542.852112 95.499748 
217.547531 240.454346 
213.206146 16.729416 
191.050980 530.731567 
212.095398 514.356628 
330.544922 311.534546 
240.727509 538.595215 
222.899017 502.637939 
323.868164 578.332458 
300.935425 170.075897 
264.609619 372.795837 
257.798950 571.806885 
580.194885 50.686821 
566.548157 578.188293 
288.968750 487.248718 
48.339722 334.377258 
89.304787 194.443924 
51.132057 463.318390 
72.540558 532.721008 
147.744461 229.703476 
136.942093 509.203918 
98.315140 523.856995 
478.657715 410.815613 
366.812256 431.782867 
508.079010 480.251129 
400.892334 449.463898 
541.857849 369.880310 
514.816833 563.653564 
481.840240 579.496887 
412.239471 557.217529 
336.638123 536.696838 
524.825134 342.837646 
232.263153 16.720488 
191.601715 404.210205 
312.590851 460.936829 
256.990356 274.915710 
580.114380 543.946045 
557.157410 475.072510 
289.799927 16.624292 
247.652985 398.891022 
21.742331 507.717804 
311.926025 320.893585 
30.001787 483.401733 
45.804985 576.650208 
47.558735 344.022156 
