78.734116 438.583466 
66.870079 464.449951 
138.067215 550.291687 
435.974182 431.025574 
97.705620 580.467529 
540.183167 76.662605 
580.263062 18.179600 
78.808365 469.955841 
18.146376 395.810242 
304.394012 443.889221 
210.235809 376.452881 
236.937729 394.090759 
576.585449 271.994629 
450.244598 523.598206 
38.118591 407.604126 
329.108185 464.277405 
577.354797 184.029099 
58.130981 577.986328 
132.721420 579.533203 
330.142181 447.495605 
518.248047 77.820419 
262.515778 511.827209 
17.078857 526.174316 
321.896698 343.035675 
54.683006 444.022583 
447.226349 61.533375 
18.427204 24.693945 
69.772255 528.445312 
201.709671 504.393188 
332.646515 343.370605 
78.062477 458.587646 
352.683685 424.244019 
459.987823 518.823608 
345.031555 283.466492 
283.481476 456.228455 
151.193954 532.382507 
486.187744 67.958244 
271.428284 391.053955 
18.402088 432.289246 
375.433319 298.899994 
308.979614 400.717651 
299.883484 471.585175 
162.369629 519.205261 
92.280975 356.592316 
16.542156 565.034485 
323.599121 437.295776 
504.625183 69.588272 
327.013611 425.274841 
510.517609 17.017033 
90.028114 445.170532 
100.629501 493.173920 
579.964478 148.753586 
209.736267 575.673584 
280.316345 381.995117 
16.662796 65.968521 
94.923584 578.691895 
121.420197 406.094330 
18.492119 66.928627 
527.569763 511.241943 
528.117920 123.795822 
17.010105 101.691017 
53.637688 415.992676 
311.168274 263.705719 
347.418945 352.400360 
191.473877 345.230225 
16.698259 326.153137 
192.461472 353.376282 
236.632538 246.271027 
321.478851 271.325867 
310.545837 442.733765 
86.968933 419.730194 
329.986450 277.068359 
168.086334 526.575500 
193.505310 169.497528 
31.960060 343.862671 
17.573605 407.573547 
18.532684 562.961670 
383.429108 511.603271 
368.882629 395.683411 
118.616554 532.957031 
261.626587 275.331207 
461.481476 525.594971 
264.535706 278.273010 
358.760437 50.469025 
98.391251 503.245331 
177.541763 511.663605 
578.999695 107.339905 
521.490051 17.615562 
442.178986 517.990417 
44.367172 413.491455 
19.173492 65.025063 
506.622803 530.129822 
194.084396 396.533966 
274.045227 377.379028 
336.850494 412.961823 
18.175352 100.364182 
518.976562 521.567688 
209.011459 506.582611 
331.349823 275.869720 
324.551117 81.507072 
17.062054 359.687805 
192.987366 354.544861 
340.576874 281.613129 
88.271484 470.995026 
294.369965 389.491913 
577.822571 564.770508 
73.186523 428.524750 
222.293045 557.602295 
524.046326 485.765747 
579.261230 293.443481 
32.772961 516.303589 
176.572617 528.925903 
184.275070 505.934265 
110.911736 500.911743 
40.233025 437.152466 
122.225456 512.225464 
333.189087 414.491058 
561.109741 518.273987 
522.167786 94.393440 
494.017517 462.948303 
275.299377 418.158356 
404.672668 519.154602 
44.303127 488.493286 
486.878418 432.125702 
18.353466 102.955788 
221.972748 151.582916 
509.233337 454.129761 
66.668304 420.771362 
65.019188 418.234558 
69.667824 428.033386 
341.072968 282.830902 
214.998627 418.302795 
52.047913 76.087044 
84.894249 499.601654 
578.116394 476.865112 
563.404602 45.578880 
370.469421 353.835754 
527.409912 522.627930 
301.316467 451.231720 
290.073730 452.084442 
274.749634 501.262604 
578.627197 319.967896 
537.965515 491.424713 
312.731964 463.111237 
268.484528 196.125015 
503.082001 70.067856 
232.864731 276.002380 
578.931763 263.115723 
520.418457 101.480408 
116.568596 506.568604 
247.235916 414.108032 
326.230255 430.748413 
100.233162 523.887695 
579.004639 32.601181 
108.687866 397.270203 
254.430008 462.270691 
227.187469 151.483688 
17.708916 23.252190 
107.955650 502.813843 
446.229675 75.275513 
367.625580 434.678833 
59.299118 497.994873 
148.990372 533.593262 
18.356329 268.524048 
543.218689 19.465210 
328.048462 342.103699 
63.598282 505.051453 
16.818581 282.993530 
305.466736 358.649750 
20.038376 448.248291 
72.190498 520.696594 
363.390778 360.144653 
577.127258 563.468750 
30.802197 388.587708 
16.563982 385.802368 
20.245579 482.809967 
503.048553 64.391388 
85.329269 579.906372 
265.713104 467.233582 
263.724701 289.721954 
106.903381 357.944885 
224.500122 351.899445 
267.058655 307.083221 
28.106783 273.718811 
185.954620 578.157532 
520.404907 19.382807 
240.650635 541.743164 
195.741577 510.160492 
16.954117 73.074684 
526.029419 150.774948 
191.826096 416.147949 
580.110168 400.706146 
418.748474 521.092529 
17.102192 108.494652 
58.849438 537.962036 
18.256413 114.905685 
516.963013 524.944458 
503.719208 463.505890 
191.563110 358.244843 
64.831207 442.187378 
570.213745 382.181580 
158.932037 502.786926 
193.842621 340.634918 
437.317413 394.076996 
22.336409 299.853973 
413.800659 68.245552 
577.545410 405.346375 
390.848206 405.377594 
168.228592 514.423462 
250.875763 273.546509 
17.702574 417.854706 
323.450775 419.341064 
577.626831 283.628479 
42.139980 579.842041 
231.217773 353.790924 
577.087524 91.060593 
575.995178 403.858093 
565.692871 523.385559 
258.345276 419.723633 
47.977375 424.712585 
577.898254 55.716808 
475.423187 463.153290 
47.037102 117.942307 
78.304680 436.420990 
570.989014 580.305847 
287.551849 193.203171 
21.759417 113.077362 
199.773849 564.388062 
83.842957 423.855469 
316.379547 403.864441 
16.701971 369.597412 
179.207108 502.784180 
140.807739 529.476807 
481.932312 526.327881 
18.909184 338.178772 
202.879211 339.166687 
88.379517 435.392700 
580.078552 553.759460 
565.590149 178.414993 
441.744415 435.227936 
430.006256 532.929749 
19.790840 425.971924 
301.793030 435.124542 
167.480331 557.480347 
30.163313 506.872833 
314.061279 400.874939 
234.711731 480.746704 
178.794052 568.794067 
181.981979 517.092224 
110.359642 513.093079 
324.719299 461.851135 
154.447128 165.869110 
42.541145 466.467773 
178.405640 577.409363 
579.175110 17.699591 
113.011642 355.200897 
41.521923 579.359558 
418.247162 386.813965 
422.208801 461.603394 
57.809593 455.308105 
524.712830 82.751740 
252.740707 580.191895 
426.859924 513.200928 
68.628792 442.104614 
58.370762 514.913452 
569.503784 580.470459 
220.687241 561.816528 
523.096558 479.522675 
577.904480 510.672028 
364.033112 428.743469 
152.121048 536.848633 
160.650833 525.374695 
18.761841 465.343201 
305.235565 466.469635 
293.394562 391.498260 
37.091766 303.459564 
155.861938 402.668579 
312.253143 450.829315 
318.984222 443.266052 
524.686340 86.879204 
263.987946 306.719299 
578.195923 66.994820 
25.168297 477.514648 
371.843536 354.919647 
17.766535 571.487427 
268.271851 340.328247 
424.393250 389.971130 
19.938427 517.238281 
332.342773 472.475891 
16.624830 351.590515 
104.883568 490.584503 
211.276779 576.928894 
75.034622 579.571106 
79.717583 484.216919 
17.232529 263.413269 
57.182957 485.280426 
75.519287 387.120636 
276.872559 307.475616 
489.372925 527.300842 
18.728077 279.754333 
286.368011 389.002991 
64.172951 519.675781 
16.741436 297.921356 
407.032349 71.976768 
228.606934 481.178040 
210.293274 504.526764 
553.784058 18.964199 
298.904755 449.708862 
453.695282 518.876831 
302.182770 332.036560 
319.095825 459.581146 
99.883553 360.037903 
283.592285 318.084686 
580.333069 119.630409 
231.734985 354.048584 
578.384766 168.398193 
262.558105 436.088989 
280.044586 450.819366 
215.340195 475.026550 
187.345840 524.311218 
339.672394 379.390594 
564.189514 520.831604 
219.912674 381.990143 
191.293777 369.214325 
579.538635 571.166931 
528.099487 17.261330 
62.988712 452.658508 
313.310181 264.931549 
193.791992 375.175140 
427.975739 463.970306 
299.755096 392.397705 
580.149902 537.332397 
24.012226 288.723389 
156.685593 451.762665 
222.010117 562.480469 
16.650055 429.389648 
210.519379 342.751282 
300.234833 392.797089 
169.656982 467.174896 
545.946472 168.310410 
19.334637 573.332336 
231.329590 317.931366 
127.882317 517.882324 
360.931213 42.008305 
542.786743 526.128357 
579.703186 83.315331 
78.963211 339.378693 
16.732834 554.107056 
512.078552 528.812012 
420.834290 423.962189 
45.318027 436.033875 
318.700714 445.537720 
16.981430 337.910706 
496.357330 461.364838 
305.626587 306.744293 
264.329651 513.866699 
521.269409 493.031738 
307.582062 329.844971 
533.373047 19.222710 
65.664215 408.979614 
575.817749 528.013000 
374.990204 435.379272 
537.091431 16.577755 
436.833313 432.988800 
45.023838 371.683624 
269.478821 422.916962 
365.435730 394.040985 
213.312927 490.650726 
445.514038 473.149261 
565.441589 387.081696 
380.775757 234.576599 
265.335144 57.445786 
305.056580 448.553406 
290.575714 468.538849 
17.126488 520.957642 
384.024139 365.719818 
578.349792 281.744446 
168.375259 580.404236 
263.608643 372.742523 
75.011353 477.945923 
272.398529 311.785492 
525.530579 579.462952 
579.617920 127.709183 
105.050293 458.415100 
322.148926 404.173828 
476.604797 425.143982 
255.080399 461.504517 
190.189987 515.056274 
192.414627 527.609131 
16.816071 16.838310 
56.075314 441.524078 
343.450775 381.051880 
18.556643 19.769783 
203.495132 502.923767 
190.711456 453.025085 
82.490860 454.311646 
59.240711 501.994446 
329.120026 341.316223 
61.288937 477.361420 
152.704987 526.472351 
156.655258 539.469727 
550.692993 18.672688 
19.616703 430.243469 
416.005341 71.063782 
307.328033 395.552765 
19.726109 526.905701 
166.276489 512.418823 
61.927425 318.014099 
438.413391 525.291992 
34.237232 395.812683 
16.707897 547.940796 
323.273499 427.953156 
129.957047 577.953796 
109.369614 578.456177 
327.834961 406.546570 
197.577621 491.974304 
305.887329 163.229828 
577.537781 152.769760 
207.162628 579.167969 
279.465179 384.723022 
519.605225 578.358276 
254.403732 523.823853 
180.085281 501.459473 
191.691406 397.650299 
16.529469 273.579346 
513.850647 518.297791 
191.732483 341.423584 
17.620947 309.530609 
237.702805 244.419144 
18.096626 326.935211 
310.837402 436.333649 
46.283005 298.918915 
274.424957 16.847908 
168.970123 529.013733 
209.640259 342.304626 
48.822613 304.168396 
441.374329 397.612335 
19.676426 554.512573 
569.625488 159.726120 
56.180477 398.433655 
431.335724 521.355225 
394.243317 516.408569 
162.897385 579.332153 
123.327934 577.096069 
28.871004 580.481384 
136.893295 490.371460 
20.313196 58.740955 
259.819214 579.960449 
341.837952 419.342773 
527.955200 21.283840 
553.150940 579.337891 
207.898514 487.683105 
17.831383 364.434296 
192.354584 364.883850 
19.044735 367.485535 
89.867340 451.601044 
240.404236 267.904022 
579.979492 522.124023 
469.309479 523.471252 
80.700500 413.456543 
161.255508 464.427856 
246.565567 246.584763 
466.381256 518.906921 
16.648430 438.615692 
569.529785 24.522503 
300.536743 402.391724 
70.633980 461.954834 
452.712433 406.825134 
27.367161 381.362732 
234.985535 547.885193 
17.105968 474.208893 
176.584473 524.139221 
128.566544 509.755066 
125.537346 516.729919 
331.597473 410.047607 
112.777573 353.783295 
202.472015 580.318542 
65.605309 577.876953 
345.748077 420.527893 
16.677567 315.346436 
579.266724 72.736084 
53.521358 114.990067 
449.636841 66.184753 
525.731262 519.186768 
293.460999 458.643585 
526.605103 115.511627 
163.702316 531.356445 
27.867161 435.762085 
35.194870 434.096130 
76.036026 337.252655 
556.156616 16.614609 
542.623413 493.042847 
92.018600 504.313416 
579.373596 36.260452 
521.154419 71.993187 
258.595337 517.055298 
275.466949 429.634918 
117.505562 348.473145 
83.412315 474.995056 
230.982742 552.240234 
221.847916 148.506836 
528.721008 113.653931 
312.807556 364.452850 
358.921722 428.683350 
144.852890 534.852905 
21.799133 262.739044 
17.168915 290.985840 
352.554291 354.655548 
525.736206 488.938599 
311.562347 451.634369 
298.950256 452.823944 
173.137192 563.137207 
193.451736 159.990860 
316.208435 431.089661 
19.714828 474.514069 
18.047756 549.188538 
463.188110 381.597717 
419.434448 265.681671 
451.876007 477.043701 
238.939224 475.582336 
95.386787 455.827606 
96.264992 489.059235 
434.325562 74.207527 
127.768860 530.753662 
195.096558 520.126038 
17.030319 58.065361 
133.345230 516.736633 
228.654907 148.671799 
20.009211 75.880386 
24.331238 281.429749 
497.472382 401.367157 
273.907013 316.033661 
419.604218 514.754150 
51.111927 409.605774 
354.728638 425.147034 
311.188080 264.141602 
191.864365 352.814392 
61.475506 446.376648 
161.867828 506.317413 
196.700714 345.689728 
434.941437 397.859467 
413.629822 72.309853 
310.859253 449.489868 
82.043694 579.407959 
173.034149 519.149902 
194.007019 162.351913 
77.472374 435.201080 
224.366806 544.098511 
22.007895 569.501343 
198.571289 157.150162 
292.280853 483.277832 
263.465179 279.076416 
158.297272 577.806152 
529.988281 482.892639 
311.340210 331.023254 
177.381546 521.020874 
577.021912 98.402451 
40.210789 495.283142 
82.862816 346.614624 
276.492645 430.272156 
577.778992 64.358582 
478.683044 461.557404 
209.804749 462.849854 
27.597385 507.603638 
193.100128 391.243256 
526.854919 143.734772 
57.897995 402.046143 
526.288818 32.519318 
574.963501 22.843613 
207.384750 501.767700 
525.535034 493.315186 
335.844971 277.054413 
24.993721 112.234871 
64.919006 383.485016 
139.002090 522.393494 
535.365662 18.422394 
18.301598 330.920898 
199.186005 335.972290 
76.880592 439.214691 
287.798676 487.482727 
170.558273 477.349884 
16.895271 454.239380 
18.656967 417.319092 
184.702026 465.197113 
117.079460 578.267944 
29.086849 464.594727 
423.913239 68.341187 
17.323061 486.535645 
384.623718 510.055725 
174.308334 560.250366 
385.645142 441.072174 
70.279373 480.201080 
115.407974 472.720703 
406.999054 378.671570 
241.618011 419.005066 
192.773392 578.264954 
121.493584 507.669128 
330.129486 420.555542 
149.467773 473.075195 
271.248901 422.897888 
414.137421 381.842651 
58.749413 469.377045 
526.063416 75.991676 
182.316406 535.623718 
26.674713 162.383682 
18.325317 538.484253 
214.050201 424.199310 
218.020462 564.187988 
74.844574 401.128815 
157.750732 549.891602 
157.426315 532.381165 
391.542419 309.937347 
19.098688 458.358887 
302.892822 468.700226 
62.334206 316.755157 
74.995697 444.420654 
67.491394 323.854279 
498.690796 72.870049 
73.050507 329.420807 
119.665070 511.003296 
154.472061 580.482849 
242.993347 472.229309 
421.570923 522.940369 
32.628334 577.232361 
17.604605 579.112976 
579.989563 28.778391 
251.483215 580.421936 
93.194008 495.374268 
133.539169 523.539185 
47.896610 535.269043 
211.775528 570.566772 
462.155762 65.801849 
561.834045 580.213196 
191.137833 381.819550 
529.386597 96.744720 
16.716633 268.945312 
157.363953 330.833435 
184.450912 574.450928 
145.846985 524.304932 
280.637878 312.613342 
21.909441 271.480194 
18.158028 412.780884 
286.163849 383.562927 
61.057854 502.080597 
161.139267 559.950745 
225.743927 455.142426 
432.162262 525.208740 
210.636307 503.591248 
310.345398 463.413422 
291.451385 407.258728 
295.392761 440.541656 
578.836853 394.657715 
191.285889 577.746094 
204.787766 340.658569 
442.115417 402.320068 
16.549545 379.275970 
19.262672 488.424805 
120.081261 501.269775 
387.288574 403.745880 
102.905479 360.291290 
578.683044 177.944977 
315.578156 261.474823 
244.379684 537.677612 
195.628693 509.712402 
280.626190 456.708405 
16.824852 69.389420 
53.406715 580.454102 
477.714417 426.545135 
155.011261 357.900085 
17.342949 102.361092 
51.849724 446.801331 
258.271606 459.041382 
544.828735 167.033173 
579.322693 577.431274 
317.545563 270.564240 
193.024689 332.332214 
146.542099 448.749573 
213.281769 494.443298 
316.035095 436.914124 
84.945564 400.027527 
75.836205 472.425476 
171.884903 506.006775 
440.890472 470.817841 
446.747131 517.010742 
322.572632 420.665771 
303.031494 396.064911 
75.742897 461.918823 
577.761902 254.135620 
178.081451 508.786011 
126.187729 514.090271 
519.736145 141.390549 
41.255379 456.974182 
330.108978 466.294617 
577.950256 50.026966 
216.680450 570.416382 
192.306091 378.699585 
66.127113 496.480347 
49.679588 453.735657 
306.621918 320.702240 
360.524719 502.005157 
573.812988 525.729309 
339.483704 260.679779 
213.744629 534.666687 
517.040405 463.250946 
321.979889 408.195068 
578.292053 547.545410 
562.362305 19.054722 
394.548981 348.204926 
16.815767 463.979462 
526.414551 503.111572 
190.815552 168.116364 
64.228935 370.477875 
191.549347 364.968170 
529.368896 527.322083 
482.179443 65.403137 
16.763399 500.636902 
252.142151 365.420715 
178.699921 550.265137 
180.663162 512.929871 
520.648376 123.284096 
41.937523 441.412354 
246.100708 534.516296 
280.980103 493.445740 
573.704529 17.058182 
95.510895 488.481934 
18.515030 513.859985 
16.610676 333.829651 
186.058502 507.401001 
273.997498 410.791992 
456.060547 338.742340 
55.867100 456.303040 
20.117188 157.423187 
253.697159 575.432373 
246.450668 324.525360 
191.037094 449.576233 
273.701965 281.598999 
416.138062 526.011475 
67.497849 447.210327 
37.969566 116.729721 
579.929626 506.082489 
360.051208 425.028137 
150.509750 540.509766 
319.690643 267.764618 
18.740946 471.340027 
292.454956 387.558228 
145.139099 576.994080 
483.314819 67.830368 
313.191559 446.876343 
21.033079 507.112427 
257.555664 297.060608 
487.017609 62.630627 
520.749756 105.374672 
568.876038 16.882113 
509.983582 83.336884 
545.536133 521.233948 
328.023560 412.222931 
579.113892 520.266052 
211.198303 305.966339 
396.407166 516.113342 
577.232910 157.232239 
496.873413 527.244568 
271.422729 450.797821 
223.673706 149.202225 
107.277245 495.065216 
523.306458 128.091949 
469.681824 66.878159 
17.268202 280.415894 
503.278870 451.254669 
489.865417 528.364624 
297.438873 476.483856 
190.711182 333.075195 
285.621277 393.911957 
64.395317 513.230103 
70.889282 522.091064 
129.763031 545.444885 
427.623962 428.785736 
383.859528 219.727814 
308.658813 431.691864 
18.620197 532.420105 
71.830772 505.773468 
324.698517 267.810425 
169.958557 535.575195 
262.571503 453.637085 
535.221252 522.463806 
567.863037 169.478317 
96.359642 357.083435 
174.394531 466.973969 
270.513123 283.590027 
32.588238 562.884705 
515.127747 18.045046 
394.692627 514.524109 
291.432526 319.200745 
576.443298 162.021225 
17.009861 537.698730 
512.325867 524.828796 
478.481689 439.438721 
259.217438 571.985352 
186.322708 531.256653 
531.473083 141.251190 
17.279438 114.798195 
58.773457 533.991028 
340.983368 421.135315 
524.649353 17.742142 
209.722168 497.096588 
190.787903 377.587982 
82.049484 399.900574 
16.822563 347.303284 
51.557861 495.452728 
192.233658 371.358734 
18.779572 363.300293 
298.554779 396.004089 
579.749084 529.662354 
562.363647 16.917545 
161.339294 470.166107 
16.626675 444.062897 
18.106163 545.188965 
397.867615 374.805389 
186.259659 503.234131 
219.611023 347.072144 
530.629272 521.199158 
142.885651 579.726379 
239.277817 542.730652 
317.045044 423.862213 
18.874329 576.688599 
397.074860 410.303864 
580.430664 122.406975 
43.099625 476.163757 
580.138062 135.552551 
392.640533 444.613129 
326.135071 272.123901 
395.012573 408.240448 
579.341980 86.178391 
244.586121 424.516449 
262.733582 564.556946 
274.750702 382.774139 
415.188904 458.762543 
514.028442 67.274628 
303.597961 325.854340 
342.811523 416.927032 
312.294983 439.592438 
525.065002 54.616779 
