192.669800 350.444763 
493.996033 131.042969 
191.550751 336.689972 
39.501808 289.758484 
16.502399 311.350281 
86.724869 441.432892 
19.794180 327.632080 
192.740005 242.334778 
190.995056 182.945160 
234.398575 357.834473 
229.189606 551.318542 
209.468582 342.360992 
311.657898 403.672974 
194.248566 177.874390 
17.711704 408.214417 
469.742737 454.422028 
252.839081 246.549301 
579.748291 339.693359 
507.937256 131.785858 
501.419861 101.757103 
520.420776 134.660019 
258.569458 332.636963 
446.954681 187.445374 
251.804977 525.439392 
217.149780 154.153381 
58.130981 577.986328 
135.845657 578.947266 
275.497223 498.672272 
77.300201 119.744270 
420.854553 360.825867 
258.826813 515.882996 
42.580513 405.590973 
225.228561 311.392700 
367.025513 578.884766 
349.639832 579.298828 
57.899345 447.301361 
17.794079 276.386383 
481.866028 152.823608 
51.412411 431.937561 
341.479034 418.889160 
83.494400 458.056915 
527.929993 19.346733 
352.200928 423.240021 
191.366364 287.982086 
193.183563 210.229950 
217.685257 520.995178 
192.756775 361.474335 
190.655457 205.656662 
359.795471 389.868896 
577.555847 262.341492 
307.569824 399.156891 
248.803497 249.829056 
226.217392 547.931091 
91.974960 355.606415 
578.599915 295.031891 
71.012543 460.811432 
494.215179 17.786819 
80.221291 120.665703 
236.907516 546.961609 
209.190094 155.053467 
459.093750 209.396393 
209.620407 574.055786 
332.419067 413.716919 
201.761459 578.283264 
91.888031 579.635437 
194.092606 408.473267 
65.605309 577.876953 
191.336884 406.334625 
269.421173 503.257538 
206.919785 544.195496 
400.021057 67.023895 
191.208344 346.444763 
347.677368 321.269775 
323.546112 271.865479 
194.215393 239.590942 
49.168587 299.091431 
192.045975 170.107880 
17.573605 407.573547 
415.884735 579.429993 
203.955505 154.841110 
580.271667 334.410095 
577.882751 264.432922 
519.261597 130.915131 
247.364319 531.602478 
399.094299 65.937172 
220.572754 148.825867 
520.329102 164.597961 
94.373489 507.948578 
98.285278 500.516113 
270.982086 505.293549 
445.624329 473.952942 
262.463715 516.972839 
197.099564 560.737427 
268.666656 378.823059 
433.783234 579.295654 
103.488060 517.743469 
27.630650 274.145752 
193.193588 401.425598 
273.392548 376.743134 
520.340149 17.209702 
340.106018 413.932892 
425.924347 577.803650 
465.141174 197.386246 
348.338013 419.832947 
155.326447 451.942383 
191.401398 292.060638 
19.248894 262.591339 
17.062054 359.687805 
194.128571 355.890381 
190.671082 212.009308 
213.947708 568.307983 
17.168915 290.985840 
192.466232 197.583832 
294.116119 389.046753 
191.002609 249.696640 
442.569092 181.699600 
247.481094 253.183243 
226.121231 552.996216 
16.892719 458.892334 
18.945171 413.705200 
195.016449 157.757172 
517.073242 198.698090 
473.216980 214.528381 
18.047756 549.188538 
580.427917 226.980728 
510.981934 169.382935 
450.679138 476.601349 
252.666214 330.729462 
90.197426 481.604614 
232.753571 318.120636 
579.275635 252.385147 
110.911736 500.911743 
196.736389 299.335846 
497.488586 194.964142 
457.724396 198.586761 
444.973511 370.594543 
272.170776 493.441132 
332.639465 414.533264 
468.000244 209.347351 
192.948853 403.359131 
229.431152 148.492279 
329.629486 312.768982 
523.496948 185.692871 
354.424255 424.420654 
580.099426 232.434326 
466.385712 191.164429 
190.843292 349.557251 
435.695648 467.965668 
17.771473 318.884949 
200.408203 297.924957 
194.699646 344.356323 
18.070610 289.555298 
503.934875 252.169800 
79.661697 578.420105 
18.427074 451.909393 
54.546738 351.732178 
192.065338 165.620377 
29.590443 578.910522 
577.899414 443.269409 
17.040192 420.329468 
473.123962 463.044312 
199.136948 160.461639 
290.337219 484.402954 
463.629395 448.096771 
157.419510 578.260071 
183.037308 490.929657 
169.563766 579.636475 
87.874977 120.854591 
531.300110 417.540192 
488.092560 223.545471 
444.310822 185.850433 
191.603989 216.254669 
223.306030 152.117798 
475.720764 460.236725 
192.638290 393.050140 
59.299118 497.994873 
190.751434 295.107452 
367.958252 431.143005 
18.831341 268.953003 
16.623993 375.455597 
197.425140 300.704773 
94.589363 121.174149 
231.720932 439.354889 
16.818581 282.993530 
192.216263 191.289215 
359.238464 426.273956 
30.699738 279.540527 
284.620636 487.913574 
20.038376 448.248291 
191.139053 158.739929 
17.583107 452.485779 
18.657433 414.098755 
498.615967 139.256561 
115.200645 577.780334 
402.806549 352.325073 
87.448296 580.468140 
577.034180 218.005585 
216.261383 309.865448 
512.964294 107.937378 
462.519440 203.681793 
387.595520 440.869324 
318.799164 579.700500 
36.090302 428.731934 
196.318130 578.669250 
185.954620 578.157532 
518.565186 19.126419 
457.578003 192.737610 
241.344727 542.296875 
438.666473 576.960388 
187.761032 460.815491 
396.070770 577.438965 
155.491150 375.781647 
273.120850 342.219208 
579.127747 214.146362 
17.427929 506.936646 
191.238220 356.854248 
216.319824 566.423523 
199.676163 300.261963 
192.001617 339.500641 
372.608612 435.592041 
23.421133 298.419647 
357.896545 327.560089 
89.249374 469.539062 
448.172272 578.548706 
245.979141 258.789703 
16.559345 415.528320 
18.612518 527.996643 
503.249268 102.582764 
400.495361 347.244232 
511.564972 125.224121 
576.707886 240.022919 
577.079102 207.024658 
150.616928 578.066162 
523.978088 413.245941 
32.494854 579.424500 
17.723335 576.993469 
154.422501 165.112656 
83.807869 349.762878 
464.690918 577.812439 
358.573608 579.267273 
336.181030 579.397217 
44.607304 424.138702 
475.323792 465.134033 
193.212204 388.800262 
213.117310 572.572021 
48.785072 456.971863 
191.743652 383.894104 
80.710426 475.636810 
18.569954 109.646431 
17.940619 264.714508 
323.700653 408.350464 
18.010597 274.617554 
17.467308 370.701721 
139.196030 529.196045 
285.202209 382.742249 
17.694416 302.974304 
198.767883 337.137177 
84.921082 434.064148 
191.889511 243.333893 
18.044750 310.966614 
191.044769 162.473389 
187.279343 577.279358 
492.031738 111.989304 
578.393494 328.630676 
17.403095 383.838959 
20.007191 487.384460 
225.744934 315.481781 
312.185730 401.467224 
512.109619 111.646736 
579.297302 251.922119 
491.981628 111.872940 
77.322723 361.399567 
71.914337 579.110229 
184.450912 574.450928 
263.914673 431.493195 
243.512192 536.420227 
88.910835 353.418976 
579.570740 17.886528 
108.619400 356.555389 
158.192581 462.678040 
41.729950 579.593567 
190.885025 423.733124 
96.171715 485.192108 
287.217651 580.293457 
363.163025 579.330444 
58.656643 541.990173 
238.974197 322.169922 
191.343582 361.327393 
221.619141 560.953247 
192.191895 331.917206 
191.771378 191.526794 
361.426147 426.618500 
251.152695 365.418152 
84.996307 397.612793 
18.761841 465.343201 
317.804260 404.500946 
440.151367 469.658905 
297.062317 475.608093 
303.349976 396.964783 
442.807983 186.457825 
16.618820 539.283936 
169.898560 469.764679 
260.224548 242.236023 
578.031860 203.555161 
477.557678 222.685776 
466.735718 450.702576 
17.076988 570.728516 
266.528687 339.503815 
562.459045 432.245361 
578.779907 21.314659 
216.805084 570.261902 
189.777359 563.960083 
194.432571 382.464813 
89.243431 482.875793 
210.028656 577.489624 
102.816750 578.004944 
190.815628 388.662109 
16.625895 263.290680 
59.295536 482.019684 
577.744690 504.575439 
430.634125 578.152344 
18.185764 278.613708 
68.698303 453.704468 
192.675934 289.689667 
282.457581 385.652069 
17.519249 298.978149 
404.302551 68.118225 
193.627182 225.125977 
61.927425 318.014099 
337.662872 278.760315 
18.273703 316.985352 
193.320953 253.347946 
191.578354 172.329590 
496.084839 104.312645 
577.331848 322.469116 
17.575243 398.959595 
340.316956 318.568268 
17.900612 503.266602 
122.225456 512.225464 
576.688965 239.876007 
517.500061 123.309921 
263.327393 371.104553 
449.501831 272.561432 
246.042603 534.875977 
277.911011 493.791901 
264.179352 373.711578 
244.543640 531.859802 
17.025307 112.147293 
330.521423 578.559692 
568.622131 437.555908 
247.230682 259.817780 
49.017662 439.344421 
141.164978 579.628601 
340.033661 378.090698 
81.267952 473.909668 
68.619125 448.874054 
191.423248 367.454224 
529.423401 17.630859 
60.000000 450.000000 
316.967010 268.020569 
192.306290 377.198608 
428.622192 464.898010 
61.049984 480.080750 
150.509750 540.509766 
297.849548 392.247375 
385.695312 342.842224 
242.197876 325.310822 
292.816193 389.451141 
226.327911 558.300903 
16.650055 429.389648 
321.407043 407.564209 
300.046509 395.085052 
149.920578 578.882202 
171.498901 466.968750 
506.931519 97.892212 
479.324890 233.572235 
18.825863 574.488464 
336.586853 315.279510 
327.817566 409.848267 
127.882317 517.882324 
265.182220 335.841705 
450.468323 187.055618 
462.452332 204.475647 
278.439301 383.921661 
44.845978 437.635315 
18.330475 508.057739 
227.495728 147.782776 
253.353058 528.543457 
191.394791 392.856323 
279.660828 345.445129 
265.378754 511.717804 
293.192963 393.627228 
528.363403 18.820129 
369.432129 396.462555 
192.881744 287.127106 
191.910812 334.232574 
16.677567 315.346436 
405.993622 72.216248 
239.854080 324.176483 
194.050644 246.094986 
191.943848 174.827255 
228.865005 553.592041 
18.047081 388.540405 
55.795990 354.092285 
499.009888 156.419373 
194.425766 185.616272 
445.046326 474.207306 
577.806824 315.505981 
17.437698 394.797913 
473.836853 460.345398 
97.321815 357.055176 
578.969604 343.554077 
44.579891 443.904175 
214.849457 153.796173 
231.072464 317.604279 
176.880569 477.294952 
265.237640 370.690338 
481.399200 224.616455 
290.125549 350.799103 
77.622650 121.450127 
262.433838 509.424988 
505.523315 108.457619 
57.988728 443.936432 
509.640686 107.645630 
273.284760 341.650787 
53.129929 435.550049 
58.831863 529.991455 
340.983368 421.135315 
527.895081 17.192513 
251.674088 272.376526 
191.496063 372.621948 
17.880781 347.227325 
461.618195 184.654160 
193.335205 368.984192 
190.658463 199.528748 
192.007172 204.800446 
299.753540 396.647217 
19.339409 426.340210 
306.063293 395.110565 
250.340302 269.036835 
319.583679 418.577728 
18.106163 545.188965 
250.691071 330.120636 
578.709045 304.938354 
18.751221 510.836578 
247.523697 327.296478 
239.331497 541.782288 
113.163719 576.902893 
206.459549 158.309509 
324.857117 407.086945 
482.426575 217.150391 
346.384949 579.091797 
276.281982 502.145874 
209.215912 577.111267 
88.398346 372.775665 
281.107788 384.812958 
257.042877 518.805359 
365.814362 329.214752 
273.677551 378.050842 
418.013336 459.059387 
252.647400 526.473267 
191.134247 396.886200 
344.644470 419.523987 
268.711548 507.514771 
17.835430 270.621399 
