132.729279 375.042603 
214.584274 396.158569 
44.942398 240.657806 
60.000000 450.000000 
151.175262 160.590469 
42.987637 211.123596 
80.772522 405.460632 
314.222168 405.045319 
45.096794 526.691162 
157.264313 405.171204 
141.230576 542.535583 
90.486450 360.600037 
87.288338 514.651489 
165.413651 463.542023 
16.677567 315.346436 
244.884537 361.530670 
191.654694 435.611786 
260.033966 439.165161 
181.980148 465.870178 
42.260563 347.415863 
118.662735 345.172516 
63.160816 256.582367 
157.217667 315.142365 
85.995125 360.114624 
232.751770 434.405701 
157.065704 390.200195 
120.781265 527.197571 
103.393936 405.551147 
315.091766 406.073853 
19.182341 390.140869 
250.117462 527.525085 
56.883846 255.210876 
168.654144 500.314484 
266.464050 510.137451 
221.658844 506.205872 
227.553940 555.168701 
44.037941 330.380066 
112.961441 310.668884 
67.858185 345.940613 
57.525467 226.110565 
18.761841 465.343201 
75.751900 334.503357 
61.399376 314.697876 
57.806759 523.880188 
156.557831 300.407104 
347.017670 421.003998 
103.624275 315.742126 
81.028252 375.140991 
64.785774 495.962982 
123.090530 576.510864 
100.456604 510.988617 
191.415085 331.692413 
44.313965 175.444382 
144.775101 525.010803 
255.505646 367.746796 
330.229767 410.618774 
199.298355 527.429199 
170.192902 577.669495 
24.922630 152.194672 
107.588058 451.406982 
210.650970 368.161560 
58.662739 381.129852 
275.639740 496.100555 
127.782349 435.975800 
77.416122 187.537842 
72.838142 390.032623 
46.457439 300.500641 
37.231876 575.440857 
19.317841 540.979675 
328.772644 465.636230 
54.553650 467.782227 
157.311462 226.517944 
108.269676 510.291412 
91.715576 300.002838 
83.631660 575.844971 
71.496819 544.850464 
19.487810 259.908600 
120.447182 499.852905 
232.058197 512.015259 
135.080734 376.750305 
191.793533 375.447998 
150.177231 514.523071 
264.309937 375.539795 
303.649414 464.684753 
51.431671 176.110489 
32.721443 405.200867 
19.675152 166.258591 
105.114777 407.227875 
91.841614 465.219299 
55.974789 450.007477 
281.812683 488.811951 
120.151176 366.501495 
64.251686 435.025116 
285.259216 383.262268 
30.477100 498.564575 
141.452057 436.117432 
210.475403 341.812378 
80.932953 420.313660 
300.001038 391.969971 
57.103748 541.651733 
155.074966 451.352631 
108.701256 473.331146 
90.599121 352.632782 
77.755707 465.207214 
17.581173 330.033600 
139.977921 576.702576 
190.633469 421.856934 
256.446228 463.003387 
62.590374 155.053131 
34.461136 393.547119 
107.456894 360.060120 
58.282585 405.006653 
139.319611 494.765717 
349.328674 419.400940 
75.405563 157.873596 
38.199150 480.484589 
88.575951 435.010651 
137.667328 465.330780 
155.615082 375.215973 
90.672012 450.349609 
157.136826 211.534058 
16.973526 345.013092 
148.312057 420.171967 
174.424988 512.379456 
182.951309 504.390961 
42.695286 316.212067 
106.261780 315.297516 
239.607758 536.134521 
293.987488 481.338257 
18.839447 480.595337 
132.376221 330.265778 
79.900261 285.102966 
184.450912 574.450928 
157.335632 285.314880 
113.163719 576.902893 
76.765121 390.045166 
65.553062 487.372620 
156.934921 360.329529 
123.262535 557.765503 
99.114601 495.047272 
153.256500 570.433472 
18.309475 420.233276 
139.639420 561.129456 
166.066528 465.648651 
51.990883 391.265198 
44.365078 300.485443 
149.551804 218.009720 
130.022873 420.256775 
66.644928 375.022491 
58.979786 315.125610 
157.023743 196.580017 
23.934793 496.293793 
131.797928 267.973724 
90.200150 158.237946 
71.102242 330.215179 
45.498287 482.949921 
154.050980 272.029602 
116.289970 539.251343 
90.715744 296.854553 
60.635273 529.839905 
24.910364 270.004486 
127.147781 481.446625 
245.941345 409.122864 
93.024704 481.824646 
315.499634 401.145325 
191.293991 360.309784 
164.575241 508.347870 
20.173620 435.000458 
18.460546 525.425415 
59.026497 181.230133 
35.985527 454.445251 
18.464779 180.952621 
123.328415 161.522217 
107.425018 420.064087 
210.887283 570.047180 
53.834400 345.040497 
35.545456 225.196060 
120.753571 345.014496 
196.280975 334.609528 
72.728722 420.101257 
290.664032 390.135925 
157.475235 180.679611 
16.706429 570.097961 
361.546814 429.528870 
93.309082 199.168259 
156.627930 435.758392 
118.553810 481.609222 
99.154404 390.000763 
89.051003 480.921600 
67.647064 577.156189 
28.397339 285.580780 
44.665726 154.517029 
246.918213 468.920593 
238.252777 360.063538 
193.646606 405.447266 
151.718170 487.300446 
263.164948 418.581573 
206.494125 514.064697 
146.611877 390.303986 
39.168655 375.096436 
20.064293 195.519440 
105.682594 375.370483 
57.100174 420.527008 
278.758667 457.088959 
129.316788 391.584961 
217.410614 347.779999 
304.395203 465.945099 
36.721527 471.957031 
142.991211 521.976746 
80.460106 450.183502 
156.409256 420.050659 
114.143089 202.127121 
91.425491 435.613098 
84.316292 495.704712 
18.824236 360.017517 
191.656479 450.247284 
258.987518 494.837311 
143.521332 460.674072 
38.343925 361.307190 
135.928162 160.557922 
113.700798 330.007751 
45.170692 240.604446 
271.776672 377.556854 
67.870949 270.009064 
157.185913 330.538025 
149.568573 309.391754 
82.385475 345.011383 
73.862000 466.336029 
157.249100 345.063629 
134.763855 542.464233 
225.064636 350.647858 
299.701752 470.490173 
20.086826 375.020599 
240.220139 540.636414 
94.047821 421.739655 
69.528625 233.725006 
267.634308 506.688293 
216.581116 522.900330 
428.019684 464.405487 
37.091606 285.092560 
120.869949 405.437836 
19.857273 405.031372 
68.273468 360.545471 
47.160172 330.072357 
17.129545 513.157104 
131.927246 246.516190 
225.355927 438.650299 
60.695610 315.125671 
58.005009 504.362518 
157.354980 255.422012 
465.667786 500.287781 
84.129051 541.076416 
73.080978 515.369385 
124.243256 470.835602 
239.800064 542.681824 
191.313019 345.094208 
150.509750 540.509766 
17.007072 450.272247 
114.073914 160.868332 
341.062378 420.068359 
209.986435 572.514832 
173.137192 563.137207 
41.833782 435.923370 
58.553154 154.502106 
117.419891 435.190857 
221.740875 558.769409 
16.746075 555.902344 
53.736565 361.184967 
30.940794 277.687225 
125.366821 450.528473 
81.210281 179.424927 
65.841133 405.779297 
45.007080 295.715363 
153.120605 165.705887 
136.934937 405.277374 
75.126503 275.627960 
47.670013 576.832581 
157.428055 240.853668 
105.254875 495.254883 
90.066093 375.232361 
144.015915 355.581635 
16.913704 300.667297 
122.225456 512.225464 
240.502548 436.599518 
96.180267 570.525574 
193.234207 390.008057 
157.752441 465.945862 
40.815716 541.878784 
260.420319 421.491394 
253.818542 523.586426 
41.626144 420.204407 
23.911100 210.563843 
110.341873 391.173523 
51.545338 435.358490 
