16.920000 463.874878 
508.956482 463.663055 
127.360435 341.806458 
82.493546 441.630981 
128.513031 162.222015 
156.609802 274.356720 
392.347107 185.542511 
566.711548 41.208263 
121.832184 162.419220 
22.004688 211.449783 
87.128349 441.485504 
29.966064 181.838943 
407.035767 146.938293 
139.438049 395.110626 
94.760208 276.855103 
33.699100 318.863586 
379.050903 174.373978 
54.146500 360.740173 
399.815613 210.335388 
21.624672 568.129456 
462.491302 510.779846 
469.833984 454.504730 
107.064842 269.548645 
409.945923 135.920242 
234.646591 390.077515 
67.290611 348.064453 
514.927185 128.602798 
413.144043 222.838623 
97.639404 383.420349 
488.637329 81.317848 
386.718170 465.528961 
117.357971 444.022369 
398.966156 349.664459 
244.849060 443.326172 
249.754410 527.514526 
443.714020 80.804932 
367.048035 185.690125 
57.566216 576.654602 
394.955383 392.036194 
289.728333 343.507599 
122.961273 484.986908 
130.582504 384.415100 
257.838776 451.869354 
261.269196 515.943848 
512.358337 427.522369 
270.820984 444.658569 
118.964119 343.948029 
320.831879 345.238403 
147.753433 293.872681 
87.123245 198.169678 
112.823868 230.791840 
505.416290 518.999573 
189.094315 458.227081 
83.574097 459.820862 
157.439102 231.925415 
57.747192 507.675232 
338.257172 353.958466 
22.806252 207.334091 
464.182770 273.102264 
201.772568 164.831177 
86.759056 495.551422 
389.960205 62.912758 
327.322205 330.188202 
257.769073 574.894958 
352.565125 361.693848 
194.202850 198.125854 
90.596504 227.384186 
427.295959 398.017517 
379.673828 188.559555 
59.373188 215.419769 
299.760773 471.890045 
265.431274 439.606384 
462.375183 533.667297 
364.311157 375.078888 
137.704025 54.356850 
104.272545 212.450012 
443.129944 531.606506 
111.826721 59.171787 
17.880703 568.766296 
18.404282 520.604309 
409.592529 147.017181 
254.329559 308.547791 
309.121521 352.717590 
372.850311 337.106262 
515.625732 461.859894 
157.381561 405.841125 
454.390381 519.933960 
471.034210 143.502533 
246.800415 396.638611 
428.679840 84.067444 
424.031769 245.935181 
267.888824 323.491943 
444.230621 249.355392 
401.317291 388.878418 
74.899536 75.427933 
252.065033 409.013214 
209.518311 574.955444 
41.898293 545.431763 
441.134399 77.768890 
276.153381 380.399719 
405.859131 540.578857 
92.700768 578.915771 
86.209343 253.617523 
432.219147 95.929878 
267.741211 420.053589 
556.698181 461.865326 
505.726807 479.402985 
191.255661 405.408844 
83.473572 502.816925 
468.797516 81.678185 
473.374878 576.757324 
57.741562 551.563843 
40.947746 86.941765 
63.734299 430.230682 
17.141943 326.119873 
195.210068 348.300903 
90.181732 171.165054 
381.316742 229.384323 
215.511795 478.668579 
191.686920 92.065224 
27.649189 316.656921 
418.919830 76.517784 
205.470886 364.645996 
157.237122 427.592377 
235.416595 286.896973 
17.464062 402.180664 
511.696686 485.973694 
413.098022 239.788773 
415.862579 111.169861 
377.483368 223.819290 
221.692398 373.077972 
157.314560 179.477768 
458.896210 526.607056 
249.862991 439.658722 
480.651093 170.859787 
401.301758 65.376656 
129.821716 494.143890 
155.146179 174.220154 
550.767639 467.065735 
271.217468 506.382568 
279.987488 432.265594 
405.368378 393.480042 
304.255188 59.369270 
182.923172 101.604263 
42.824821 413.875122 
268.997223 378.567627 
108.062401 316.279480 
192.931976 401.166260 
156.557724 316.637268 
58.189671 422.608490 
339.091339 412.852112 
120.546135 325.754913 
441.978607 259.228485 
520.605774 518.554565 
204.896255 505.844360 
46.292725 548.737732 
60.737549 386.781494 
17.062054 359.687805 
139.767670 516.068787 
148.571655 468.513458 
34.124249 156.237778 
436.068024 411.281982 
215.578232 566.192322 
503.290863 289.398987 
86.475403 175.046997 
245.907898 258.907043 
72.399933 448.145691 
143.986023 241.045227 
152.395889 506.132690 
497.608215 166.830322 
394.463379 359.796692 
224.253632 556.979126 
17.487814 457.196350 
18.158028 412.780884 
77.246933 344.146545 
97.383965 254.507843 
38.418655 330.862671 
65.503586 360.365479 
454.245667 411.311157 
461.701355 481.506439 
246.314209 314.241974 
430.314117 365.304474 
57.881393 154.690674 
179.483948 530.411499 
73.411743 376.377869 
479.906189 269.016663 
541.991577 556.276672 
223.186676 52.854294 
84.342583 413.196320 
486.308411 141.304321 
43.908298 453.026337 
235.217712 68.827957 
190.863693 490.208527 
193.350235 403.280121 
82.161613 226.882599 
418.159210 397.774353 
474.838135 530.524048 
209.356354 534.595764 
418.560516 79.780487 
389.821930 174.975983 
118.659454 161.401535 
68.056519 431.694489 
149.034653 478.561279 
310.210022 58.624245 
322.632172 331.479279 
77.477165 405.038544 
95.138062 501.794464 
497.842529 103.295395 
157.086823 418.502991 
224.211380 501.821198 
23.306450 454.444855 
410.992035 151.262909 
101.285233 262.687622 
39.950329 288.715820 
492.168579 140.820587 
78.863556 66.952461 
406.487366 195.153717 
485.631317 88.060944 
312.971588 462.413666 
211.189621 54.091240 
515.097412 266.126526 
183.657425 487.249725 
71.275429 489.949890 
48.662483 479.627289 
472.305450 407.907410 
408.558655 462.593170 
385.208740 197.587860 
100.485420 524.025757 
430.570618 92.472054 
103.911980 501.470398 
55.460575 436.589233 
444.242462 77.141335 
120.868988 337.470093 
36.896198 529.011719 
476.391022 476.262970 
307.178009 340.297821 
332.884735 355.921021 
119.922874 203.992218 
399.591095 218.557953 
460.481018 84.911865 
358.838043 433.301147 
135.045441 325.340424 
503.449463 424.715271 
346.807922 369.154449 
127.543312 236.025421 
530.224915 309.900238 
464.001160 95.207253 
20.038376 448.248291 
309.877777 459.777130 
46.611237 80.858795 
167.065811 483.310059 
407.590088 239.527496 
95.978912 368.110962 
429.604431 252.493042 
425.563171 77.918427 
519.691284 238.538406 
58.492081 71.366425 
464.277161 389.635529 
416.105896 198.653458 
104.310295 359.671112 
234.886841 484.945007 
91.674828 460.261414 
98.804390 482.694855 
434.212677 71.234367 
111.779602 427.637146 
49.266785 342.702728 
240.407104 542.984070 
139.237610 363.506073 
420.881958 389.041016 
107.711754 469.942719 
400.259003 578.127197 
91.078743 255.780975 
475.954895 521.955872 
229.708603 355.433716 
493.491333 395.477783 
272.037140 342.988342 
17.533764 113.929939 
524.042603 497.824371 
135.304199 163.771057 
488.889923 508.207428 
322.467285 56.025208 
498.219177 467.664001 
191.882904 354.034332 
518.162354 232.366226 
161.896591 499.657227 
227.512177 417.190887 
232.412567 450.739990 
22.146301 297.827148 
354.726746 325.887146 
201.064056 369.112915 
101.322998 177.634384 
39.040672 230.516632 
171.109390 513.783752 
407.495575 132.514069 
433.806122 249.521927 
31.434559 331.874207 
371.438019 217.885147 
204.280029 79.042297 
74.422318 246.298599 
181.756454 466.732239 
48.281551 154.573578 
366.005768 194.015533 
95.440010 407.303406 
47.966038 578.071899 
65.888199 359.779633 
110.076485 484.938049 
460.987152 261.325439 
249.993469 486.199036 
78.255692 352.225189 
160.793610 101.295815 
246.441528 324.336121 
122.524605 444.130341 
479.762482 464.159882 
195.851181 88.030281 
497.599731 449.019379 
114.262123 283.991302 
571.089966 576.386902 
533.098877 536.024841 
484.326385 414.784607 
489.593903 454.977936 
501.089661 505.364105 
126.906136 346.510681 
78.923576 425.726868 
156.823151 264.730347 
233.760071 410.541931 
18.878382 336.395813 
520.484558 470.313354 
202.923203 340.524689 
88.817749 432.574646 
385.897644 365.170288 
406.912384 178.593857 
251.317535 245.364594 
94.662895 263.593353 
429.153442 532.502441 
56.321491 366.080750 
291.048157 436.501740 
465.297363 494.000732 
468.027069 399.690430 
209.526077 58.540245 
437.861847 376.591736 
441.051147 497.354645 
70.686218 332.984009 
88.036652 171.163666 
436.385254 366.577087 
514.962036 301.572906 
111.304901 512.557739 
118.345177 429.883423 
242.709915 408.131836 
196.255524 571.442810 
425.715271 531.109680 
485.827972 275.877075 
104.383865 386.565735 
359.892059 370.937714 
124.227806 502.712311 
479.470184 410.799011 
253.737579 444.666718 
40.120987 580.446655 
496.303772 474.503143 
136.893585 390.483673 
46.964783 499.007751 
486.449951 421.411865 
191.476196 443.444275 
81.135109 464.318237 
157.367508 202.339905 
231.149231 393.613617 
44.055164 204.878479 
444.125031 473.357941 
284.212616 440.794006 
95.351913 208.084839 
502.245178 430.546967 
437.031219 513.483826 
514.971924 233.656403 
458.244537 413.566986 
293.349945 391.889404 
240.968414 363.904297 
416.282043 136.130493 
155.854828 403.812012 
222.155334 262.734711 
17.581823 539.759949 
18.187511 502.023254 
412.757721 199.482880 
255.466827 302.326996 
97.120628 406.733917 
453.267761 498.033264 
251.408157 407.510742 
429.678650 71.937744 
268.892029 338.569000 
425.059753 115.063698 
492.446259 532.747742 
276.818268 423.964233 
145.282242 313.349030 
141.260696 499.156738 
210.249802 577.171997 
508.548218 495.937469 
190.587112 387.872437 
74.733803 577.364563 
82.631828 485.974823 
473.220184 77.336182 
316.072296 343.363037 
355.277618 227.856323 
278.008698 309.467743 
124.111610 193.063873 
21.502041 281.380951 
309.502747 192.780869 
285.564178 384.500122 
16.971090 298.019440 
403.847717 71.824203 
118.535095 491.951996 
211.997192 504.812195 
54.842232 190.309143 
344.411713 223.001373 
294.511108 444.449036 
77.820724 508.029236 
517.075439 294.552948 
365.478851 350.047546 
153.170319 468.036255 
52.213287 73.104660 
442.814941 408.459808 
390.098907 226.917831 
238.950226 459.343018 
423.474823 112.184303 
137.949402 401.889801 
96.189217 360.127808 
386.701416 545.855835 
85.160797 226.476959 
532.193542 456.239685 
290.743774 328.318146 
177.079742 497.849609 
261.484833 434.449585 
170.616089 502.255981 
285.543762 67.783302 
383.769501 164.730377 
133.082184 478.199127 
451.988434 214.491180 
112.107201 287.945099 
157.059525 455.805298 
201.511002 497.778625 
191.006943 522.699890 
569.795654 568.019226 
175.995605 49.471291 
156.916992 282.046875 
121.364754 247.973145 
205.423508 479.896362 
60.000000 450.000000 
68.441277 512.024231 
194.015869 377.319855 
136.138718 214.337372 
431.886536 466.727692 
434.231110 378.064117 
414.422913 537.367859 
399.540894 131.841431 
295.344452 393.349823 
126.804916 161.909363 
28.842577 288.501953 
152.307404 515.491272 
104.515915 158.647217 
222.205643 561.761475 
16.650055 429.389648 
20.475765 539.235046 
300.001038 391.969971 
46.155807 172.417923 
41.248318 377.909729 
225.919678 73.849663 
219.784485 348.758881 
172.550323 467.447998 
458.859314 500.090576 
133.801498 340.091644 
195.588577 478.442963 
401.323883 395.101379 
129.137314 520.575867 
521.159851 181.760941 
37.601086 453.264008 
522.005371 301.539886 
410.002136 526.280212 
89.635757 357.697296 
62.023781 331.395569 
216.814331 569.874329 
83.032181 209.190201 
424.961182 515.857971 
57.722828 398.049988 
406.208252 372.784180 
276.797516 342.240784 
125.260422 304.081329 
137.599594 500.768036 
309.895569 327.035095 
456.478088 253.980652 
71.774948 459.746460 
193.474823 287.938751 
144.921799 497.545441 
217.681290 494.364441 
396.546204 181.783371 
191.586441 253.519699 
75.487450 422.544128 
330.564606 326.518097 
150.175735 481.654541 
157.159058 411.039032 
298.902496 327.280457 
227.102646 481.695251 
228.764114 554.289246 
18.982780 388.441193 
413.981995 171.255646 
99.034103 278.304077 
40.192268 310.388123 
128.642899 189.454834 
160.363449 532.740540 
455.557434 387.733093 
406.713348 222.628036 
249.806030 292.795868 
149.504288 171.545258 
536.080078 518.695618 
214.889801 86.277847 
185.716995 485.945679 
521.440796 115.423798 
262.518372 372.895935 
284.381775 344.053864 
90.156647 97.113777 
574.041382 19.599689 
413.585114 388.708527 
90.207619 493.964111 
374.112000 185.265335 
110.916901 369.518250 
559.192566 544.064575 
187.702103 513.781860 
329.432251 466.144409 
415.328186 421.170959 
157.541382 79.863274 
59.649666 442.007690 
342.115997 378.717194 
121.611885 355.971313 
18.503689 20.092346 
140.552780 163.717896 
331.988708 341.901337 
543.650024 523.750000 
119.025345 228.938721 
69.201576 405.797272 
456.762939 106.664185 
134.604202 347.302856 
575.738892 446.069550 
212.479752 395.639282 
220.724182 546.574768 
503.643555 402.662231 
73.756386 379.604462 
471.949554 263.376740 
154.958313 527.595764 
444.968018 406.487122 
236.236511 198.450363 
19.715534 426.635681 
307.003967 394.757446 
96.196060 186.649689 
360.762756 206.984802 
92.262650 64.688545 
163.720856 515.774963 
64.477997 318.058929 
406.352600 465.694733 
526.760925 180.559189 
34.237232 395.812683 
371.381073 374.202942 
74.586166 531.634155 
130.526016 578.265015 
263.079865 323.007660 
325.709259 407.829041 
95.490646 442.310059 
434.834961 84.060890 
113.186226 424.785828 
450.462250 259.492950 
294.661102 351.135162 
192.399979 481.316864 
16.962439 543.800415 
103.107338 478.786896 
342.858032 447.070953 
526.163513 132.917801 
69.344185 539.777588 
252.647400 526.473267 
275.915863 325.567841 
17.596279 272.744080 
263.719055 563.262817 
483.076202 426.177856 
138.382416 476.970856 
473.346191 489.498047 
221.722641 409.082825 
499.144745 398.285217 
342.975983 347.543091 
191.403809 338.586853 
132.609924 238.816772 
497.107574 274.738037 
392.088074 58.688492 
231.021820 493.597870 
511.903198 437.858856 
89.426758 420.846375 
389.655060 230.807953 
172.169479 528.902405 
423.966888 147.578094 
526.784119 212.888474 
92.303665 297.958282 
487.359467 286.440063 
118.191559 513.604736 
215.199097 361.450287 
57.424667 45.685158 
503.028015 137.313126 
175.464951 469.229980 
465.727997 413.962189 
224.012451 375.872833 
86.100945 414.360687 
147.601517 244.229706 
92.290703 387.561371 
101.526054 504.320618 
166.589005 578.618103 
453.338348 257.102814 
297.553284 294.403259 
250.273285 520.624451 
387.913696 225.366425 
481.472717 283.643921 
423.681915 363.016327 
105.122467 448.394562 
396.988861 459.408783 
124.988480 464.246674 
567.809021 445.351440 
71.968521 68.782074 
206.836655 452.002747 
365.928284 334.235168 
495.211029 418.224792 
118.740692 313.911133 
155.796814 442.380188 
133.429550 426.659271 
498.368958 439.812866 
505.675323 405.507812 
128.834335 228.628204 
79.527626 381.079926 
156.501617 235.820526 
21.377319 366.243469 
201.279617 343.664551 
42.503178 337.037689 
41.199852 205.491104 
286.263519 474.422363 
173.855362 486.880554 
249.695847 250.207047 
90.007126 241.179214 
35.570263 355.083801 
212.203781 214.071945 
499.873840 177.655746 
401.635529 371.612762 
522.610901 443.780792 
77.893280 224.125946 
467.591125 451.388031 
473.608826 415.440521 
208.724319 51.454971 
102.532791 305.569031 
439.567505 502.259216 
234.950775 550.374451 
17.082016 477.256256 
512.676941 163.665909 
201.954010 80.531578 
96.926743 467.326599 
346.451172 359.075562 
374.341461 59.981377 
112.976784 508.240845 
119.432655 456.145691 
137.762115 365.859436 
80.117676 372.352539 
250.933441 578.026611 
106.453362 390.973816 
331.288239 443.886566 
444.619049 372.288757 
128.319885 473.104736 
201.735092 578.305481 
258.696289 522.203308 
493.764465 473.084473 
65.605309 577.876953 
526.958984 278.487213 
301.242035 323.424835 
148.818314 278.870575 
86.811920 215.425049 
489.016113 429.941254 
503.838135 484.611267 
294.301971 578.357178 
129.043350 369.189331 
78.136887 449.822693 
157.254501 194.226074 
395.143311 165.872467 
231.443054 388.223999 
520.496155 447.752472 
310.726288 569.220947 
86.789391 508.130737 
64.554329 553.900024 
404.035736 150.980515 
194.400085 238.431763 
528.013062 218.915741 
501.717407 217.373535 
401.270111 230.401871 
576.920349 444.575165 
416.835754 94.548576 
475.504211 83.746773 
104.507378 247.810318 
239.491165 401.293518 
17.140736 528.856262 
410.664581 218.904068 
254.199402 368.453156 
98.321045 422.138031 
486.244110 88.273193 
385.863037 458.282745 
432.426697 496.144409 
119.349579 501.919495 
454.475159 528.389587 
245.258621 437.825226 
250.305115 532.246948 
409.625641 166.842072 
89.564323 57.969120 
124.015770 479.511353 
94.924988 270.366058 
258.898865 521.940002 
496.675781 498.024902 
270.305939 429.346222 
114.988449 353.552185 
145.252533 284.391327 
42.936172 524.207214 
490.551025 401.504608 
112.673767 224.580627 
503.408478 522.202271 
505.412567 514.597961 
526.877808 508.877991 
127.237053 290.046997 
82.597321 487.350220 
314.033081 364.368835 
157.215759 227.734528 
55.081863 490.916412 
390.287903 136.690079 
460.248871 83.934601 
18.862455 261.563965 
88.740608 486.691833 
388.744019 58.460289 
329.089661 349.897339 
17.380365 290.038574 
350.835938 357.172821 
134.639160 318.851410 
378.326721 195.077530 
482.069427 448.600006 
436.748505 109.345169 
76.204216 523.844971 
90.869232 422.888763 
150.296432 381.689758 
102.510704 220.734222 
493.330688 98.870026 
17.228691 563.206421 
19.848759 477.872070 
366.944244 199.494629 
433.376770 252.305557 
372.458221 335.052979 
164.135162 465.746948 
115.826706 497.282257 
104.647011 426.623047 
507.415100 151.048569 
425.767242 238.696503 
269.040894 314.892334 
445.546265 264.017700 
73.574120 70.600060 
194.713013 67.238747 
542.268127 464.959045 
270.419861 495.909546 
366.006348 191.569733 
83.698990 177.673065 
136.188614 521.782837 
85.395363 249.036102 
109.272537 277.100220 
190.868912 413.990814 
141.587372 202.607025 
80.796303 507.036743 
203.311218 479.034485 
156.971603 376.046356 
125.247559 266.965271 
16.789774 302.498749 
63.748924 448.605164 
16.503874 318.627136 
139.620453 484.940155 
90.168785 174.352615 
433.464294 398.686798 
99.704651 388.822968 
189.621689 96.706223 
83.486961 579.240295 
140.941360 237.032684 
206.801315 355.838654 
156.763596 447.143860 
497.820557 127.427628 
239.413513 288.139160 
16.968554 421.327087 
522.833557 449.670166 
77.332512 351.001434 
440.756165 101.098747 
98.000206 288.288116 
437.772369 262.501068 
372.023468 196.198715 
220.314911 370.254120 
508.562439 115.857147 
458.099670 516.137024 
251.416977 449.497070 
33.438953 556.234497 
115.940063 439.545380 
50.332191 471.966614 
178.906052 518.940979 
127.953232 478.313354 
419.718872 371.167786 
262.860046 412.488129 
546.463867 468.541321 
414.010284 238.237076 
411.430389 542.314453 
94.985016 528.872681 
191.029388 164.246094 
298.709503 59.984554 
192.656815 391.243073 
156.478851 309.809204 
56.601269 407.146851 
277.143646 341.799469 
121.078819 322.582764 
21.871845 106.324112 
520.006470 514.256287 
468.053467 433.773865 
206.198776 499.295135 
60.559967 378.377258 
17.072424 374.237854 
141.666489 522.854919 
135.257355 187.090698 
484.683807 528.423401 
436.090057 407.122559 
456.479736 394.588531 
400.828461 153.757645 
74.156578 443.070862 
233.355728 49.813004 
150.449417 487.638275 
156.979050 383.412781 
393.902374 360.875946 
222.182541 488.633850 
68.824257 195.244431 
19.548058 418.186829 
38.375732 348.185883 
119.030952 579.315613 
455.504639 416.872467 
248.922638 295.323456 
81.196579 157.571991 
367.114685 205.187897 
313.800232 403.379852 
119.268677 163.922760 
77.017944 370.991211 
479.670654 275.806702 
470.157837 484.905884 
91.554924 475.153137 
194.729385 357.243042 
108.511467 365.390778 
187.913818 493.039886 
140.534271 285.037018 
82.433212 228.429901 
415.259705 383.754669 
156.776505 76.243080 
123.199249 374.793182 
376.323059 342.003693 
381.395081 370.686157 
283.943237 331.153748 
386.894897 168.082901 
169.823608 89.051620 
70.441277 432.212677 
525.170837 253.440750 
144.324600 516.738647 
480.039490 486.207245 
320.903473 336.937469 
463.607910 203.082916 
431.420776 378.433167 
577.316162 518.658936 
85.580055 455.183838 
50.117039 207.034195 
448.816864 399.706024 
46.046169 342.377533 
18.698402 457.441772 
304.086304 468.886230 
37.576012 287.099030 
166.559311 541.437927 
63.531364 317.609497 
406.810486 203.060883 
250.664001 364.554443 
131.858124 174.969101 
485.501617 81.438164 
317.909729 458.352722 
396.555573 468.119324 
72.347351 329.123993 
521.849854 92.954430 
379.396851 336.220337 
153.820480 577.675598 
363.571442 191.009720 
17.865973 579.239929 
413.193756 458.696075 
93.239090 519.223267 
222.696899 289.081848 
330.806976 464.577057 
108.766075 390.958771 
299.960693 357.574829 
142.591415 327.444061 
429.321655 100.137794 
103.741768 508.116638 
123.739502 331.057983 
479.892029 481.651459 
310.466614 345.942200 
154.525864 315.189972 
178.570419 490.845520 
119.087288 208.185760 
68.863052 382.253387 
148.503296 160.916504 
145.537094 526.725647 
68.719002 190.072830 
64.208145 70.505470 
215.370377 467.502563 
525.615295 485.763214 
127.106155 241.952728 
28.553566 280.133484 
361.122772 390.999786 
225.382645 451.559296 
22.671803 309.815613 
357.738770 340.036926 
306.634613 465.818939 
42.436192 84.438255 
376.767883 547.617493 
167.904434 491.508728 
407.972595 240.393890 
147.975662 498.775330 
93.736832 376.354370 
534.977112 539.594177 
184.386230 66.306992 
500.830872 119.117386 
463.058167 418.088074 
176.979294 111.097946 
107.770775 363.147919 
286.222687 317.525421 
234.264664 486.812836 
68.503593 63.314720 
94.022667 467.476471 
96.730698 478.113373 
417.678314 174.848419 
112.330872 448.389648 
106.923126 451.929291 
187.279343 577.279358 
204.787720 576.516541 
525.940491 226.960938 
50.317181 579.638916 
366.564392 341.387238 
478.119720 429.458740 
66.014923 74.667534 
493.276093 413.850616 
119.054001 251.466400 
137.497528 468.856262 
484.180725 450.150543 
436.207092 124.982040 
267.126282 559.578125 
219.410797 389.968414 
500.016815 468.873688 
509.394257 420.552582 
191.338669 360.230896 
576.067139 578.821594 
368.065033 541.611084 
161.044418 521.737976 
23.863819 301.439636 
96.445023 168.683105 
384.484314 349.498810 
169.011490 506.551788 
515.232056 443.837799 
30.067375 336.254028 
211.349319 341.138123 
54.635445 307.864471 
244.942383 297.866943 
516.690796 226.117615 
468.394379 410.980530 
103.922806 310.877380 
235.477966 529.593750 
572.205811 437.479187 
95.459915 412.744507 
101.939903 436.106628 
108.968002 474.375183 
241.762085 401.534973 
104.517731 423.925385 
392.993805 460.869965 
63.214458 468.589996 
474.332520 473.444733 
495.846100 438.102448 
41.268387 435.422668 
116.764488 288.033813 
16.676025 156.224258 
302.895966 317.112091 
132.158981 403.487061 
313.662048 355.298615 
390.761780 229.944458 
527.041626 286.666199 
112.490021 162.936203 
501.707123 511.016449 
127.121597 351.230255 
81.932671 407.899719 
365.689758 503.844666 
368.673859 393.341858 
156.965347 260.670532 
466.144836 523.623230 
122.360428 176.077820 
438.713074 93.742462 
518.582397 462.017181 
84.950668 430.337860 
38.597759 182.307404 
389.660339 359.818512 
62.079464 525.446960 
505.970703 292.305023 
407.288727 182.739563 
94.788055 267.819183 
34.732754 284.917145 
56.671825 374.073059 
503.871216 153.962585 
288.837189 431.497742 
76.477371 200.273483 
417.621521 171.183868 
493.483917 89.401947 
443.202026 475.379456 
515.266968 94.613945 
252.392960 365.132568 
98.389717 394.249634 
246.137375 535.447632 
424.213867 92.440361 
269.903076 376.751617 
122.247543 497.348511 
477.577850 419.423035 
253.637283 440.715179 
117.546730 332.754547 
304.332306 342.169403 
47.643852 509.065521 
142.138870 497.832031 
509.164734 433.757629 
190.550797 447.622986 
128.804489 294.010284 
78.787247 471.354980 
156.951538 218.695923 
58.948677 521.992310 
392.468842 139.716263 
124.922211 230.913467 
568.649414 575.734253 
375.486481 369.464264 
198.289001 292.299561 
87.322166 483.412750 
38.198349 114.601219 
327.090332 371.817413 
119.001274 71.322594 
453.596283 577.364746 
350.462524 352.481079 
429.565216 389.848602 
436.496185 508.250580 
552.657654 59.340454 
288.992279 386.391357 
241.328674 359.636383 
520.539246 306.100189 
415.160248 116.033585 
204.091156 296.575836 
102.982285 224.009354 
16.534355 557.803162 
18.162189 504.847687 
409.025330 194.725464 
253.118240 296.318268 
44.789917 95.483612 
376.078766 372.577789 
119.040161 474.992249 
247.664993 408.424133 
80.852951 56.897961 
429.544708 77.702377 
379.087433 180.082672 
269.768219 330.540771 
455.370483 479.431427 
17.293800 444.501251 
126.094124 535.404968 
255.897446 401.987305 
258.056793 62.736664 
62.504269 206.062561 
493.382843 522.554565 
272.385742 451.974091 
153.026810 465.697998 
402.233154 530.083069 
208.417007 371.132263 
135.400864 536.415344 
85.379478 244.661392 
437.190674 105.244545 
265.321106 436.834412 
509.285553 490.941620 
190.554169 394.154541 
128.941788 313.949463 
313.128845 339.269623 
57.328686 558.665466 
338.634369 368.197510 
499.933197 455.274811 
174.339859 125.106033 
490.182526 203.810364 
333.628296 220.458725 
538.382935 216.069992 
61.463799 510.940186 
29.035038 173.099945 
404.410706 72.824135 
143.182861 464.957153 
135.690140 272.965637 
35.997532 202.881180 
378.931519 221.693222 
59.883507 195.503525 
524.320190 460.173553 
77.606964 502.976471 
28.378729 327.311584 
416.971466 87.419533 
155.334503 450.992126 
102.435745 192.308975 
441.499969 393.105408 
447.026794 474.153931 
17.182537 391.416321 
19.731327 547.600952 
413.269440 246.048447 
402.228790 158.051117 
96.739243 357.240967 
506.125397 137.299225 
250.681488 450.085022 
530.870483 452.899536 
481.659210 495.238922 
174.392029 475.804382 
261.666565 440.571472 
41.837044 512.579773 
426.367004 116.395241 
465.835114 432.133942 
403.991119 381.359772 
136.451248 495.396057 
416.922363 155.551117 
269.390625 392.751068 
516.166687 442.742554 
85.265587 191.293625 
470.354797 125.505135 
421.268951 523.131165 
50.229095 435.414276 
58.831863 529.991455 
124.808151 240.286270 
454.090363 398.872406 
250.889923 434.716431 
157.346161 435.456207 
87.935455 235.786255 
16.907349 344.619232 
142.163651 508.007019 
135.226990 230.888107 
222.979370 302.452301 
398.048126 149.598801 
299.753540 396.647217 
72.754189 459.260315 
25.724791 283.763672 
470.800995 532.164185 
154.405304 516.454468 
395.289001 371.519653 
67.790138 226.733978 
18.106163 545.188965 
252.500336 189.328445 
46.705582 177.128677 
39.355633 370.301086 
217.094925 346.677246 
53.391582 357.382446 
506.219055 91.511429 
460.167236 496.472961 
16.595041 455.278076 
538.599426 456.608551 
371.439758 335.858307 
126.141945 501.587372 
519.715027 174.154205 
541.321716 544.454163 
206.925140 349.346527 
276.076599 501.268616 
95.564499 51.572685 
98.147652 578.613892 
96.754265 52.129295 
112.629135 331.416962 
188.742355 477.306580 
71.611046 399.032410 
414.132050 459.412048 
57.022160 382.065369 
120.278702 297.999512 
153.041016 168.644653 
518.481384 489.283325 
398.579620 226.181488 
147.661942 488.184540 
32.586906 163.488129 
433.904327 429.305359 
213.672241 403.569885 
397.195099 174.243103 
77.098755 418.883026 
155.199615 560.414612 
52.213932 366.525482 
235.055038 356.838593 
233.132507 548.814209 
18.040199 394.278076 
303.937775 441.551819 
36.634571 326.222626 
163.792007 527.425415 
451.064362 395.928436 
402.255402 232.135498 
247.919373 367.464264 
424.192139 155.141663 
182.623322 479.103302 
521.678650 133.116379 
528.795288 277.677826 
37.672268 403.037659 
510.536102 188.071075 
283.983551 348.425171 
137.645172 579.239502 
376.495056 175.628769 
113.188370 385.420441 
555.562073 534.800171 
352.729980 205.968948 
187.300354 521.196167 
192.921677 567.591736 
416.565308 402.270081 
106.461868 511.107422 
59.999516 449.908051 
112.568687 323.931610 
120.700966 351.651825 
542.141479 469.293823 
332.654663 344.013428 
119.846115 187.437439 
67.910042 413.845886 
352.289429 422.994446 
358.560638 468.304352 
321.525879 365.237427 
503.975800 412.880402 
129.920303 247.617630 
152.492554 529.841614 
19.890144 434.004730 
72.622490 332.382111 
306.946350 396.296265 
125.647812 52.537685 
163.570816 517.674011 
20.055067 327.133911 
93.282120 357.760437 
366.163879 355.554749 
54.298374 80.335945 
107.990234 577.453918 
183.483521 530.353088 
463.302704 396.719208 
104.295631 371.825867 
550.551758 532.796265 
539.316772 331.727936 
45.578987 298.498352 
300.504395 183.069916 
93.276947 446.102966 
101.049690 493.789764 
436.775116 78.215851 
480.314880 411.567993 
455.528870 266.414124 
297.076233 332.364471 
138.023300 351.183899 
428.357300 123.690102 
107.476547 483.280945 
123.162369 407.347076 
569.526855 456.864410 
467.179047 87.531967 
419.111145 69.733017 
470.478973 264.213013 
114.593369 278.169708 
154.411499 460.958649 
134.064041 299.739502 
484.027100 473.340515 
487.347168 520.209045 
212.982513 438.160736 
49.811356 303.373901 
400.359955 66.134796 
191.595642 343.819336 
130.339264 266.924774 
157.362457 486.174805 
340.155121 222.996201 
281.061798 185.697891 
230.749542 486.629761 
22.332880 282.918640 
310.463745 441.590118 
47.296505 302.110840 
507.059998 168.611145 
130.545258 263.733643 
537.584167 531.833374 
173.515350 523.528625 
27.649570 98.670181 
192.829819 168.679504 
95.337593 303.006378 
33.677578 347.475159 
370.178711 232.415237 
214.136780 368.939240 
499.156921 94.901566 
517.628906 217.855194 
440.036072 249.550110 
227.225540 354.077209 
95.389351 395.480103 
97.481148 499.011383 
108.234993 469.272797 
117.893837 420.101990 
407.130432 143.854462 
25.965097 573.080078 
423.934509 359.320007 
157.106964 185.907532 
391.013245 465.731049 
569.398987 438.930786 
233.692017 403.815125 
494.143280 432.897156 
272.501770 377.884155 
516.113464 250.847626 
524.645935 271.421265 
486.730164 466.735931 
109.230141 159.707367 
503.667572 445.652039 
504.275848 400.942200 
191.895142 293.789581 
362.100220 203.477219 
156.439865 256.435913 
230.055237 445.481689 
18.582775 373.557098 
521.737122 459.746246 
199.721649 348.585663 
84.129951 470.096130 
41.911995 203.865677 
373.285217 384.194733 
527.986267 218.906708 
169.934769 480.444000 
402.412018 163.820847 
247.383667 257.541992 
91.110374 250.787811 
430.052429 516.042236 
174.830566 71.175308 
292.199951 449.555908 
240.096191 322.354401 
185.316742 473.347839 
518.512146 199.574463 
248.791611 458.850098 
260.361237 218.090942 
104.898102 285.668121 
67.011871 369.729553 
101.743027 457.765045 
388.489227 444.841705 
110.911736 500.911743 
114.463768 464.367493 
559.628601 460.102295 
245.952667 420.799927 
83.602707 358.743927 
474.101074 92.659698 
84.824020 60.577576 
125.053886 515.053894 
477.524933 396.583618 
257.361206 437.289520 
493.112305 465.741241 
16.771847 181.410156 
304.686493 339.853790 
86.550758 228.204453 
488.969666 432.839417 
165.989029 73.971237 
110.445610 452.444946 
506.204773 454.567444 
191.627747 428.594666 
83.032349 429.153839 
156.961319 189.956650 
393.562897 172.197632 
157.472916 340.758942 
229.668289 382.372864 
514.715027 527.939636 
465.758209 217.016373 
200.818573 298.222321 
88.825806 500.507507 
399.712769 200.622070 
348.799194 227.057358 
144.658936 528.050354 
506.249481 217.251755 
33.658028 306.992004 
56.110229 349.670654 
523.995972 529.624878 
292.981079 452.555054 
577.101318 440.898865 
466.895874 499.824768 
472.589722 463.047821 
393.741150 540.958069 
344.811096 212.207199 
526.778198 467.977448 
16.885532 524.412231 
510.135376 492.425690 
408.101044 214.805832 
97.808365 417.452942 
469.278961 392.246368 
118.155228 508.874084 
157.200409 167.712769 
245.474777 427.584930 
247.101624 414.331787 
531.606262 416.992706 
391.524994 380.428345 
290.732483 333.977448 
135.423096 489.190765 
496.431274 518.567383 
271.156219 434.068695 
17.943581 19.142506 
87.612923 258.100220 
454.595062 82.039474 
187.282578 472.098694 
527.345886 178.976868 
80.587410 494.144165 
371.509369 433.922974 
51.920570 396.729126 
57.905609 492.100708 
336.221344 339.560883 
120.098038 207.988388 
18.761681 269.930206 
464.123322 261.009857 
86.637848 554.143860 
327.455780 347.677490 
465.860931 81.439194 
16.818581 282.993530 
155.584564 352.492798 
30.645575 280.403870 
437.834412 529.700134 
215.086319 254.416519 
55.705566 199.821014 
191.343475 157.735626 
518.331421 283.689392 
363.082520 360.916321 
150.764893 388.346527 
374.408051 219.735947 
282.442871 452.714142 
394.415222 237.932404 
235.740845 449.206818 
17.986710 385.497192 
19.034142 483.528778 
72.449280 356.007874 
96.125793 372.389069 
379.211853 483.763550 
377.591492 353.390686 
164.773087 473.521240 
24.684986 112.470802 
531.357849 469.425934 
423.937988 254.721878 
266.296753 309.371857 
439.188538 104.109749 
446.039795 258.184723 
49.694893 428.325073 
125.363670 527.889648 
183.200439 579.705750 
253.125488 423.642365 
36.591640 507.243286 
461.843933 270.404510 
135.034256 512.191162 
42.965836 381.522217 
264.388580 413.296295 
191.664490 416.438507 
417.955353 519.978027 
157.254486 366.543060 
482.187073 266.423401 
280.984680 305.175842 
125.217056 259.985931 
18.816872 115.330833 
521.078491 525.970398 
470.192505 517.922302 
64.410469 441.956299 
16.732161 341.509186 
193.403885 341.989197 
95.102356 181.683243 
437.769165 394.665009 
401.914948 115.667915 
26.312441 303.078156 
204.364914 374.291840 
157.079468 443.582001 
447.335144 502.819733 
42.376549 469.716766 
17.173059 417.041962 
523.514038 450.087555 
410.416962 128.888458 
99.804733 284.322388 
490.601074 247.697754 
376.168610 186.985626 
216.382111 365.002808 
461.463074 511.046051 
248.944397 430.960449 
534.187744 466.802277 
217.066833 202.661896 
396.969879 383.269714 
228.711426 352.986023 
130.539368 480.982422 
419.746490 372.420746 
154.758194 167.076508 
511.174286 478.288666 
407.910858 455.515869 
359.028015 578.598389 
90.019836 535.371643 
44.226898 422.892944 
193.741638 360.734558 
265.565277 444.832703 
109.936897 325.343048 
84.342491 579.791199 
298.704590 60.041592 
192.487289 386.731476 
471.861938 499.425873 
416.133392 467.238739 
53.855900 457.346069 
449.586029 97.509674 
120.306694 315.181000 
21.274757 112.445038 
516.508362 480.167511 
265.243225 579.879150 
389.579437 161.029755 
17.246742 370.839417 
525.299316 250.658417 
139.196030 529.196045 
145.431839 461.420654 
485.304016 525.017395 
398.171387 168.511520 
77.438255 436.949921 
151.639542 497.125519 
442.764465 435.811096 
16.585526 469.836487 
18.126099 422.826782 
412.093292 182.944824 
96.800690 240.876907 
41.039406 342.118866 
385.016144 520.642517 
84.945564 400.027527 
61.592693 377.698364 
404.621399 210.671982 
251.662537 301.990326 
314.921722 400.543518 
269.550568 227.554962 
227.253906 353.623505 
77.708504 365.708160 
521.396912 152.798096 
328.513123 461.429443 
309.789764 354.449829 
410.830566 400.862213 
90.551163 482.788025 
86.789627 351.641907 
489.495148 268.421631 
375.166016 173.901672 
109.598358 357.334290 
51.340561 306.432251 
226.266159 240.146774 
78.200775 210.233536 
414.834137 389.234619 
422.567169 461.464630 
59.367931 451.361053 
125.744461 369.931152 
22.100134 155.483368 
199.252090 510.957275 
386.372406 162.386215 
116.579475 220.314850 
29.792513 154.806992 
77.605606 61.854866 
144.383926 513.343994 
17.193214 443.446045 
319.599335 370.248901 
221.293991 559.847656 
20.029503 402.945648 
72.716934 392.193878 
28.517025 217.949966 
53.534859 200.762177 
18.761841 465.343201 
304.392120 466.268188 
385.666931 238.908600 
165.152252 503.917511 
97.834366 307.698608 
402.866394 206.106613 
146.271561 509.380920 
197.844345 512.755798 
423.063110 131.491852 
242.026474 324.369354 
474.985229 502.040497 
398.639404 463.571808 
232.659866 244.749741 
576.530518 297.843323 
416.680542 245.336853 
261.456787 310.161652 
520.073914 209.094452 
17.556009 574.104370 
409.205261 453.602264 
92.505447 431.062744 
416.487671 147.387238 
109.617195 410.119354 
240.905090 477.450256 
504.023102 181.283768 
78.696121 279.594238 
430.932159 106.605423 
107.017349 487.977875 
447.932648 88.938774 
388.091187 371.346497 
526.502686 123.622849 
474.262268 488.271576 
198.505844 481.499115 
182.475845 102.082947 
526.261597 207.293991 
17.129686 262.363586 
530.323486 502.967255 
488.820770 526.326416 
46.311768 323.584473 
128.696960 273.597778 
25.287687 270.800354 
71.983330 362.175354 
161.051865 481.388000 
495.749512 260.831726 
225.263779 456.247375 
514.902832 447.797882 
358.878784 345.806641 
100.320412 160.198608 
332.122406 56.970776 
45.551704 334.664337 
133.974472 51.765831 
95.174278 284.119324 
534.561951 543.893616 
423.349213 88.220345 
319.191650 458.045166 
463.506714 420.293427 
414.685669 187.491455 
263.500549 304.351929 
579.447632 566.696899 
282.868195 322.038422 
92.491478 469.297363 
447.283203 180.397736 
111.398727 443.404053 
244.590668 532.791992 
421.404724 398.767181 
102.348724 456.071655 
53.450008 403.184906 
525.028076 164.912979 
476.897888 436.862122 
157.106171 578.547241 
443.622772 111.789406 
271.687225 335.120392 
132.524185 463.012970 
484.792908 399.888916 
486.663025 494.926666 
221.290985 382.416931 
484.748871 458.955322 
509.915283 419.263947 
191.462067 369.623291 
127.947716 195.448730 
81.868286 394.964691 
161.417435 512.395203 
443.720245 87.183334 
223.184052 405.666534 
228.438065 466.662354 
19.343113 354.478485 
201.466034 357.468719 
89.421196 392.866516 
364.880524 194.054932 
64.469116 200.427856 
247.383316 261.077545 
321.979065 405.165985 
56.348007 314.538147 
243.741425 289.917358 
419.586334 159.682739 
103.832085 312.907288 
440.211853 513.363647 
237.914459 538.212524 
18.793503 575.814087 
411.802185 367.761322 
95.695358 416.779663 
100.531288 428.107513 
110.990753 492.224426 
558.793640 466.535126 
78.717270 341.735138 
425.539642 99.087708 
105.075447 402.496704 
125.564285 434.946716 
131.025543 437.993713 
255.305389 515.274475 
492.711304 460.509979 
17.658951 154.372375 
420.373383 136.022797 
136.588470 422.871826 
138.798126 487.569153 
264.074738 511.417725 
509.438782 469.472565 
131.331146 333.145660 
82.629440 411.126251 
193.062653 409.959045 
313.831604 323.707886 
156.464005 278.699097 
391.518768 176.042023 
233.996536 420.657715 
19.456047 352.411530 
516.388428 432.565460 
44.448921 368.153992 
40.815342 178.246918 
119.823959 356.209015 
64.316864 542.321899 
512.765381 453.505188 
138.916779 389.321838 
133.249374 161.733215 
33.365543 292.913574 
63.627773 72.023186 
55.476166 356.797424 
358.782654 206.319611 
306.096130 334.610168 
486.868591 511.452332 
463.293396 485.636139 
473.894318 459.438171 
103.069977 262.107910 
234.069107 388.466736 
16.647261 520.999512 
84.585175 180.030899 
496.963806 108.817368 
219.341949 80.669670 
171.024704 578.647888 
243.366760 446.367554 
383.864471 199.038055 
265.236145 370.537933 
392.256042 408.571808 
293.893616 352.393677 
131.610321 381.891663 
479.131348 420.753815 
255.519653 456.746643 
260.269440 579.825317 
492.645264 488.451813 
270.490082 438.117249 
119.969398 338.960236 
136.951935 551.672913 
87.151939 204.152664 
486.117004 413.756470 
509.945007 426.285767 
190.576614 452.396637 
130.272202 303.479553 
83.262360 453.732697 
415.058441 531.071167 
157.086258 212.733612 
125.483604 226.764282 
18.648918 198.193329 
85.129837 478.607544 
88.256393 383.046082 
326.654175 341.343628 
90.370888 69.790581 
351.920044 343.488617 
94.889122 220.218307 
428.670471 394.471436 
494.657867 406.651215 
211.986267 238.842194 
515.682678 226.930298 
77.727432 538.504761 
17.832453 202.242157 
419.489746 123.791740 
150.032669 394.439880 
440.813171 527.244873 
234.966904 426.697723 
16.724407 548.970032 
410.494720 190.622757 
256.660248 312.794922 
250.912201 64.475365 
388.708344 382.300659 
110.265648 579.039856 
117.559753 480.845520 
454.156525 510.786346 
240.572693 451.351715 
92.975006 55.556793 
82.440559 61.190605 
429.748688 80.276939 
267.909027 324.320160 
444.213837 255.689453 
259.411316 451.617310 
277.397583 384.233612 
408.284241 499.776581 
135.121521 505.931915 
45.435669 557.678711 
437.335144 99.613312 
269.378387 428.430939 
557.338074 465.511871 
505.838898 481.187408 
190.514221 396.432281 
468.049225 85.351746 
312.311005 333.539551 
341.486542 363.159882 
279.356354 319.398132 
46.294899 190.481964 
510.779785 521.337341 
143.810425 179.122360 
508.087769 507.263123 
16.502399 311.350281 
407.052246 81.986084 
143.501968 470.919739 
136.257935 240.687546 
33.925362 209.884521 
383.493286 225.995224 
401.742828 112.872169 
297.247467 435.064514 
72.021553 495.088226 
29.921829 321.363190 
471.157532 495.066071 
204.882416 346.370331 
103.556664 179.842987 
439.676971 396.011108 
390.333710 214.987213 
17.781517 411.254761 
18.136047 556.781250 
409.216309 240.580139 
101.553566 302.307404 
386.323303 532.110535 
116.334984 522.566895 
459.505981 531.240662 
143.609390 161.615616 
148.404968 180.060547 
289.862457 317.472717 
177.715988 484.736816 
130.061005 486.156250 
180.545395 108.653885 
259.624725 444.189209 
120.844498 579.083740 
274.781769 500.732849 
508.976715 233.366669 
275.964172 319.484650 
403.761108 388.954102 
145.033981 355.524933 
475.456421 154.597351 
19.250591 401.821686 
138.154404 230.977707 
365.214661 57.733749 
157.199478 294.024994 
412.827667 158.987030 
339.974213 415.299286 
123.762863 234.582230 
263.781403 415.931213 
476.299927 578.633728 
329.565247 558.476807 
510.810699 295.218323 
16.909163 361.134155 
140.645828 514.744080 
132.450562 225.072632 
34.354034 154.950348 
380.968933 363.656219 
99.532921 62.194664 
502.433289 286.719696 
295.707367 321.090210 
74.163002 455.457001 
128.184250 56.495056 
471.390289 524.071289 
152.628235 500.093811 
157.519470 465.711212 
497.460999 173.986832 
394.571411 377.321533 
238.423889 319.430634 
69.950851 231.107025 
525.110901 475.148682 
411.220306 103.766647 
254.142899 206.829117 
42.162777 181.563629 
37.096283 340.288849 
60.576218 346.246918 
509.226257 502.077972 
459.617584 488.319214 
251.864197 308.632568 
27.367161 381.362732 
421.761169 163.177826 
409.710785 535.681641 
346.895966 208.251709 
403.026825 187.874084 
174.705261 523.429932 
127.938278 508.585114 
474.810028 261.594055 
413.155853 124.013580 
258.397491 392.548767 
440.431335 371.746155 
88.818947 295.460907 
85.340202 366.727234 
330.190186 409.567566 
112.654716 353.654510 
188.791351 481.499451 
138.964127 271.850616 
80.731590 196.342239 
415.537903 390.150604 
312.861420 59.725628 
57.197327 386.061523 
120.366348 289.822632 
16.677567 315.346436 
98.812622 66.048515 
214.329651 344.400635 
231.267609 78.752792 
69.420982 472.580475 
142.425583 557.595276 
147.954254 480.606110 
31.536804 172.915421 
434.776672 468.597534 
318.972534 353.340576 
17.996632 266.244537 
77.456223 413.177460 
29.962029 335.784515 
157.020660 423.302612 
446.979279 384.039551 
239.056442 360.009247 
523.173401 517.824219 
75.669876 337.058624 
100.915245 265.958160 
37.933784 319.717773 
166.433304 531.093384 
122.710304 161.094513 
506.073608 142.955093 
457.453369 444.556580 
421.521973 122.565094 
211.310699 52.294437 
156.551682 324.033112 
180.823471 494.091278 
517.942932 131.464874 
419.101532 247.859772 
328.862793 432.310699 
43.168762 293.707977 
525.979004 196.627213 
93.709373 504.231598 
111.309906 383.264618 
81.651382 237.726425 
107.294945 518.384644 
58.631878 430.612030 
123.439957 345.865265 
525.824341 107.614883 
201.865860 487.195740 
471.179688 475.433319 
330.205536 348.419159 
460.976196 92.917511 
359.574677 427.487823 
144.852890 534.852905 
359.698486 203.665283 
499.002838 418.730957 
469.325623 273.935333 
495.521729 122.351273 
161.823471 551.823486 
339.954407 56.432880 
354.891083 375.769409 
495.993286 91.955048 
99.605347 224.728638 
166.878830 474.266876 
62.877434 239.535416 
420.926270 577.741821 
459.616425 404.728119 
192.808044 158.367905 
90.134918 360.147888 
429.610657 250.241333 
371.752380 362.300995 
184.270706 522.798279 
518.074341 277.739105 
103.728867 372.838135 
301.569153 176.422882 
91.492744 450.813416 
98.634224 487.013916 
192.786972 294.064148 
192.243469 517.059265 
428.506653 131.761902 
105.202309 462.039642 
474.514282 510.658844 
307.760437 38.183216 
493.681305 400.549133 
274.584656 315.335693 
118.193451 236.280640 
511.062622 420.732422 
354.405396 422.240082 
134.008728 456.258057 
485.324310 466.366150 
190.742310 350.205627 
130.710205 198.815979 
368.937653 507.942139 
161.736679 506.796722 
497.702087 287.788513 
341.984894 216.593597 
223.512772 389.060944 
23.107307 289.452454 
306.370941 444.340240 
88.025108 384.973694 
384.838318 220.822937 
168.170242 519.097778 
78.933685 72.378662 
192.872284 162.510666 
94.516174 307.331268 
33.852745 351.471313 
367.008911 214.140991 
289.751129 482.998260 
75.630653 255.315262 
463.396423 447.797455 
415.477173 213.948456 
105.171272 318.938019 
442.719086 254.861679 
540.568970 459.403503 
273.578247 578.257141 
94.422493 396.619995 
98.102013 447.637573 
383.213013 459.325958 
109.919144 465.643616 
115.399994 378.214417 
81.497482 343.855011 
424.635345 374.128174 
103.471001 436.024139 
393.004181 468.967041 
75.092789 183.403122 
476.028442 459.732208 
155.914474 340.534393 
493.305054 431.044891 
408.290222 68.696014 
116.060661 329.362488 
149.312302 383.008759 
303.306030 300.461365 
485.735565 425.410889 
491.036621 470.001221 
280.225403 327.819946 
190.707703 294.714600 
78.710060 415.221924 
459.728760 229.687241 
156.704971 248.171738 
232.065384 440.513641 
510.007233 419.765045 
198.761963 335.287384 
87.308350 464.196625 
39.984871 172.686737 
373.258118 383.743408 
296.006714 317.434570 
65.920387 223.664139 
396.352325 204.387909 
405.040222 170.344238 
132.169647 306.010010 
133.001816 175.235886 
522.750916 263.992676 
211.434555 224.258270 
503.805542 140.522247 
292.376160 442.692200 
73.772026 213.768097 
467.806763 489.860107 
415.170502 182.910431 
554.626038 554.972595 
17.470068 491.973663 
514.793213 488.220764 
100.803352 454.388977 
418.773254 163.103745 
387.114532 443.784637 
110.445274 518.091187 
115.839890 468.033813 
102.062370 443.797516 
243.239975 414.858856 
194.692520 580.286804 
78.632523 364.604462 
484.162048 278.869141 
121.799934 504.178040 
257.219086 430.174652 
399.065002 234.727432 
114.688873 370.081665 
16.864094 176.721970 
403.208862 476.293640 
302.923523 330.942474 
149.111786 265.230408 
45.131721 497.041992 
489.915924 416.962708 
509.677032 447.946564 
191.143188 437.281769 
79.976204 437.581604 
17.307869 507.732605 
157.075623 204.399597 
452.584839 93.675995 
394.575775 152.745911 
515.463562 530.957031 
42.939629 198.390335 
40.212990 155.695908 
453.987518 402.296967 
327.136993 356.092224 
103.674660 61.069031 
155.673645 344.145050 
30.807686 317.198181 
396.113739 242.706207 
580.137268 575.976562 
474.365387 88.216972 
415.921783 129.967896 
444.116150 528.626465 
66.527710 323.029083 
184.810394 519.920654 
97.447853 409.632111 
488.900696 77.353836 
221.291885 55.120651 
479.544922 278.212067 
246.242508 422.587769 
27.914902 157.613571 
391.463593 387.442535 
156.669373 305.876160 
130.734207 403.529083 
494.333740 513.912659 
272.272858 464.446259 
133.539169 523.539185 
213.790115 571.344666 
109.017197 238.398331 
450.420532 85.733749 
191.967346 383.032043 
128.342178 328.404358 
82.581139 477.740692 
489.441620 478.780731 
58.409473 476.036591 
336.511475 330.768799 
278.598907 316.606659 
124.461937 201.056213 
21.841471 274.982483 
463.588348 267.707123 
364.449799 213.033600 
47.414490 242.384109 
362.853729 370.769562 
284.012360 383.840271 
574.198120 438.879181 
352.852631 368.022949 
138.837769 452.165070 
136.340134 262.919891 
254.165909 68.039154 
211.444458 501.118622 
498.320038 272.131836 
297.197266 439.958008 
363.797455 358.783752 
206.367371 340.591064 
49.083359 83.035049 
441.822876 407.110229 
237.289490 454.894562 
17.425713 381.439880 
18.475660 489.107910 
255.292694 244.700272 
87.617676 574.718079 
177.451233 578.380981 
388.123779 405.457001 
249.829178 462.693604 
531.068115 464.560608 
424.618225 107.672432 
420.855286 247.202988 
264.860657 301.404236 
229.149811 362.665436 
253.723740 418.351074 
262.017365 429.309448 
284.691864 63.025528 
66.187340 580.161072 
458.565002 269.796997 
132.696609 480.457306 
43.141003 385.518372 
197.991608 371.654205 
108.357468 293.235657 
190.500107 420.717743 
194.805481 469.590820 
156.652740 293.320953 
236.455322 41.039986 
208.952377 480.179230 
65.129623 458.191406 
17.538380 332.892792 
348.057617 324.524872 
192.707642 335.806030 
146.649643 444.152435 
434.126984 385.309662 
211.075073 495.056763 
401.110931 136.292038 
75.165405 470.021179 
28.438656 296.854401 
155.245651 436.857788 
159.613052 460.122162 
442.622681 472.864838 
51.879807 103.657036 
239.789139 300.378967 
17.360420 436.289642 
18.664825 529.672974 
301.846893 396.921356 
348.228271 200.364197 
36.102169 354.706787 
171.218521 472.807220 
405.376892 371.804779 
142.330505 182.961853 
87.950996 449.821503 
535.415771 468.042328 
397.011200 400.423767 
179.792633 507.495819 
129.103897 510.343689 
417.916229 357.364105 
258.576996 425.565125 
37.435833 461.919128 
281.319305 438.050659 
406.346497 461.421295 
253.504517 578.465027 
217.266846 570.155701 
188.525345 559.224365 
196.038971 378.982269 
192.159760 93.536079 
49.862633 452.502808 
55.699871 391.958313 
449.573761 93.275177 
86.181740 70.385574 
482.246582 482.321381 
568.088318 555.652832 
519.832703 476.546906 
310.762238 318.321075 
205.047958 513.358765 
436.184753 76.679642 
389.870972 152.006836 
67.224991 453.435059 
348.488617 450.621918 
192.279358 293.898071 
145.903610 455.788269 
30.685030 174.414429 
320.057129 408.148285 
73.563347 430.782806 
572.316895 562.016113 
151.179657 476.578156 
157.107529 393.258270 
68.636688 204.647308 
18.096050 381.933716 
413.290619 179.198715 
36.967888 314.370850 
64.904213 371.751343 
101.050316 312.610687 
405.701416 218.338028 
139.915985 358.792542 
422.262421 143.768478 
215.973999 83.948135 
32.143929 94.953201 
184.395309 513.121399 
517.201172 122.019775 
263.810120 371.401550 
417.166504 580.371826 
285.344574 340.962585 
277.655029 493.245514 
246.024857 74.559113 
408.931152 391.802216 
94.869804 489.356079 
85.249237 347.482819 
62.504478 349.846039 
113.006172 374.197693 
190.969864 507.466980 
83.235962 217.970596 
125.278656 361.968109 
19.607204 158.095444 
311.102142 363.115265 
142.489685 578.750427 
119.615189 227.001312 
71.246773 445.815491 
134.914490 349.030396 
485.054108 476.712891 
111.098770 63.590172 
322.138641 328.922180 
531.576904 293.071899 
73.544838 387.411591 
27.028593 214.206085 
70.652061 356.195801 
150.509750 540.509766 
52.501549 196.075180 
551.432861 555.764099 
446.278748 411.821411 
225.960495 449.110199 
18.639397 473.181122 
356.966125 358.232056 
41.843014 296.324463 
375.847351 485.825256 
164.900833 508.633759 
65.939774 324.822113 
178.840286 107.230881 
147.511505 579.106323 
535.366577 482.472565 
369.791534 369.630676 
298.902771 179.404556 
498.759521 89.253998 
464.758087 430.700836 
230.559921 239.391693 
260.683319 316.113159 
327.400085 409.362305 
90.841827 434.194122 
500.415161 104.715103 
555.387268 509.476746 
296.350128 346.212677 
195.922852 489.917603 
429.431427 112.196571 
105.254875 495.254883 
409.870697 141.897034 
446.820404 80.939880 
121.714615 414.604858 
479.091095 493.387268 
253.183914 528.047546 
418.488251 100.056801 
334.606903 375.808746 
481.071716 128.615326 
118.879860 264.851135 
17.243580 279.656555 
135.786697 286.440491 
480.401855 435.283234 
296.794159 474.665833 
347.501251 364.858063 
191.722412 332.625031 
128.964706 277.966858 
361.208679 380.220367 
158.952316 478.418945 
495.354980 277.510345 
222.462997 394.588318 
124.278778 55.137302 
526.639648 198.633514 
358.981567 349.627655 
88.671249 403.361450 
204.657272 492.369629 
518.789429 528.199097 
508.364105 267.264618 
205.213226 302.777618 
424.888153 80.118263 
211.600769 356.668549 
502.485718 130.769928 
174.817307 466.906403 
526.914001 235.281647 
465.419586 402.928223 
416.817200 194.862854 
546.335144 510.774017 
287.049896 327.954071 
279.668915 579.591064 
91.693832 378.877563 
97.939346 512.731506 
379.624634 438.707733 
109.227394 457.431396 
240.987823 525.940002 
130.438065 467.035034 
148.018539 439.726349 
69.818062 325.924408 
425.580566 394.148926 
157.306702 169.676819 
122.046555 473.118652 
474.188782 439.252075 
123.318985 173.551544 
495.113159 421.555817 
271.287384 340.010132 
191.277603 66.753815 
17.754807 114.398392 
137.198502 437.113129 
195.348206 342.483368 
217.244949 473.832916 
498.110291 433.005371 
505.345276 409.953339 
191.326508 375.684296 
127.200012 224.405823 
80.510399 398.952454 
156.786575 243.473419 
83.060127 187.578506 
18.219872 365.485626 
203.792038 362.060181 
89.974182 460.063263 
116.822510 302.131134 
171.130249 493.381897 
513.890930 470.420685 
248.800812 267.767181 
90.099449 238.416153 
175.280090 502.450195 
213.887527 350.195892 
396.023102 375.834229 
74.497475 229.899933 
416.996887 139.433533 
301.210907 326.655457 
442.842255 517.558472 
237.621399 543.911133 
16.856821 480.271271 
19.940617 579.261292 
356.898865 186.040848 
147.749924 167.871994 
112.350052 488.646790 
47.109589 479.288818 
243.147003 388.335083 
78.263039 366.747559 
107.680344 411.256866 
24.214153 309.431946 
73.231079 157.595123 
257.220337 518.615173 
471.184021 427.692230 
275.057251 381.666931 
169.541977 475.403748 
17.632765 170.531250 
243.930511 536.436157 
87.858986 220.283844 
378.635071 171.111862 
269.222168 507.914734 
498.046753 477.250732 
