324.168365 456.589294 
63.875416 407.363159 
50.185787 501.721680 
211.135300 403.583344 
87.985832 440.849457 
77.098755 418.883026 
28.189262 338.408966 
363.782288 451.269104 
156.309967 404.457733 
238.876816 358.600281 
18.167845 394.934326 
56.146324 362.084595 
251.899796 371.015991 
17.343584 515.912354 
99.609200 382.184265 
111.590912 544.239990 
117.964859 444.858521 
342.811523 416.927032 
37.672268 403.037659 
286.728760 348.939880 
58.130981 577.986328 
95.207329 498.161957 
332.061035 449.147430 
261.970428 513.710205 
191.501144 516.707214 
17.291092 523.887573 
421.772858 462.030121 
103.602135 513.579956 
54.022575 444.682983 
110.082817 322.981812 
346.864990 384.533051 
490.883392 395.892639 
204.479965 386.287689 
188.744110 460.052094 
317.709106 366.216461 
349.643951 423.040649 
358.371552 468.848633 
144.934464 541.046265 
86.940681 492.726685 
284.529419 457.582642 
159.805862 555.200134 
579.653320 487.744263 
18.967951 432.097412 
182.506134 486.915588 
311.766296 397.627472 
296.344025 473.834747 
577.052612 458.770844 
154.918228 400.548004 
33.959263 396.294342 
17.585762 569.572388 
19.931168 518.614075 
254.718979 309.585602 
260.546204 327.037750 
100.996964 495.127655 
122.883057 534.564148 
110.066376 414.138092 
256.566071 412.938477 
209.419678 575.153137 
276.239746 383.307770 
421.652954 424.665466 
125.669968 402.118866 
190.686249 404.857544 
192.114075 442.420349 
79.900261 503.069275 
549.242920 550.194397 
157.265457 359.915985 
215.905807 441.786102 
191.516449 346.952637 
542.717773 423.626862 
64.627129 431.994934 
17.513390 329.581573 
193.258270 349.219788 
208.572403 440.312134 
47.948074 300.456787 
295.487518 414.593201 
173.285461 527.043884 
157.222656 429.985016 
238.553085 284.360626 
17.573605 407.573547 
98.795914 389.229431 
289.259186 487.366577 
366.195160 392.934387 
260.193909 275.839935 
267.666962 279.603363 
100.113777 502.656067 
291.161102 580.477417 
129.751373 492.927887 
118.162712 421.549774 
270.879272 506.227905 
280.483704 435.611389 
105.391220 429.537781 
44.367172 413.491455 
120.110855 456.372681 
268.636780 380.118896 
68.560272 392.085846 
252.603592 477.218140 
25.722351 272.699219 
192.487640 397.236267 
270.550812 377.250916 
51.943493 468.305511 
338.001068 413.638245 
200.800751 386.624054 
63.477356 387.050415 
17.062054 359.687805 
353.485748 445.065887 
192.314880 357.606293 
42.998684 365.219391 
214.638290 568.995483 
201.459045 353.865845 
295.179352 388.996704 
74.110825 445.258453 
27.215633 368.684692 
205.746643 203.443451 
156.470673 388.726776 
73.563347 430.782806 
224.097656 554.800476 
18.018900 413.520996 
240.427902 323.803680 
181.805450 470.930969 
61.284950 362.009399 
247.376785 315.864899 
25.374950 469.894867 
31.057217 518.985901 
17.539366 493.589691 
97.832100 459.699585 
230.485352 318.036530 
258.437744 333.283356 
110.077698 499.636108 
106.521561 400.777069 
122.225456 512.225464 
335.618744 414.735901 
324.296143 462.948792 
271.669739 414.373291 
106.756996 555.223389 
112.364365 455.770355 
190.519943 429.698608 
335.026276 315.043701 
68.762413 430.766022 
433.305206 467.387451 
16.528809 543.993408 
199.195175 297.661865 
76.878517 405.491333 
134.251862 579.164917 
152.067291 551.271606 
371.475281 351.238983 
19.961853 453.489380 
273.527466 502.551208 
578.528625 439.531067 
469.677155 466.599030 
313.002686 462.515228 
401.183838 450.006683 
384.826385 452.610718 
67.388344 491.510742 
116.568596 506.568604 
251.076813 418.758118 
530.660828 416.450439 
94.192566 510.645538 
288.870911 335.502747 
141.830505 525.221924 
108.516991 399.675171 
280.850037 413.294861 
103.473824 503.421204 
136.546585 530.952393 
154.918655 430.890717 
206.584290 398.650055 
51.920570 396.729126 
19.202614 266.241577 
571.792419 437.282837 
62.876301 505.493561 
16.818581 282.993530 
205.126541 455.731781 
30.528221 278.106659 
20.038376 448.248291 
311.609406 461.165741 
290.721344 412.685638 
191.858719 161.482559 
77.905502 441.676025 
30.271629 388.538940 
19.734520 483.924683 
256.567719 318.983795 
28.127712 362.952148 
218.523254 308.218689 
116.962944 548.124084 
107.409897 356.893555 
224.953613 350.080292 
305.217163 580.338501 
90.291405 456.857269 
97.499496 483.320160 
185.954620 578.157532 
39.311424 289.837463 
241.317276 541.826538 
120.844582 395.201813 
265.182709 409.776184 
155.646408 376.191223 
179.716461 494.413452 
156.442078 371.262756 
216.417236 393.520630 
345.228577 338.227051 
191.649521 357.924164 
197.801910 341.411255 
86.521706 381.096222 
72.022644 475.287415 
208.601471 372.803802 
157.328522 442.453644 
238.998596 295.625305 
16.921795 417.055695 
240.443359 314.846466 
387.410400 477.770966 
222.351135 299.505157 
94.105713 405.037750 
45.235271 579.425842 
125.998146 577.484924 
258.801361 418.399384 
83.835144 348.312317 
407.102539 452.826141 
390.602264 451.103088 
46.259857 421.100098 
88.111313 580.060181 
195.753601 388.416748 
571.175903 576.905579 
336.626251 444.094879 
18.381903 330.468292 
473.214691 396.909485 
324.899658 330.130096 
67.661888 375.803619 
17.107033 368.967468 
196.634048 299.272278 
148.937988 460.863037 
202.872101 337.943939 
87.721291 436.361938 
579.603027 552.276062 
63.503342 529.923096 
152.418137 495.691742 
157.498688 397.308350 
392.343506 345.309021 
18.454826 425.896637 
56.496658 370.076904 
375.994690 399.501984 
64.198036 376.188293 
174.308334 560.250366 
577.069824 527.958984 
313.576385 400.644348 
534.503540 423.839905 
71.762299 385.192444 
182.027466 520.207275 
118.413353 429.504822 
354.970703 464.029785 
63.941002 459.893677 
402.972473 448.812073 
87.209473 351.552460 
177.827301 578.841797 
110.822838 359.706085 
53.869152 310.134583 
193.516602 535.567627 
421.328308 461.205933 
59.469913 454.937805 
290.330566 291.453552 
268.225494 485.656555 
202.571320 510.984100 
190.934692 443.055511 
79.530952 463.203613 
68.354187 441.923309 
50.528198 524.596191 
56.645081 514.066956 
149.618820 514.428650 
567.286072 579.024536 
218.616592 563.145325 
85.508987 515.208130 
578.960327 514.538391 
328.985565 373.356415 
361.269745 426.578705 
18.761841 465.343201 
55.133854 336.080780 
293.192963 393.627228 
298.324646 474.124359 
163.445114 500.636505 
205.365372 301.634949 
66.766495 326.274048 
214.651642 307.151306 
231.344604 245.135559 
388.080322 391.416962 
38.991314 383.208130 
17.866722 572.801086 
264.759033 337.065460 
412.159790 455.153839 
124.546120 554.911987 
129.971756 413.833771 
113.250862 412.105164 
124.186417 423.573914 
557.367004 478.455109 
200.981842 481.953918 
191.776489 385.001282 
76.808212 580.321350 
83.323433 485.065582 
17.391712 263.167328 
359.727753 446.771637 
18.185764 278.613708 
535.243835 440.684875 
88.738121 564.503723 
406.934906 416.546753 
284.292084 385.892578 
17.253502 294.791382 
143.530228 461.830444 
100.446442 376.394775 
172.181641 545.758789 
445.543610 484.316772 
467.011902 383.461853 
17.977961 399.110168 
319.696655 459.819641 
190.572342 419.428375 
100.021736 360.078003 
216.923126 295.711426 
379.051422 437.593109 
127.087944 550.686035 
116.653725 402.016052 
245.490891 533.977051 
103.039391 460.293152 
49.410789 405.130219 
566.643127 436.049469 
552.099731 436.957245 
155.538269 364.634521 
292.816193 389.451141 
52.940418 440.363312 
339.620056 378.096588 
483.866394 396.076447 
202.632980 392.307220 
191.554886 368.454498 
579.135010 575.810547 
60.000000 450.000000 
17.876070 350.957855 
348.054016 320.923523 
197.691696 376.674164 
428.064667 463.542175 
22.317722 356.054108 
295.975891 393.340607 
579.910522 538.794800 
156.585648 450.623810 
57.084801 313.969086 
223.516754 558.773438 
16.650055 429.389648 
210.175583 343.344727 
300.001038 391.969971 
107.677887 451.324127 
39.108395 373.056763 
219.726257 348.715546 
171.451614 467.148712 
451.078125 441.503998 
29.535744 394.258575 
239.013199 537.933472 
19.334637 573.332336 
96.697113 426.815369 
231.637802 317.755005 
127.882309 517.882324 
134.378571 467.545715 
403.691864 463.250671 
95.747406 548.407532 
88.224075 356.273987 
219.541077 564.478210 
456.223694 377.426208 
55.909832 398.469543 
338.579224 436.080688 
265.460663 511.984528 
306.054199 325.854797 
208.648651 529.243408 
80.321365 411.560822 
69.765480 456.601807 
52.213127 509.530853 
579.327087 518.014221 
232.433136 425.601135 
515.710876 409.864044 
43.045689 366.456909 
577.278809 493.582397 
48.087593 374.810211 
445.775391 472.539551 
228.179413 555.510620 
20.017471 389.198242 
473.120422 459.449280 
17.478182 516.224365 
400.041809 449.401276 
233.239426 297.153778 
389.551086 472.583435 
173.140945 579.720703 
260.101135 373.993988 
41.107304 410.262634 
264.713806 371.427856 
93.801277 495.001312 
292.959015 351.961090 
321.867706 405.753510 
493.161469 486.707336 
106.605949 532.424622 
59.649666 442.007690 
48.922745 415.735168 
506.660339 427.969147 
190.701965 452.790649 
59.240711 501.994446 
551.195374 438.658203 
503.115051 402.074524 
577.090088 503.040741 
327.845642 339.234406 
19.919937 431.904480 
356.377533 365.545197 
66.267044 379.552551 
579.205078 465.244141 
61.927425 318.014099 
155.467010 390.342010 
209.518265 282.691589 
90.968704 353.364166 
32.519714 392.200195 
370.294189 377.052551 
130.246231 580.342285 
391.461212 443.547089 
40.095013 394.121338 
327.247528 407.232880 
46.948578 432.158722 
207.816879 577.235413 
278.724335 385.229431 
105.167381 474.003571 
345.807007 446.471649 
120.486107 408.251007 
253.871445 525.553406 
205.603149 423.712616 
191.681793 396.645020 
192.104019 449.635773 
275.122223 329.340424 
17.835430 270.621399 
156.181625 362.041870 
277.151306 320.453735 
213.203354 435.904419 
503.165436 400.541534 
191.543167 336.141174 
285.426971 401.038086 
16.502399 311.350281 
140.867950 468.028809 
578.870117 485.722076 
222.181900 397.324066 
232.420654 497.597015 
18.485596 325.075500 
190.824799 184.188812 
209.400894 342.091309 
156.819702 432.233490 
17.982861 408.784729 
212.896500 364.618225 
177.647980 469.615417 
91.241074 387.546234 
101.574448 507.545776 
174.004456 481.348022 
165.546829 577.575806 
117.837143 419.735748 
174.227203 500.233093 
24.821085 579.870789 
47.443794 406.799316 
378.553345 580.494751 
155.453857 353.997192 
192.760849 450.602509 
16.643414 278.997375 
52.237282 426.417114 
58.222095 417.958588 
338.233948 417.239899 
561.609741 431.790985 
199.806213 381.960815 
17.544697 360.393738 
193.481506 364.332367 
230.704895 430.778839 
22.033447 370.144043 
198.796143 343.972443 
86.320541 451.560059 
77.628288 451.577087 
24.065395 374.319611 
159.726273 462.601135 
33.276287 358.334564 
18.004547 404.963928 
303.674957 407.248932 
466.970337 451.220734 
27.367161 381.362732 
236.651276 547.179688 
71.188568 365.120239 
413.459198 356.666992 
128.566544 509.755066 
109.766022 506.374695 
242.648682 380.204620 
438.981628 368.421997 
102.592125 390.733704 
445.232056 373.841339 
330.228516 412.190765 
113.139061 353.129944 
199.277267 580.465820 
258.015991 522.268677 
194.877960 413.460876 
64.592026 579.897766 
20.074738 349.671997 
269.264191 503.804565 
294.200531 580.168335 
376.207458 580.377319 
317.315216 306.589111 
433.062836 468.403198 
212.451859 410.907837 
342.558594 318.307617 
377.661591 473.235809 
365.705414 449.567810 
75.487450 422.544128 
22.350159 399.832031 
311.486267 411.769531 
579.225647 447.681061 
302.042267 357.685913 
461.841797 447.401459 
17.047705 533.126770 
255.156998 368.102753 
76.869164 341.819519 
119.027847 498.322357 
249.038620 531.364685 
94.871246 506.510315 
334.798248 452.301788 
259.381439 520.799377 
245.539520 493.862366 
115.758972 351.517517 
58.797188 430.503540 
44.037796 526.561646 
211.293579 288.011017 
75.578758 401.798004 
80.163918 488.783386 
312.944183 363.566620 
144.852890 534.852905 
421.526154 382.661865 
18.609608 262.345459 
203.969360 454.072540 
87.062576 491.642883 
17.168915 290.985840 
156.166611 546.166626 
18.344215 438.818970 
311.545258 455.809784 
579.085388 450.503082 
173.137192 563.137207 
442.869415 415.579224 
31.412365 381.192902 
17.997086 560.594055 
210.471405 284.177948 
229.315262 216.204758 
163.494705 465.490906 
453.158905 476.246307 
240.862000 292.264374 
537.546387 419.751251 
268.592285 315.021210 
142.024460 532.024475 
542.236450 432.083038 
103.059952 464.608612 
344.146698 437.027100 
268.663391 415.240112 
284.012360 383.840271 
190.734406 408.019745 
568.797424 438.632660 
83.716843 504.273346 
465.004913 405.056763 
157.058517 372.240051 
354.301483 425.067719 
279.312439 285.074158 
212.340408 444.307953 
16.986286 301.790710 
361.217255 468.375275 
190.641312 352.534210 
358.333984 450.740540 
285.141083 412.275238 
63.460224 445.476654 
17.023024 323.048889 
353.082581 362.461975 
195.272858 342.644867 
86.829239 387.295868 
78.620544 580.453491 
208.151260 356.767761 
192.376831 165.165070 
387.826599 365.839539 
30.480446 352.374725 
17.949375 420.934265 
19.393044 569.332764 
181.227905 480.118866 
289.376434 484.485565 
464.971039 445.173798 
260.914917 276.340271 
161.052322 578.946533 
261.345856 411.033112 
40.664383 493.933228 
277.957275 426.511627 
105.481567 436.401978 
204.564972 466.076630 
186.992050 548.586182 
193.481781 392.321014 
52.167580 462.886902 
57.897995 402.046143 
78.710060 415.221924 
64.872200 383.301483 
17.487091 373.937683 
350.363190 440.649597 
197.770111 301.249512 
215.484375 523.758301 
216.895554 510.463440 
199.083496 335.669067 
86.238075 467.609772 
579.107300 562.279419 
285.579254 486.455231 
157.203812 381.138519 
18.649303 417.408691 
303.353394 415.368561 
323.200928 309.228760 
181.784515 467.696167 
162.682053 549.191589 
115.992149 579.731323 
404.432068 350.844543 
246.041321 294.900146 
297.225128 294.541443 
317.987061 404.653229 
210.480881 451.757111 
435.129181 372.625549 
330.826660 580.220337 
118.062744 473.459534 
36.090302 428.731934 
197.315414 579.520813 
103.038544 383.193787 
43.547005 460.110962 
125.738121 506.926636 
463.851532 391.108948 
437.825836 408.818146 
190.803772 437.133759 
82.596420 437.538513 
71.952042 434.443909 
48.246197 530.721069 
519.501038 413.499084 
202.885910 302.059082 
376.830811 452.991089 
373.021759 434.815979 
18.555286 459.802551 
300.289154 471.828857 
292.021820 396.514099 
37.219475 285.998169 
61.701141 317.846405 
155.016327 421.193481 
251.794373 365.291412 
579.642151 565.097290 
315.731140 460.343811 
73.241264 360.807892 
154.612000 579.626587 
36.227398 389.316284 
248.981812 420.606750 
327.526978 448.813660 
35.033669 580.337708 
16.797009 576.159424 
412.296539 461.819305 
90.029457 516.669373 
127.443642 405.731018 
109.868233 395.157410 
295.138885 354.481110 
102.140961 505.522125 
133.539169 523.539185 
343.125000 455.807495 
212.482559 573.528687 
204.084045 394.963959 
191.756622 379.585876 
75.564766 526.504150 
17.927423 265.101471 
48.931858 394.070618 
355.517151 443.486176 
18.010597 274.617554 
372.016327 394.910339 
87.827370 551.025024 
29.157387 279.924194 
572.651367 438.941589 
351.544037 370.029694 
228.774445 515.871948 
18.044750 310.966614 
309.834503 463.312592 
292.144867 402.743805 
191.208298 164.809509 
190.107773 580.107788 
209.227051 340.839691 
17.237404 378.386353 
19.262672 488.424805 
88.571014 573.347534 
386.542419 405.366852 
221.650620 300.677460 
102.759026 360.848938 
94.647530 465.753784 
97.345215 478.469421 
174.683090 491.617249 
184.450912 574.450928 
257.482544 414.237000 
262.515656 430.355103 
244.215088 537.505432 
69.896851 580.430664 
49.330002 578.231140 
267.896393 407.057495 
553.146606 438.208405 
155.013016 358.900543 
191.345047 425.676392 
192.771973 470.873169 
285.472229 580.377747 
354.720276 387.089935 
220.315460 387.424896 
190.735504 360.768951 
580.024292 579.932617 
68.543289 369.414185 
68.988457 506.981293 
196.015808 334.977020 
384.899261 440.049591 
18.042004 305.603058 
296.175964 411.859589 
579.865784 544.311401 
155.424500 435.433350 
156.188019 456.207062 
439.344757 470.440796 
236.159882 302.660736 
16.533815 432.131683 
210.891388 341.724670 
57.130898 310.685425 
243.703491 296.658234 
169.340973 469.190399 
380.109680 401.619232 
577.039673 528.026733 
226.166794 303.325012 
21.005630 152.512604 
116.550728 390.920776 
263.765503 421.913177 
547.243164 436.358093 
43.911144 430.799072 
125.556839 441.686371 
130.097122 429.138245 
217.023239 570.353394 
196.967560 379.936127 
272.402405 395.488800 
106.434227 577.326599 
340.472015 442.874603 
81.991074 403.900146 
60.687675 394.548279 
67.224991 453.435059 
349.865601 450.264587 
143.528168 535.731079 
19.697968 343.015991 
89.536865 427.871674 
322.705170 408.118958 
579.954102 550.367615 
24.377026 351.601196 
157.186539 395.819855 
16.922064 467.010651 
18.385376 380.089905 
56.671825 374.073059 
39.626259 312.826660 
252.156525 365.068909 
233.550079 300.345795 
74.450294 359.928650 
534.953430 561.689148 
263.995361 371.088623 
278.364166 495.730499 
265.145142 374.176575 
94.560417 488.853210 
16.562027 330.823944 
263.633331 501.446014 
271.817810 411.106842 
415.225372 419.430054 
45.939655 505.155548 
310.883301 360.528839 
138.336563 576.800171 
191.477448 445.500244 
81.902008 470.219299 
71.689156 445.354034 
58.948677 521.992310 
336.459167 315.266235 
323.110046 329.717010 
89.712051 485.921082 
577.169006 509.913452 
327.787384 371.753052 
111.826683 578.623596 
150.509750 540.509766 
228.315063 293.865417 
447.577148 410.410034 
428.946899 384.533417 
210.509399 280.912170 
359.145081 354.033112 
236.600967 313.852936 
229.267929 354.667664 
294.721985 481.348541 
576.878174 471.172424 
460.850525 423.680115 
144.210373 578.848206 
315.891846 449.969391 
322.447998 445.173553 
230.749023 310.118896 
326.262604 410.526642 
91.222977 433.397095 
329.572968 329.276367 
38.696827 533.205566 
279.008453 417.135162 
107.804184 494.048309 
304.233246 466.511871 
343.273438 440.138184 
123.669891 418.168854 
209.219589 404.185089 
190.980453 395.648468 
80.440651 515.695129 
371.248352 453.005432 
156.827728 343.745270 
240.900696 361.150146 
203.267761 430.620728 
88.308723 559.685608 
191.290009 334.167908 
25.354176 268.912109 
61.263950 515.300964 
16.506752 317.778625 
142.745743 466.803619 
429.978271 429.339691 
18.323921 323.391418 
18.664825 529.672974 
77.836273 499.371643 
27.619797 324.922089 
155.926514 454.843170 
458.064636 381.750885 
303.745911 396.096924 
445.339294 474.974182 
16.835566 390.023621 
18.047756 549.188538 
315.720581 326.520569 
176.591873 467.855225 
216.227112 289.243561 
287.861206 327.010651 
45.550018 443.129883 
39.555000 356.219543 
92.329552 381.059723 
233.064148 375.834869 
130.258270 552.225586 
115.359894 412.299377 
107.296623 440.696167 
44.065475 397.392334 
19.541664 501.872955 
221.689575 477.303497 
554.701172 428.864777 
205.894821 457.578613 
82.494759 532.257080 
51.037472 436.112061 
57.278969 529.653015 
340.983368 421.135315 
191.714020 374.010315 
16.536552 347.699341 
192.332886 366.688232 
18.779572 363.300293 
86.119614 457.214111 
294.596527 401.396118 
77.935860 459.397125 
171.938461 494.527069 
32.632378 373.358978 
16.600096 448.735260 
18.106163 545.188965 
104.079201 405.230011 
219.611023 347.072144 
250.475372 325.526428 
239.741791 544.462585 
17.584446 485.725220 
19.869127 577.979126 
378.647461 389.183807 
47.476040 479.164886 
230.948181 353.259399 
80.830833 370.091736 
277.150299 499.699371 
413.951813 420.126160 
394.522552 446.275604 
96.230042 579.870178 
130.278793 466.768463 
257.314789 517.297424 
451.648346 377.796112 
551.681641 580.403320 
275.351685 382.424774 
417.399445 458.565125 
49.616810 423.362823 
269.672333 507.783691 
