NNstart
5 2
neuron 1 0.000000000000000000 0.000000000000000000 0.000000000000000000 0.000000000000000000 1 0.000000000000000000
neuron 1 0.000000000000000000 0.000000000000000000 0.000000000000000000 0.000000000000000000 1 0.000000000000000000
neuron 1 0.000000000000000000 0.000000000000000000 0.000000000000000000 0.000000000000000000 1 0.000000000000000000
neuron 1 0.000000000000000000 0.000000000000000000 0.000000000000000000 0.000000000000000000 1 0.000000000000000000
neuron 2 0.000000000000000000 0.000000000000000000 0.000000000000000000 0.000000000000000000 1 0.000000000000000000
neuron 4 1.000000000000000000 0.000000000000000000 0.000000000000000000 -0.535324466664029441 11 1.000000000000000000
neuron 4 1.000000000000000000 0.000000000000000000 0.000000000000000000 0.247202748547868167 1 1.000000000000000000
connection 0 5 -0.138648861618083319 0 0.299999999999999989 0.100000000000000006
connection 1 5 -0.414900389227504052 0 0.299999999999999989 0.100000000000000006
connection 2 5 -0.407797486711199197 0 0.299999999999999989 0.100000000000000006
connection 3 5 -0.271673854566958695 0 0.299999999999999989 0.100000000000000006
connection 4 5 0.141608024547625333 0 0.299999999999999989 0.100000000000000006
connection 0 6 -0.539196230256555720 0 0.299999999999999989 0.100000000000000006
connection 1 6 -0.514320709982104995 0 0.299999999999999989 0.100000000000000006
connection 2 6 0.176481133874729856 0 0.299999999999999989 0.100000000000000006
connection 3 6 -0.308136686360527101 0 0.299999999999999989 0.100000000000000006
connection 4 6 -0.495222525436069150 0 0.299999999999999989 0.100000000000000006
NNend

