79.169670 443.711945 
546.743164 349.906830 
51.659176 499.636597 
390.533905 180.380051 
511.396576 538.475098 
516.147583 429.533813 
86.489708 441.806152 
377.312012 377.001404 
529.682129 64.502289 
379.166779 241.866989 
210.575790 203.501099 
574.662048 539.078979 
470.164368 454.588684 
237.863480 391.755524 
256.333191 375.165985 
454.334534 524.661804 
245.234253 439.801605 
58.130981 577.986328 
391.367096 394.243561 
288.040955 345.187805 
230.984146 62.254631 
253.509918 452.913483 
270.430328 448.238831 
302.136169 356.721802 
47.512848 521.702454 
489.984283 395.698151 
265.402618 462.168396 
508.223450 519.354736 
81.674973 460.305176 
366.060974 444.796448 
339.811218 350.724976 
47.505611 374.524078 
203.636322 469.758850 
89.939285 497.362335 
385.882721 64.337601 
351.994751 361.307922 
431.606445 401.733887 
210.291992 245.749649 
211.276779 576.928894 
476.938812 16.627382 
363.777679 374.090302 
441.623871 532.603394 
239.999191 435.325378 
252.556732 311.102386 
377.188782 336.731964 
348.354614 49.592010 
246.022751 399.727081 
530.031006 436.622681 
264.123596 319.417267 
66.250046 456.828552 
125.795067 535.455505 
521.389038 59.473907 
257.818787 409.478424 
263.546234 457.807404 
40.209885 540.176819 
492.245605 534.533630 
278.390289 379.808960 
133.122787 500.119385 
454.797150 61.401093 
19.508675 392.903046 
357.377136 232.409149 
336.348572 355.018707 
278.302917 292.168396 
16.736971 327.277313 
197.353165 351.804199 
378.247620 229.936218 
212.340561 475.072723 
539.051880 132.146286 
245.994766 257.204987 
24.564487 317.424255 
439.436859 381.171722 
236.430450 287.831818 
17.573605 407.573547 
526.307678 441.436707 
377.269409 223.401840 
220.418152 376.308746 
580.451843 545.099121 
248.107742 443.071228 
530.727844 486.421814 
293.446442 310.256409 
343.233765 355.514343 
548.007935 464.836517 
403.518433 394.462341 
302.403839 59.398544 
42.824821 413.875122 
269.653656 378.874390 
429.140411 202.378387 
505.661011 531.277283 
337.992126 413.635559 
17.537645 294.426117 
205.668091 508.406036 
542.051147 92.934326 
17.062054 359.687805 
454.504730 16.765125 
197.403610 354.322693 
485.125885 534.998718 
432.832703 410.914703 
215.924713 569.318726 
294.097504 389.095032 
76.611160 446.590363 
209.524445 201.477493 
393.216400 357.173981 
223.330841 556.568054 
522.133240 483.644135 
454.966492 411.919403 
353.751251 37.837914 
249.922913 312.902100 
535.952271 444.832153 
178.312805 533.298340 
517.000000 143.093201 
541.953308 553.699036 
442.130951 372.070221 
543.973877 475.907776 
225.682617 51.875656 
333.003204 414.497131 
552.619263 569.098450 
559.961731 518.974731 
286.152588 349.248840 
414.602936 397.034912 
55.339996 466.725006 
564.230469 529.435425 
475.077179 532.968018 
25.590351 579.581055 
574.837219 548.927917 
251.228821 44.636147 
484.094635 495.130280 
432.668671 467.041504 
322.704346 333.122589 
347.733978 329.766602 
127.545128 99.358154 
95.531425 503.881439 
152.192444 548.801147 
236.585754 369.138153 
221.650253 193.912720 
535.372498 487.885834 
367.555450 351.147614 
400.071075 451.176971 
233.114365 276.943207 
72.622490 332.382111 
541.035889 491.870544 
551.899170 546.136780 
91.029884 514.441956 
141.830505 525.221924 
557.427246 522.312683 
423.920013 427.063080 
104.889816 501.247345 
569.480591 18.090122 
466.286713 55.272785 
306.723969 337.816681 
433.927490 402.724365 
332.448273 359.902557 
273.975922 304.154388 
146.609207 532.203491 
486.087799 537.708435 
212.530365 458.215698 
112.502899 84.281357 
503.268066 420.695160 
223.683563 504.726196 
224.439087 471.747192 
20.038376 448.248291 
219.528397 250.322205 
461.113342 401.766205 
197.929779 155.828384 
373.468323 378.713226 
226.817429 213.649033 
369.841064 202.117355 
56.289314 68.492317 
501.252686 64.356270 
183.581680 540.419189 
260.872742 291.632477 
107.670334 357.894562 
284.024170 307.249512 
70.561676 57.105324 
208.766327 221.923859 
91.746399 456.656158 
100.067360 484.182678 
552.000366 484.719360 
298.618683 320.632263 
420.099609 388.841705 
102.961647 468.212463 
292.407349 63.052567 
334.961273 344.562897 
274.772766 343.485992 
17.543850 113.297653 
485.711853 458.514038 
321.945679 54.718529 
500.231079 464.471436 
346.843201 340.463745 
191.443497 356.310974 
316.558289 366.370361 
227.407379 418.894440 
232.500305 451.872070 
514.418213 453.009369 
358.183624 326.754669 
246.570572 78.370087 
397.002136 347.100159 
244.654968 300.956726 
549.058838 490.529297 
227.998260 297.600037 
90.432579 404.917572 
42.480110 579.510681 
421.469727 367.217682 
158.633057 101.927025 
456.921234 478.682007 
289.789642 67.495514 
474.983215 462.557922 
533.683289 445.139679 
495.827637 447.088898 
570.057617 579.522949 
481.958832 419.921204 
528.785706 32.113178 
50.205261 519.684814 
228.347946 410.097046 
514.172241 422.674103 
203.522736 341.091827 
87.387634 437.552429 
388.595215 360.609070 
270.002045 51.382439 
60.278168 529.226624 
536.822632 279.031830 
210.651993 232.292557 
243.219788 307.536163 
382.173950 402.467651 
224.586212 314.597778 
513.526062 111.303833 
334.532166 578.559082 
101.860428 398.212158 
508.800964 31.206032 
106.636665 384.530579 
174.823212 580.000305 
579.667480 16.798443 
475.549683 409.519440 
254.342590 448.473694 
325.581482 347.418732 
302.627594 352.704468 
490.656891 423.373688 
399.197968 56.606537 
506.109711 441.444458 
83.319008 464.488403 
50.554592 522.096375 
59.065491 513.993164 
517.810852 319.350464 
230.891891 392.106415 
524.392883 308.965973 
286.573090 443.146729 
407.751251 28.182417 
535.163879 320.694916 
291.906006 391.227325 
295.975555 476.166565 
415.341736 133.333542 
207.696915 300.198364 
441.454041 538.944702 
224.093735 258.919739 
70.411301 327.954773 
254.848175 305.068054 
487.977020 58.301983 
372.815948 355.058441 
217.569138 50.592251 
245.659042 464.152374 
141.264740 103.885429 
115.342392 101.031113 
579.528687 23.722725 
543.424438 443.232910 
494.301208 530.223572 
271.974091 469.274841 
267.263550 443.534241 
502.307526 540.371765 
191.810211 387.859009 
82.300919 483.261169 
317.133362 342.049988 
427.201935 464.883698 
280.701508 311.299500 
18.185764 278.613708 
379.164215 348.056091 
287.902649 387.270844 
572.452026 449.491638 
402.203033 66.878761 
239.218323 456.474365 
214.667511 506.304382 
298.196320 446.451935 
76.884422 509.672150 
365.262299 351.099426 
442.750183 410.200226 
223.842697 228.770447 
17.896006 401.550995 
525.257568 421.129242 
339.074249 456.384430 
199.649872 180.243912 
457.310608 540.135254 
532.695129 457.648956 
264.445770 296.221832 
288.125336 325.420959 
517.130493 31.871820 
263.951965 436.731201 
276.840851 450.523102 
201.936707 529.345642 
557.953857 432.315186 
507.006042 547.863953 
186.806152 527.188843 
532.127869 146.311783 
471.499664 57.969528 
312.884583 16.898571 
48.256950 442.685638 
340.138245 378.632843 
565.424744 521.440308 
517.043030 537.886719 
205.332642 477.208557 
60.000000 450.000000 
16.510914 350.845093 
405.724731 65.443024 
193.556747 373.078583 
90.420334 101.963387 
536.451721 335.463593 
435.525024 381.524078 
468.902985 28.604637 
295.013153 392.288757 
580.474976 537.261658 
572.004211 553.838257 
206.851868 197.105408 
394.985535 192.222717 
236.473587 309.584259 
16.650055 429.389648 
522.126404 466.805695 
302.959259 394.950104 
37.326561 373.780396 
219.600006 349.084991 
405.705078 376.471710 
246.617340 323.473938 
27.077135 393.199432 
536.743408 453.885437 
401.987549 390.567749 
177.141663 536.185181 
544.798645 524.721802 
548.974426 439.412079 
226.104614 55.972912 
402.908386 466.541016 
88.139465 359.460846 
433.311676 169.288391 
559.490112 478.649689 
295.231445 51.278183 
414.274139 455.751434 
281.252167 342.183655 
292.300049 580.320435 
311.782532 329.537781 
572.249084 529.009277 
476.803772 302.142914 
193.065430 287.643524 
436.507751 433.428680 
216.989319 497.096680 
287.517822 437.516022 
75.944351 421.389252 
364.575562 459.654022 
209.367111 223.422867 
156.510101 413.925903 
446.130157 473.305786 
229.382477 553.833130 
18.123253 386.203949 
303.244446 445.709930 
220.794586 214.608780 
454.429321 384.178070 
247.036667 292.554871 
537.834900 519.445740 
231.451797 297.511780 
261.595215 377.415619 
41.107304 410.262634 
286.669281 345.622650 
222.747375 75.344284 
573.947327 21.875887 
514.076050 63.534534 
413.834442 384.774445 
92.166412 496.677094 
99.216110 544.819031 
330.956421 443.993347 
19.926727 459.502655 
195.884766 526.904724 
419.926544 424.234009 
59.649666 442.007690 
19.770660 20.802277 
202.784454 502.717285 
332.634827 341.516571 
23.337708 561.481384 
391.433411 98.395569 
484.497009 521.053040 
322.583313 355.303436 
231.992111 386.457092 
547.883728 21.666410 
444.977051 407.560242 
236.574249 201.414261 
18.540070 427.713928 
358.692627 363.160400 
219.459900 266.162048 
61.927425 318.014099 
74.848763 463.866394 
458.502899 417.309875 
251.156311 330.115784 
538.963928 560.008911 
371.991760 375.249420 
345.725037 353.616913 
129.332367 579.459473 
464.669830 391.416046 
261.505005 318.280975 
540.234558 510.975464 
550.390564 526.491211 
326.366272 406.507599 
100.214622 551.829712 
335.429504 480.661987 
553.922546 502.678223 
295.457489 348.334045 
70.789764 539.888245 
253.974228 525.104431 
440.937958 129.946472 
270.701843 328.205688 
16.559574 274.631805 
257.316193 284.321350 
485.429596 430.367462 
502.984863 401.258728 
342.353912 347.158875 
190.601730 337.125397 
472.956024 312.053192 
549.196472 16.510952 
229.972885 494.145508 
515.726196 437.390228 
307.846771 434.655609 
386.870544 228.050690 
195.802399 176.705688 
285.974823 288.611603 
534.406799 530.517456 
552.527283 357.376099 
178.733627 468.143372 
467.198486 412.590424 
307.940125 439.920898 
546.931763 521.124512 
226.910980 372.489594 
515.258240 28.840649 
88.285912 62.677876 
164.420441 580.287537 
236.693542 84.869179 
149.850510 88.111786 
17.314186 579.300964 
260.373566 579.779053 
495.262054 414.945312 
237.674393 453.876343 
379.079773 39.936386 
502.536377 438.231354 
507.509277 407.700134 
191.316223 287.643707 
472.765717 297.173279 
18.281960 368.398560 
200.609528 345.628784 
88.145348 452.574982 
275.558167 56.812531 
249.982727 74.057297 
215.295731 212.443420 
399.216644 367.749786 
244.871658 327.619720 
467.685028 451.231049 
470.200714 417.375336 
269.277130 50.491276 
494.989105 16.557230 
234.236221 550.354675 
17.759071 477.079895 
411.821686 354.085815 
97.245644 466.125488 
140.632080 542.614441 
377.058289 54.589375 
61.728573 95.307465 
240.478577 379.639160 
448.463257 376.434021 
258.648834 439.101532 
477.068573 391.233765 
201.360046 579.629883 
65.605309 577.876953 
305.547424 323.591309 
241.272339 360.869507 
490.001099 430.393738 
163.914185 69.281441 
509.726440 456.862671 
295.464844 579.932251 
81.060478 449.898590 
85.743286 445.240387 
519.002075 447.393280 
89.115944 508.542328 
541.709717 67.198151 
331.030121 139.409805 
269.923279 45.190384 
579.130188 446.676910 
227.757828 245.101868 
259.946136 61.797894 
117.880035 502.562042 
240.046448 434.799896 
250.233994 529.101135 
532.441650 425.029510 
85.008575 59.960892 
228.550385 56.080154 
273.364136 431.191986 
47.123901 524.367859 
264.401367 456.936127 
165.341461 63.017170 
186.032043 464.502808 
313.480194 363.558807 
339.520050 345.414337 
18.746754 260.173401 
89.998184 490.030426 
540.053772 29.451191 
326.169586 352.412323 
16.649519 290.124908 
348.436890 357.120544 
137.217499 106.440376 
534.446289 299.249573 
299.567322 454.373047 
576.817871 451.283142 
365.197937 368.904449 
239.763763 438.951141 
255.333160 325.213318 
45.614605 113.196800 
437.885986 253.333298 
377.120270 335.588776 
221.004272 313.282532 
504.812988 62.931976 
532.649292 431.537201 
371.265839 39.482952 
268.083710 314.871613 
127.631821 530.258667 
516.692566 26.709370 
252.529953 405.145630 
260.129425 462.137177 
36.314259 537.305298 
285.947083 50.270782 
530.835022 69.799164 
132.937897 517.445984 
266.812866 419.407928 
485.175201 59.923119 
81.987030 506.491730 
471.960327 51.205635 
279.829437 287.562836 
572.124512 439.514648 
88.120934 544.158630 
36.114960 79.483772 
65.819618 444.510742 
16.803749 323.396912 
197.030548 347.814056 
435.456085 399.714233 
213.462128 481.677338 
186.837708 96.559982 
208.439850 354.543976 
156.418884 444.497131 
439.884644 387.214874 
236.601471 288.892395 
16.761265 421.360748 
526.039734 444.801208 
198.960953 158.143005 
116.114532 539.687134 
533.645264 480.127533 
511.553314 58.759293 
396.594604 385.365356 
178.320877 518.703552 
417.050323 367.712646 
549.993591 473.926971 
544.578735 484.086548 
408.796326 540.006836 
44.542339 417.487610 
191.897964 167.068298 
505.098816 522.437683 
57.897995 402.046143 
234.160828 70.349663 
523.652832 32.632980 
519.606018 521.757019 
348.137177 443.577637 
196.889709 300.227814 
484.212158 533.125305 
383.197266 375.395996 
221.950928 512.171326 
578.323975 562.227905 
531.033630 245.165894 
468.884949 536.837219 
260.422241 44.241837 
391.556213 365.219055 
224.272507 491.864349 
17.700998 453.833405 
522.278259 487.555328 
541.763489 278.657928 
217.219299 228.549774 
452.827515 415.686035 
403.660095 350.919586 
247.403519 299.876465 
532.807373 538.073792 
534.675598 430.775269 
314.553619 403.267426 
400.917084 414.833130 
229.769653 292.260437 
92.607536 476.422577 
377.008759 102.244247 
418.841675 383.101227 
41.937523 441.412354 
388.216736 406.321655 
307.404449 300.698151 
379.014221 370.241394 
270.097900 243.645889 
68.701218 437.065735 
141.581528 564.149109 
144.582901 516.667664 
535.074585 87.325874 
318.730469 340.645477 
217.781342 565.274719 
400.768402 16.862869 
265.748718 56.265903 
104.956238 83.260529 
447.615936 398.497772 
279.816925 57.144852 
89.467430 469.842590 
526.462036 530.926575 
255.112320 153.047440 
245.850601 258.657562 
166.434433 540.418884 
577.118408 565.388489 
538.332336 494.189484 
230.469894 272.595062 
154.164352 579.869934 
540.964905 507.146057 
325.721832 445.627594 
69.421471 68.152542 
411.942810 456.045959 
91.830673 517.528625 
96.195236 566.482483 
556.031372 518.096130 
294.943970 354.358704 
251.711517 580.064331 
104.952904 506.960541 
478.044525 485.416412 
541.265137 580.054260 
17.660263 266.625244 
538.951904 131.804749 
210.944824 464.593445 
217.192657 524.011780 
400.147705 45.454163 
18.158028 412.780884 
361.619385 390.511322 
104.658478 52.523201 
232.058197 512.015259 
510.112488 438.217560 
359.198517 341.764282 
190.107773 580.107788 
169.861725 547.220581 
460.646210 391.009735 
534.803772 534.607605 
368.520203 209.583282 
215.379456 298.490448 
228.042450 230.024109 
181.141235 536.126770 
466.741058 418.426453 
262.646057 298.183044 
102.463432 361.006805 
549.767090 501.532684 
283.038483 314.512238 
69.866798 61.124447 
515.078491 31.929375 
90.991249 464.145477 
96.351242 478.534210 
555.420898 475.303955 
407.058380 414.506531 
298.811035 327.614563 
483.457397 302.842468 
422.270966 378.360596 
291.591248 58.961147 
575.829407 31.289087 
474.526398 426.976379 
155.650772 359.855957 
493.023315 413.307739 
285.942169 579.703674 
17.510830 105.452866 
526.942871 479.236755 
355.709625 388.112183 
462.576141 528.776794 
534.418396 99.511581 
486.744507 490.329102 
427.605957 362.374756 
503.785522 471.081940 
504.216187 424.332550 
191.592621 361.459686 
569.476440 462.389313 
236.750961 269.687225 
233.545227 473.394653 
514.386597 461.376984 
409.055969 62.693588 
85.559738 396.432709 
250.087646 281.668549 
25.164858 403.998749 
368.006622 248.755066 
211.110397 341.276031 
215.854477 570.918335 
471.067993 413.188690 
262.867065 242.447128 
551.493164 497.748932 
430.595825 392.807404 
515.548401 146.160889 
413.128754 377.953552 
563.611389 436.430481 
522.921509 549.819214 
152.741074 40.815887 
493.802765 440.844818 
304.239624 315.358765 
485.924072 409.927765 
221.254333 442.648926 
325.090393 341.540833 
367.552338 394.161682 
52.979164 514.401306 
231.620453 403.890045 
513.856506 407.969086 
520.550171 462.891968 
86.372902 428.851807 
387.320007 358.769196 
562.200317 22.627983 
288.663330 431.627106 
191.821899 169.859268 
472.826782 391.266083 
235.799408 378.758545 
17.304863 502.535187 
580.326233 579.227356 
433.981110 364.649261 
111.561493 528.204407 
506.430420 28.245289 
264.941376 375.530548 
228.145813 49.333210 
479.035919 415.518066 
256.992920 438.397858 
305.328217 347.182251 
429.921387 429.776550 
507.555481 433.762085 
79.563454 469.649780 
51.707947 569.630066 
341.128662 317.870636 
385.592010 379.361176 
434.998657 389.782135 
36.297218 115.311623 
284.386047 444.411926 
407.915039 257.771454 
351.530212 349.338745 
132.249878 98.934387 
537.121155 329.748474 
289.987762 386.622742 
463.857422 542.050659 
209.648453 297.239685 
391.225037 259.617432 
238.272995 420.130432 
256.006744 295.381104 
47.115093 91.909599 
388.004669 384.542480 
115.323296 478.685211 
531.362305 439.148163 
250.231812 413.039459 
83.723259 59.312134 
266.571259 331.903137 
120.442680 547.104614 
252.053085 397.479950 
40.120247 532.853210 
275.490021 454.233459 
266.985016 435.164032 
284.916107 467.279510 
450.685608 53.653687 
82.919228 514.300903 
313.679474 340.871826 
243.894409 60.061626 
518.615479 547.194153 
541.148743 147.629776 
16.677567 315.346436 
371.083374 396.585266 
253.886566 67.073746 
422.423706 28.340736 
379.755737 219.998413 
213.572800 510.192871 
552.088135 16.538483 
190.520782 175.893631 
580.360840 382.174500 
530.771057 206.641022 
364.370880 342.084137 
207.492935 353.417297 
439.994415 394.323334 
445.882019 474.006592 
237.714371 465.446869 
207.124573 579.874390 
411.705841 249.697647 
96.220306 357.749054 
372.782349 215.986237 
540.064453 452.717163 
241.678101 298.893951 
247.898560 450.371643 
438.767487 69.630035 
367.867493 60.791645 
268.610260 290.085449 
293.362091 322.213409 
229.546066 372.697845 
150.365189 91.225349 
551.358398 453.580566 
281.781555 468.609161 
402.142151 383.998444 
132.986069 494.359314 
189.634583 530.017273 
52.770901 437.950317 
57.472179 530.196167 
235.632355 53.887394 
516.216919 509.706665 
209.153198 493.420380 
386.191711 36.927696 
65.581657 470.620697 
571.749084 401.878845 
193.214890 369.008484 
538.060730 338.712555 
379.083221 355.741364 
223.836273 269.527679 
18.587063 312.107239 
241.156616 272.247192 
473.637665 531.697815 
208.263321 186.364410 
393.991638 371.920410 
235.662384 312.538300 
17.661779 444.024750 
18.106163 545.188965 
544.413574 251.234497 
246.826630 328.097046 
533.569763 505.145325 
397.012604 411.203125 
179.157730 544.035156 
519.654053 179.096741 
543.714050 544.033447 
550.802612 449.745209 
226.723221 499.905579 
86.563988 377.580322 
374.489594 101.940498 
248.997284 405.731415 
454.560181 376.911743 
297.890930 35.510498 
417.724579 458.527252 
346.688538 419.149841 
209.073318 526.932312 
544.634033 137.494965 
138.095490 539.845520 
244.383057 398.125732 
66.870079 464.449951 
143.845917 549.522339 
435.594910 431.924194 
323.953735 343.554016 
280.352905 49.923233 
568.596558 16.667990 
305.783234 439.895874 
310.897247 402.797852 
542.227051 206.050156 
375.522736 250.707977 
166.413132 525.108887 
455.973969 392.031250 
536.146973 503.341034 
59.761475 37.910629 
261.078064 331.072571 
37.672268 403.037659 
273.361389 580.376953 
413.697266 382.162506 
135.608261 578.362061 
332.496399 448.152466 
237.480438 407.205688 
562.777649 526.136353 
423.394257 462.880493 
59.744980 449.679352 
388.313660 98.218491 
150.315796 533.707214 
102.030243 55.056431 
551.746826 25.791939 
225.117294 433.010773 
230.235321 506.984100 
524.460510 552.602173 
359.956696 368.824249 
309.580780 398.974091 
42.341766 70.799896 
541.521240 330.980255 
460.958069 409.890228 
90.929466 359.923950 
35.954750 399.425171 
370.643555 357.799347 
232.224304 249.409210 
467.565063 400.255524 
262.415375 324.928711 
51.784512 111.316490 
548.868347 528.889343 
94.497765 444.837158 
98.511459 497.200409 
552.153564 497.813080 
294.978943 331.795990 
421.274414 422.228119 
106.495697 485.914215 
569.515320 461.802826 
479.298431 508.021820 
271.207214 308.321716 
495.690887 174.389160 
460.821167 54.997128 
155.261826 459.097046 
265.208038 579.756592 
399.373413 66.297188 
191.088531 343.347229 
391.263092 64.463371 
222.631180 381.362610 
230.454102 488.826508 
514.620422 462.411316 
201.719894 187.014542 
47.324417 302.045868 
236.563370 470.163849 
173.534103 526.316772 
507.942535 256.820099 
193.482605 169.835312 
425.297699 43.212185 
211.261368 368.578369 
365.158142 104.994812 
515.620789 154.896393 
93.778999 394.845276 
97.578590 499.253021 
489.368286 155.895935 
558.663696 440.280151 
565.092041 439.370667 
205.126678 468.479645 
496.304230 434.021881 
456.940125 16.559464 
538.372437 172.459595 
499.268982 447.236847 
191.572159 292.232666 
27.217041 115.137550 
361.316467 521.773987 
228.526642 444.669159 
18.498131 373.714233 
516.375000 456.797668 
201.219574 352.139160 
96.372589 101.588493 
389.897614 376.459381 
274.128204 64.054504 
246.104340 257.414337 
331.533356 133.403046 
212.871887 218.223038 
292.533447 447.916107 
244.305252 320.100281 
472.255859 386.088562 
16.774000 495.728394 
409.178772 353.523865 
257.408234 330.430359 
96.944305 459.398621 
110.911736 500.911743 
83.923126 358.221283 
444.556885 371.523529 
99.448174 505.689545 
478.162384 399.670929 
254.546021 434.462708 
406.849457 518.289673 
303.544128 341.905792 
490.636841 432.286316 
508.891998 453.952576 
313.257477 302.652832 
51.226997 537.664795 
392.445068 171.409286 
258.999176 447.093842 
520.148132 440.877289 
203.610840 298.082642 
87.603951 498.445343 
542.464661 87.133049 
284.805878 427.758514 
197.155945 279.514862 
293.501129 451.819275 
241.151550 376.432373 
576.522217 440.996979 
464.369598 499.244995 
472.761475 464.425751 
53.180779 34.050045 
224.145401 271.402557 
17.619659 524.460510 
255.673447 293.934418 
113.007736 553.897705 
451.070862 534.283264 
250.717896 416.176392 
395.275452 378.784424 
288.063507 333.099365 
253.962555 465.697754 
275.399963 434.349487 
133.550003 529.471375 
42.862133 529.714844 
264.941071 454.058472 
500.486908 532.824646 
561.259583 574.138672 
472.077972 16.587234 
317.766418 357.036163 
59.223827 496.410187 
340.022827 337.331818 
18.370968 265.165955 
574.410583 436.826111 
386.083069 49.522141 
286.495453 472.333618 
16.993748 286.989685 
303.001282 130.857758 
538.930542 303.405975 
462.792114 16.631952 
191.288513 159.816864 
580.297974 397.978882 
470.924927 521.926514 
232.869995 301.150360 
235.925858 449.815582 
17.724842 386.817688 
410.717712 268.881470 
256.729187 318.296387 
46.938599 118.398483 
372.103821 351.562866 
217.729980 309.732574 
115.917549 551.153076 
509.320251 59.729469 
533.263611 472.612122 
265.401611 307.595886 
292.089142 290.620453 
185.954620 578.157532 
255.634827 425.645508 
284.350555 59.707443 
299.405304 456.752991 
556.468750 447.451630 
277.165405 305.205170 
565.399292 508.490692 
414.308258 42.885090 
60.788815 438.925201 
66.917679 503.412048 
193.035507 340.523956 
534.647949 343.611023 
433.080688 391.235107 
215.730148 490.570496 
404.491486 236.654343 
580.123291 406.049133 
529.577209 228.267639 
414.311646 16.762615 
544.687195 100.983215 
238.009644 295.712494 
16.642586 415.515778 
522.736572 453.421692 
252.340012 280.386200 
217.335083 365.218842 
407.479584 365.500610 
83.881706 99.570503 
400.681671 381.180603 
578.749207 93.038071 
415.717346 373.929718 
259.545502 414.668152 
276.907379 448.416321 
406.196960 451.890320 
91.544365 535.746521 
47.497772 425.605225 
296.103302 64.171150 
279.932678 332.048004 
18.391861 108.941628 
198.616943 566.677429 
204.422012 518.516479 
196.161407 298.277832 
538.620178 28.564766 
218.094666 506.988800 
577.617432 556.370605 
253.157730 76.484871 
208.358994 214.268814 
441.059814 435.405426 
391.000824 344.532623 
227.709396 494.483459 
19.520782 421.186279 
300.723145 435.584686 
542.259338 275.178345 
372.202393 242.023163 
216.799301 226.093994 
453.399994 420.168671 
78.709923 81.455772 
248.382919 305.696686 
533.205566 530.416626 
538.219238 434.311096 
314.344391 401.681702 
289.433014 207.138336 
516.967285 153.024719 
208.942459 91.196938 
545.524292 564.497620 
286.231995 334.573364 
277.875488 475.438904 
402.989594 449.855042 
413.521057 397.190521 
92.054932 480.569855 
200.136642 516.266479 
108.956055 359.282379 
555.236267 552.519226 
562.965088 508.562622 
415.921570 387.842560 
422.337494 461.606781 
57.142773 451.254700 
568.840210 545.802063 
255.567352 578.483154 
68.232399 441.382690 
539.121521 68.160545 
487.620880 580.062500 
318.296234 367.218170 
221.898987 560.311523 
191.395447 190.723648 
528.778076 291.748413 
365.871002 430.783508 
153.144226 536.535645 
447.530365 392.375153 
223.304306 441.202087 
525.389038 534.980347 
359.726807 209.958878 
216.947220 279.988800 
539.375183 478.739868 
212.188293 306.142670 
263.962646 307.924744 
542.044678 498.776917 
325.986938 442.508057 
17.612335 573.379150 
514.500061 68.946304 
94.971985 427.342468 
516.930237 424.392029 
554.980164 515.557678 
561.911133 547.463196 
105.385872 487.415833 
86.182419 484.969849 
331.039734 370.618378 
272.469849 292.085388 
17.485096 262.629089 
483.229126 443.229980 
486.479736 522.308167 
212.443146 471.760559 
400.170441 63.675907 
223.564941 457.415192 
233.134125 481.018433 
510.881012 447.422791 
356.173767 345.442047 
354.682220 39.892731 
221.622421 234.290741 
522.428406 418.504578 
212.584961 305.658936 
231.849823 225.113525 
466.821442 421.155396 
262.547943 305.967377 
551.263245 506.337128 
283.561829 323.839386 
515.050537 39.025913 
92.881836 472.997742 
99.346855 517.173096 
380.518219 437.485291 
377.052307 16.781807 
208.372116 573.577209 
294.257080 311.234863 
425.252716 396.266083 
289.233948 52.341705 
565.824768 436.195679 
475.463776 433.731995 
493.453857 402.570343 
274.430389 333.666992 
503.209961 429.677917 
505.601746 419.718140 
580.280273 573.729309 
236.009949 274.570129 
233.705612 467.008301 
21.448929 114.021927 
199.347321 354.317139 
508.948914 329.227325 
246.643707 261.220978 
535.384399 200.869812 
323.392181 406.528259 
56.452415 312.224213 
400.851837 359.964935 
243.478317 289.965820 
470.985321 402.275055 
226.713699 283.351837 
412.102905 369.043335 
91.784081 419.776093 
383.442200 380.277435 
109.276459 493.176117 
247.744934 475.741821 
317.771423 448.119019 
371.401947 135.937561 
113.388779 353.113831 
16.637951 340.657043 
308.556091 49.857208 
493.407288 461.069519 
489.521240 441.544189 
26.816437 91.571663 
314.791046 321.592224 
49.973576 508.023712 
514.525818 409.573486 
521.644165 433.570068 
380.916321 338.408966 
373.702759 456.701599 
31.821453 89.507637 
62.428444 73.782585 
211.968460 194.664627 
470.508240 456.315430 
237.257767 387.974243 
307.805389 579.957642 
169.427780 579.350159 
243.789627 446.003998 
430.339874 41.632271 
393.774414 409.180939 
291.482788 352.358673 
522.369019 65.105988 
476.224335 421.100037 
252.677246 457.353302 
497.758514 491.054260 
274.183105 440.765350 
46.884781 515.618896 
488.106384 408.866241 
266.374481 470.960693 
509.973755 431.260773 
532.750854 74.451958 
515.106262 546.961121 
516.693604 414.698303 
545.137695 16.929688 
282.452209 453.064911 
348.826599 344.928650 
536.365356 308.595795 
503.645508 202.361588 
401.881042 250.991409 
466.073090 526.974365 
238.050735 431.805847 
253.816528 314.232544 
432.334198 217.716293 
374.263336 369.088226 
108.714767 578.367004 
360.191589 214.275681 
242.956955 450.443787 
247.567749 395.672638 
79.036209 62.732094 
266.462097 327.574158 
74.974518 78.766136 
519.856384 61.258026 
259.082977 452.832123 
40.499088 526.342224 
495.953339 542.847961 
270.890900 458.153229 
265.407745 427.572937 
313.018646 334.539734 
336.266663 363.003265 
278.909698 320.303406 
87.324196 528.390198 
543.477173 141.942215 
335.456146 226.278732 
17.377974 306.795624 
532.316650 477.003906 
347.339691 214.241287 
190.845718 180.797958 
531.529114 203.839523 
470.738617 492.114014 
204.509399 343.045166 
438.434631 398.442719 
478.235321 495.515686 
226.876022 217.681839 
523.581665 437.370697 
487.461853 16.687458 
373.545929 233.352661 
456.518005 530.036926 
250.829010 457.753204 
81.756912 103.458504 
290.367523 316.811554 
229.631912 368.565674 
152.203674 99.127266 
548.381348 461.247467 
279.994568 465.753296 
24.655180 17.406158 
402.153595 386.728943 
305.283997 63.099350 
22.205275 107.734200 
188.416077 534.257629 
16.837152 279.703278 
54.810612 416.745972 
339.983093 414.098572 
527.950806 23.735310 
40.602604 26.681505 
574.672607 404.583435 
192.180099 360.788879 
536.199524 30.106615 
381.024750 362.667450 
542.256897 203.091064 
18.761841 465.343201 
241.174194 268.619446 
77.084305 454.223083 
530.807373 257.790131 
417.147827 37.914383 
209.886993 204.334076 
157.629974 462.935242 
393.768158 375.824646 
236.253006 321.647644 
16.559864 443.871582 
19.382959 405.686554 
248.263077 310.972443 
533.484436 503.885681 
536.624878 443.917633 
265.587158 244.132065 
178.073380 523.380737 
518.616577 146.911133 
543.076416 537.374878 
442.382904 370.689819 
410.084137 417.312592 
95.724091 558.366760 
96.354698 570.717773 
330.228516 412.190765 
234.562378 399.412415 
558.205994 510.345001 
190.953171 484.900940 
418.725769 392.450439 
159.096756 63.203239 
345.301666 420.386353 
429.609406 386.100952 
566.423035 559.744690 
210.804779 343.886658 
349.625580 384.383514 
141.518845 554.812500 
436.313080 468.275848 
217.839203 484.595490 
208.709351 234.411499 
445.028015 387.955322 
18.589565 397.701385 
200.762283 277.793518 
46.159237 30.972664 
39.900139 322.199524 
387.646790 256.723022 
221.233414 198.151413 
450.321228 397.828857 
250.234070 373.474701 
528.990967 554.167603 
537.679871 505.618958 
72.564079 336.381683 
516.973938 128.184860 
263.965576 336.541840 
544.921692 492.838715 
70.683388 103.883446 
93.463081 508.192749 
559.309021 531.207397 
525.101501 105.907150 
307.324219 330.898041 
67.563202 416.556763 
349.330933 418.683929 
358.834076 426.817688 
146.202637 536.482910 
33.583992 114.444252 
381.969391 64.447350 
501.851898 418.327576 
197.258316 180.201523 
447.340607 414.327545 
229.676941 498.150543 
357.787994 372.610870 
65.152557 460.837463 
221.507889 256.622772 
456.590729 405.084473 
193.128311 159.934692 
34.000973 382.631256 
369.444183 362.566162 
523.898804 430.484558 
309.076965 448.248566 
466.378510 383.347656 
260.784393 287.694611 
51.261791 107.200981 
234.662567 477.178436 
92.037086 454.854706 
99.808998 487.291626 
139.196030 529.196045 
219.521164 184.661118 
554.162354 487.967499 
295.204681 336.710297 
522.493958 145.928375 
479.994659 514.236267 
495.556915 399.149902 
275.768738 314.537079 
219.343933 289.356964 
357.768982 425.224457 
539.149719 113.851837 
191.946915 351.549530 
408.011230 257.683167 
390.463654 45.958210 
226.826202 388.819244 
230.636398 459.904327 
513.907837 469.274445 
203.279694 193.089661 
169.341385 516.210938 
192.097992 167.324951 
226.869049 370.172363 
292.972931 480.862854 
160.458801 580.301453 
548.020508 481.691864 
223.121414 362.842743 
90.444130 401.452667 
383.029266 458.204712 
560.819824 445.326996 
430.238525 168.458344 
420.163086 377.415955 
204.467087 465.368378 
381.219666 439.732300 
495.368011 431.254578 
574.890686 572.266174 
481.919006 425.906677 
191.917862 294.666382 
26.176891 113.434944 
52.216476 477.311981 
359.835022 210.073364 
229.899536 442.475006 
515.092834 417.343872 
516.931702 454.417389 
199.267700 335.504761 
88.583969 463.817474 
303.465424 220.960434 
386.442474 366.769531 
507.231018 303.416931 
214.255814 227.822998 
293.397217 442.376160 
240.346344 315.206299 
181.676422 466.619415 
465.171631 487.696808 
201.894775 67.165894 
432.996124 376.950317 
387.436890 441.717102 
240.051041 417.692627 
197.497589 577.378174 
81.984467 361.227112 
124.936729 508.963409 
479.722565 402.036957 
255.336609 426.179504 
300.360443 333.089935 
491.819916 419.533173 
520.201294 580.362244 
506.427460 449.432800 
416.096222 538.206238 
48.025707 528.515991 
516.873657 410.534180 
199.762131 300.056915 
373.821869 435.838989 
329.662598 359.485107 
537.536987 240.953766 
415.363739 128.101532 
206.178604 286.869110 
496.348083 55.072739 
447.473358 531.427368 
224.681854 280.867096 
328.976593 127.690941 
203.584335 39.964241 
372.389557 363.997314 
33.928558 580.213623 
395.186340 388.925385 
577.352722 28.546989 
467.910217 580.394409 
541.305359 448.260712 
271.845703 462.074890 
133.539169 523.539185 
46.216194 535.067932 
264.478455 448.126526 
503.460297 538.411865 
316.710175 352.849976 
222.987030 86.311821 
336.739014 334.278900 
278.079193 317.679840 
19.139969 273.470398 
236.774216 376.310089 
16.539192 302.246216 
537.743591 284.622528 
379.287231 204.182739 
298.909302 441.507782 
580.368713 391.137390 
365.756714 358.337402 
208.562775 341.662354 
440.844421 406.135437 
222.934052 222.813934 
19.262672 488.424805 
410.839081 262.244324 
198.868469 178.804230 
436.550781 245.354828 
375.069519 343.844482 
268.957397 303.454742 
184.450912 574.450928 
521.534912 36.684841 
256.685211 418.617340 
262.957672 431.325623 
276.579132 460.607574 
70.047096 579.959900 
145.631714 108.095139 
218.403778 205.267410 
557.751343 440.261597 
49.162514 444.847412 
55.550854 541.313293 
519.178772 541.144104 
163.128357 465.036041 
16.818201 331.763977 
406.657379 56.687363 
197.458725 335.440826 
379.159485 347.968323 
212.780609 497.140320 
413.150665 53.295151 
500.646820 312.305450 
399.960938 134.109634 
451.009399 476.232391 
159.708817 459.436493 
440.506378 470.819885 
234.889191 300.070221 
523.202026 459.583282 
304.341400 396.128113 
544.324524 460.535309 
376.655182 207.563828 
218.760040 359.291382 
168.352676 469.450806 
407.611206 366.158356 
251.342377 434.393127 
533.051208 521.671814 
537.335815 471.762085 
378.408783 101.532288 
127.065811 513.757080 
414.893066 355.735168 
259.102356 424.425385 
545.831848 531.491760 
549.455444 437.340302 
280.953796 439.893372 
260.373962 74.380844 
91.536789 543.846313 
89.497078 362.445831 
216.539673 570.935303 
197.776123 94.351860 
58.245369 395.484741 
446.281372 437.641724 
520.180359 477.609070 
311.020660 322.873901 
207.126968 511.441467 
544.466003 125.205582 
70.837486 455.152588 
193.870392 293.328979 
219.391266 498.694122 
323.700653 408.350464 
580.155762 550.932190 
356.848175 221.920410 
377.099487 237.626999 
221.637482 216.186096 
530.971375 523.615784 
534.668640 511.028290 
178.678650 550.038757 
542.602051 563.329834 
282.542084 337.314819 
571.703430 16.694244 
569.711182 579.115234 
413.694733 394.725586 
91.407799 490.579071 
433.294342 41.531769 
192.417526 529.730652 
313.514069 127.039032 
54.675980 456.944824 
569.405273 537.577881 
256.727295 574.324646 
138.495102 577.190918 
331.072876 331.484283 
536.973755 77.124725 
227.758820 292.840302 
328.657562 372.374695 
150.509750 540.509766 
157.922928 543.517212 
448.994781 411.747833 
224.705841 447.627594 
19.288548 472.277985 
356.865082 356.440887 
47.092758 55.669857 
544.914673 224.520874 
145.736755 578.076111 
539.191101 484.256348 
370.884247 366.137970 
320.907471 447.166534 
21.985918 343.339417 
89.383743 101.043648 
339.610687 141.647812 
260.643188 317.524567 
326.450073 412.245880 
529.096130 116.098663 
145.679153 102.720818 
332.111389 479.472107 
553.806152 505.090424 
562.752441 556.249268 
298.517273 343.070404 
364.208527 363.753021 
103.349525 494.021790 
459.414093 512.992126 
577.100037 456.169861 
462.965149 53.495636 
334.719421 376.439911 
274.879364 320.021149 
70.587181 392.734131 
488.839203 532.436829 
321.730743 319.429749 
485.182068 465.148224 
344.958954 365.144562 
190.556168 335.209167 
233.600525 479.704132 
513.192383 430.691925 
199.068390 201.002350 
104.369644 410.364014 
460.829163 380.906921 
213.168884 209.055725 
538.509399 523.511108 
213.503632 355.380981 
177.083435 466.962952 
465.089081 405.629150 
546.383423 513.241760 
286.636505 328.463531 
278.809814 579.897278 
511.366516 21.412579 
435.676056 288.355255 
294.434113 312.683075 
422.955353 391.891510 
449.990692 40.886765 
347.758087 505.737091 
475.317596 441.009613 
258.960510 571.905518 
494.805237 420.793182 
275.028992 336.954315 
17.690170 114.212746 
484.738586 391.798431 
487.080383 474.942871 
501.241089 436.873932 
472.519348 300.911987 
51.717678 495.634979 
232.125214 437.275360 
21.811604 360.882660 
386.265167 390.264221 
203.904877 361.382690 
86.588394 457.156006 
286.628510 569.240112 
559.794556 16.951857 
249.183014 266.440704 
537.089905 205.209335 
307.077911 360.482727 
212.223114 351.504913 
399.294434 374.867615 
191.047852 61.304966 
472.823425 423.828613 
304.291443 326.846436 
443.492310 521.353455 
282.030853 286.653717 
21.453739 578.357666 
410.203705 363.707062 
90.757782 422.875916 
97.836632 473.896454 
245.530472 251.086319 
563.026794 468.945312 
248.032104 481.812805 
315.444366 579.663574 
157.749664 106.695999 
395.559814 447.405762 
579.920593 86.600906 
477.893860 389.720734 
261.927460 569.554688 
274.003387 378.405670 
265.902283 337.993439 
241.139862 535.538086 
491.275574 445.112152 
264.956116 509.653320 
