206.475967 526.409607 
79.509514 442.062256 
367.652771 577.445679 
50.697117 500.030304 
140.941788 548.973267 
146.323212 162.052460 
85.667625 440.223389 
191.727112 258.938171 
578.745728 491.015076 
152.584229 560.394653 
451.932983 532.333557 
194.013245 245.936249 
235.552689 356.897125 
230.737717 548.038818 
62.930534 404.351318 
55.158848 363.870514 
311.870422 402.333435 
292.510132 466.209686 
32.432228 430.424530 
17.805140 510.283508 
77.114433 342.228638 
113.941078 541.298462 
61.253609 432.497650 
246.240341 526.959473 
324.550507 462.041046 
58.781990 580.447266 
135.608261 578.362061 
261.949341 513.950317 
312.393982 462.317322 
423.831024 462.085693 
352.318726 578.105957 
59.373367 449.763245 
44.445793 521.587891 
487.694458 395.030548 
568.911316 403.108612 
66.512589 533.344360 
71.620300 479.993713 
388.080292 97.636185 
81.674973 460.305176 
69.453255 410.420898 
348.378876 420.809509 
59.182304 505.994019 
145.246399 542.122803 
482.535797 510.878265 
546.299988 17.930265 
240.400589 143.747711 
387.142822 64.201408 
63.971844 495.365021 
151.193954 532.382507 
19.441895 435.174255 
311.205597 400.087646 
295.258759 468.827942 
580.396912 461.335388 
479.272400 16.552567 
95.228676 356.728760 
17.062756 566.205627 
19.868923 517.339233 
104.926628 577.261047 
184.425262 529.562744 
466.031616 396.619598 
206.269180 155.930115 
24.326363 557.144531 
45.456730 296.068298 
213.845230 173.753036 
101.544411 496.668976 
122.625404 536.547180 
563.631836 399.971893 
530.311279 417.795044 
299.062561 461.867401 
276.764709 380.600159 
17.422722 61.182278 
94.407249 577.930725 
19.690826 67.765305 
364.899597 340.475159 
67.590065 387.928894 
17.970697 99.401428 
403.437744 578.446411 
54.563328 548.965515 
145.389847 548.607239 
535.087463 105.500854 
157.209763 432.188660 
400.447021 66.884735 
191.895599 346.823486 
16.624367 325.669830 
405.044586 88.765694 
192.900101 350.562347 
229.768646 486.308502 
18.014923 283.745331 
257.929504 136.663437 
298.235901 415.345703 
162.496674 519.510559 
439.083008 381.658691 
32.750164 550.247314 
17.573605 407.573547 
18.765574 563.471191 
198.544434 154.955231 
288.303314 487.443176 
380.534637 511.986237 
384.328156 527.626526 
114.460945 532.468262 
459.592041 525.066589 
19.407944 522.409485 
237.553513 510.308289 
193.826096 288.470917 
577.107727 104.246193 
41.311607 551.078247 
39.991730 476.098541 
529.276917 19.905861 
270.435883 508.188843 
423.061127 359.863495 
267.698883 379.458130 
534.349670 498.437439 
257.908936 479.796478 
208.817581 473.815002 
186.206406 544.742004 
192.587341 400.743530 
271.365540 377.243713 
52.636295 468.601288 
339.005768 412.895477 
18.177521 97.420761 
191.518097 288.916870 
29.034029 114.834587 
17.062054 359.687805 
49.706303 481.215790 
192.017258 357.126465 
480.716949 534.320862 
215.392014 566.674255 
518.242188 459.508453 
294.126862 389.401520 
580.443787 568.045410 
153.907227 508.020874 
157.265198 384.907562 
393.231201 356.397583 
226.314743 557.914062 
17.611393 456.596710 
18.158028 412.780884 
301.780060 421.594025 
229.489136 485.658386 
473.771729 386.429504 
121.077553 579.619202 
428.791412 361.564056 
69.429543 368.095612 
409.827454 353.245728 
178.312805 533.298340 
556.818665 18.544998 
40.391411 436.100616 
551.681641 69.803131 
444.891327 371.192322 
122.225456 512.225464 
334.105560 415.789520 
450.439362 340.468689 
528.598389 104.639771 
103.243561 553.068848 
56.024017 462.554138 
43.638977 486.703033 
527.997803 68.379295 
477.691864 533.082458 
216.652527 152.831055 
207.363129 539.860779 
80.222084 426.643341 
64.573280 416.221863 
157.427155 188.161926 
143.098389 559.533142 
434.088013 467.888916 
85.426567 503.380829 
38.652916 156.385284 
580.050476 474.677216 
41.636608 485.779480 
63.240845 547.601807 
150.149460 548.500610 
192.386292 281.423737 
222.636017 500.460938 
19.392281 451.428741 
300.644409 454.158234 
309.067780 419.468384 
292.196014 454.844055 
40.004398 289.062134 
576.416626 443.335205 
167.334930 538.194946 
497.499512 62.406052 
517.704285 372.101410 
17.322390 523.835815 
320.888397 456.075256 
72.959373 331.350037 
71.144234 488.782227 
118.536316 507.252045 
251.018036 419.493134 
328.934204 429.075897 
579.067200 31.045946 
241.168289 490.027557 
196.595840 555.466064 
183.556396 497.453583 
103.773041 503.444489 
57.639450 437.294586 
137.254349 533.301086 
44.413116 531.614990 
383.012268 577.036560 
153.601456 429.907013 
500.330261 532.285217 
559.033020 571.301270 
83.250023 493.557434 
71.574203 336.248718 
69.616089 420.764587 
54.649338 497.929871 
146.593765 533.231689 
486.448822 534.527222 
20.715380 266.159698 
216.207733 528.545532 
89.872124 554.652649 
543.312927 18.676592 
287.259857 472.596924 
16.993748 286.989685 
157.128632 568.885315 
233.383545 516.537720 
20.038376 448.248291 
307.410797 457.174133 
291.097260 409.810333 
191.159592 157.757004 
579.462280 401.073669 
211.189758 342.144012 
168.052643 557.145386 
153.847687 386.390594 
197.549652 154.733643 
580.475037 560.744751 
16.657808 386.213837 
19.323090 482.873779 
501.363525 62.177124 
87.960739 579.479187 
264.993011 463.067841 
165.000397 468.554810 
108.259270 528.470032 
106.614677 357.943756 
29.131464 544.727478 
239.564026 481.608368 
28.368851 274.486847 
185.954620 578.157532 
240.382263 540.797546 
545.327148 563.090515 
536.276123 580.224304 
17.328035 76.526001 
75.284370 527.888489 
400.367126 578.467651 
20.161016 83.600250 
155.727066 376.794403 
83.796432 539.142029 
17.855011 112.878189 
54.156006 537.816040 
264.538513 566.218506 
220.479263 391.384918 
190.674347 354.006042 
16.577160 337.210999 
193.964447 336.364410 
280.141296 384.407166 
378.736023 337.269287 
18.011490 299.323364 
580.295837 405.387573 
40.923012 518.229431 
171.904602 511.257751 
205.170151 373.252716 
157.406067 440.797760 
223.265701 525.342773 
16.835716 417.983490 
319.974731 414.424988 
283.944977 252.380234 
235.758255 523.977051 
43.828445 577.545593 
60.231121 354.779694 
579.068481 91.778160 
574.727539 404.571686 
365.563446 393.235626 
40.859764 489.111115 
82.438614 348.346436 
407.058868 451.654175 
359.591217 578.410339 
336.815613 577.671448 
579.815552 57.591064 
475.218567 464.116364 
59.143429 367.940979 
83.384834 553.501648 
571.114685 580.285095 
51.270573 458.233887 
433.121185 578.820007 
18.126144 111.571861 
372.251526 353.960907 
82.672501 424.332031 
315.942017 404.135315 
16.847464 370.701843 
50.743736 518.853333 
139.196030 529.196045 
18.226543 336.480591 
295.197235 448.758270 
202.869293 337.795654 
84.425613 437.164337 
39.536839 502.809967 
75.388168 437.626648 
63.292110 531.394348 
392.350433 344.454468 
227.796600 497.328857 
17.691961 468.409058 
23.308784 425.250183 
437.915436 525.127258 
17.172581 492.531372 
164.549698 557.963257 
470.676331 400.752625 
74.659569 450.235992 
426.925140 374.914368 
17.046215 505.973206 
30.891701 541.444763 
436.926331 367.747101 
184.810394 519.920654 
525.807373 552.235718 
324.578827 460.959869 
402.127441 449.961914 
85.644760 349.692169 
176.798233 577.201233 
576.722656 17.443224 
112.533409 354.563904 
39.443550 577.443237 
422.228546 460.814453 
102.057571 545.226624 
58.288212 454.325226 
394.728058 580.321411 
42.368893 498.301575 
18.128578 154.794006 
254.228882 579.097412 
83.328735 463.207977 
67.538940 443.746857 
53.147896 525.219116 
56.641197 511.506653 
149.701050 511.359863 
465.114471 531.897644 
61.046436 484.531616 
567.859253 579.574280 
219.072647 562.496155 
191.504333 187.553299 
580.424255 511.478607 
362.019440 428.668457 
153.144226 536.535645 
196.669357 265.286926 
222.736618 438.401367 
229.961365 522.955261 
18.761841 465.343201 
300.157440 464.571198 
553.945984 65.616035 
292.952454 390.730408 
297.088074 477.704865 
373.085266 512.192871 
39.141888 507.705017 
17.449303 535.793091 
19.655352 498.676208 
257.377960 302.457947 
487.873413 59.422035 
377.520508 356.604431 
332.522400 471.198303 
17.992916 572.527100 
412.298676 455.958313 
100.997574 563.167847 
123.099731 556.801636 
577.300842 19.698605 
16.697256 351.461884 
260.287506 486.592407 
242.688431 475.615082 
496.901581 533.928345 
275.550842 469.184021 
42.581684 544.751587 
211.188141 577.324341 
75.034622 579.571106 
81.788116 481.889221 
17.090971 259.979919 
58.290203 482.963013 
237.825180 546.078979 
400.025177 65.455933 
285.531342 385.869812 
64.928711 518.797852 
17.344082 294.981995 
404.338959 67.531837 
139.314682 459.320068 
264.069946 480.854858 
304.605438 520.729126 
68.065216 330.773895 
190.707733 173.595428 
462.722595 501.677826 
290.960510 580.149109 
31.966242 425.259308 
16.615797 399.263611 
19.909111 493.142670 
297.502228 392.130798 
119.774269 558.752563 
315.714874 421.451172 
352.410065 72.655167 
580.400513 535.225830 
237.052826 493.951721 
482.027893 528.219849 
128.566544 509.755066 
177.796555 495.753448 
26.408701 491.365875 
244.470169 528.474182 
16.993881 88.140823 
333.820007 580.373474 
69.231842 555.260498 
171.938461 494.527069 
568.319397 435.412903 
37.022827 115.196205 
155.646881 365.352142 
190.467255 525.577515 
416.955902 505.543457 
53.333992 443.728149 
58.890270 525.991882 
274.378723 499.042542 
190.553513 366.134674 
579.888184 573.739807 
528.353760 529.919373 
60.000000 450.000000 
79.137093 436.231812 
192.779587 374.296875 
427.713257 463.940186 
432.663269 378.304108 
18.816936 354.550903 
44.201008 327.876343 
18.063248 538.828613 
76.824211 465.553528 
173.595749 500.242340 
55.154812 312.345093 
223.442474 560.764709 
16.650055 429.389648 
208.057968 574.113708 
305.327271 394.774719 
217.555817 348.289856 
169.834061 467.027191 
405.224548 375.165344 
533.573425 513.881958 
237.660309 539.251526 
21.735708 571.743713 
413.811127 368.073273 
179.970093 539.013611 
579.210938 131.643890 
534.369141 484.211792 
577.356750 83.489754 
78.344185 339.076782 
16.927227 555.004822 
580.374512 43.674118 
517.467224 413.125763 
553.844666 392.425598 
254.547195 510.663300 
49.478161 532.311951 
414.418243 455.973389 
103.859489 563.702881 
19.494448 169.344910 
191.518494 279.981171 
82.458984 413.827087 
67.624420 460.316467 
193.810318 284.524841 
580.351257 517.333740 
210.854599 535.982849 
221.650772 497.741943 
87.937424 447.989594 
191.196350 253.853729 
73.405380 425.186127 
64.586937 541.953735 
193.654907 250.378159 
444.959351 473.442871 
231.757217 553.249939 
19.739994 387.086609 
288.529999 470.061066 
472.624817 460.546997 
450.777313 387.379333 
367.503204 352.142059 
484.921143 59.149368 
16.944973 517.310181 
307.081940 580.374451 
400.277222 448.721008 
177.172073 555.739197 
180.172348 485.797607 
113.862694 524.041321 
168.559006 578.810425 
259.772095 372.009094 
327.500305 411.586792 
25.773182 504.400726 
574.605286 19.797651 
264.794403 371.882812 
127.882317 517.882324 
42.122761 485.652069 
320.087708 403.942749 
258.384491 506.510834 
196.956787 526.794617 
107.974869 528.557251 
55.128162 441.831055 
43.261917 513.931702 
203.664032 499.572845 
190.702454 451.126801 
157.261673 212.526978 
392.060913 98.125748 
494.940430 537.576721 
483.321899 473.219330 
190.820663 199.489609 
579.549988 499.162415 
283.321716 455.475769 
63.660725 474.844727 
548.666870 19.213253 
229.686462 454.989838 
228.971573 538.952698 
20.262550 431.107178 
306.718536 394.501892 
298.546234 464.324066 
579.864136 463.053925 
166.219986 514.944641 
61.927425 318.014099 
218.147476 565.214233 
91.196892 353.053375 
482.953918 17.296227 
16.610035 547.174377 
19.931065 513.701782 
69.972092 534.695923 
126.973457 580.362305 
113.657684 579.451843 
204.838943 157.442184 
26.315224 561.338379 
280.997040 544.932434 
346.468292 579.716553 
123.633553 542.375488 
126.448181 540.279846 
207.046982 579.023987 
41.004982 522.028137 
224.337616 148.711517 
271.204620 458.779114 
66.155212 322.593414 
190.883408 248.382416 
288.702972 129.041306 
478.076172 502.281738 
257.116913 522.810242 
296.928375 125.699524 
17.221163 275.165405 
263.342957 563.264832 
149.408188 557.879517 
498.374329 398.413361 
85.897545 530.465149 
191.719177 340.583313 
540.299377 68.342575 
327.414825 320.314148 
44.950050 547.181274 
16.502399 311.350281 
192.178848 215.744308 
232.905090 497.008789 
408.200958 85.567780 
84.910759 424.024048 
190.802689 181.794724 
72.403404 494.342377 
468.366516 495.787354 
209.343567 342.408539 
51.559040 302.948303 
17.588242 410.146179 
18.234604 555.441467 
357.439056 107.835602 
254.757065 246.440674 
461.247375 532.444763 
80.673309 500.532104 
237.992645 509.775543 
193.600983 294.860931 
191.551102 390.093079 
92.510742 387.514069 
98.814735 505.834747 
578.333923 113.709396 
163.718338 576.786377 
296.038574 294.925537 
249.909546 521.059753 
24.274319 577.576233 
281.035767 466.792816 
123.942955 463.760010 
18.384651 57.710598 
257.380798 481.434357 
263.439056 579.936340 
189.058060 535.018982 
497.658203 418.784149 
59.356689 418.708618 
336.479004 415.576660 
348.670227 539.289490 
18.170269 90.173668 
553.917603 580.226257 
509.026428 405.547821 
191.717651 282.300812 
269.990234 556.674255 
60.841469 462.918671 
16.526518 361.093079 
242.244705 505.219696 
196.822952 362.412262 
31.413815 155.977951 
215.509201 563.390076 
87.973137 451.226196 
139.880249 521.068787 
578.080383 526.880676 
472.797607 526.296021 
155.462723 503.626312 
53.695656 308.898773 
330.286133 466.367157 
136.115097 163.313644 
17.247231 442.109375 
23.753105 402.113037 
573.647644 529.260681 
107.095688 418.825134 
580.417664 318.042358 
32.607876 512.238770 
17.943157 477.559631 
268.859589 243.494110 
179.570755 522.989441 
576.622070 115.420502 
113.919167 508.324951 
441.241150 370.922272 
192.410599 549.230774 
448.213623 375.654358 
43.340778 445.085144 
333.822205 409.771484 
477.532227 390.255341 
200.617126 577.588806 
258.220398 523.401917 
493.926270 468.700256 
65.605309 577.876953 
57.197327 386.061523 
116.045357 520.200806 
346.052185 420.346680 
365.824341 104.191055 
267.046234 498.879639 
478.227753 525.655640 
202.293442 543.538391 
206.213745 541.130188 
297.449005 577.353210 
373.803864 580.114990 
79.055901 449.602814 
68.587601 468.062439 
349.626526 385.405365 
141.594681 555.826538 
435.550781 468.073242 
89.230316 504.516357 
191.155212 268.575012 
580.258728 482.619324 
63.715290 557.377380 
151.565140 564.376343 
193.806183 239.912766 
580.187073 493.641876 
227.287766 520.689209 
18.692505 401.464203 
304.313324 461.933014 
311.753632 410.524231 
293.308960 461.935547 
66.682655 480.192871 
580.323730 447.068512 
162.676987 532.101990 
35.666531 436.706116 
16.611935 530.961121 
252.958832 367.128876 
72.564079 336.381683 
262.885529 336.122833 
247.795731 530.850403 
279.816101 548.082458 
43.095139 289.608459 
578.502930 38.630409 
256.177704 471.822571 
258.040161 520.721191 
40.016220 553.450500 
55.231094 426.191895 
137.620560 558.461060 
44.208057 522.501648 
491.789734 396.517487 
217.527466 148.836548 
368.146393 430.577179 
348.589355 419.911987 
358.904999 426.529724 
148.559479 536.356628 
380.580902 64.285683 
19.027447 262.245422 
501.195862 418.915497 
191.404938 214.897415 
72.914253 547.497498 
287.396088 464.455933 
62.096104 488.878601 
69.393913 547.144836 
158.995041 548.995056 
198.775925 520.789246 
229.077621 498.829163 
18.468353 440.215607 
310.295319 454.360596 
293.614136 416.537750 
299.838715 450.327820 
580.472412 450.864746 
469.004944 498.547424 
154.319260 381.926971 
194.170181 160.535461 
17.557396 561.761841 
20.047607 474.836792 
319.018677 424.401978 
162.905426 503.514099 
462.732819 381.592987 
451.382935 476.799194 
27.399364 549.865967 
34.402107 536.929993 
579.589050 546.551758 
95.658409 453.550507 
120.716774 529.045288 
579.889954 138.731216 
41.120167 536.958679 
260.576172 465.520416 
240.457214 499.314636 
569.706482 401.301331 
528.010193 68.386292 
134.172668 520.470093 
510.148468 425.378937 
20.026039 73.157372 
27.258369 279.010742 
19.001678 64.679955 
81.695137 508.861023 
17.136141 92.887802 
210.916199 531.838257 
54.912243 556.601868 
277.223145 285.529633 
525.010437 376.512726 
17.694416 302.974304 
311.802490 267.143616 
47.572979 471.965057 
191.852692 350.016113 
282.677490 409.295837 
62.909809 447.255371 
17.120235 320.057739 
161.734283 506.400940 
192.238861 343.493866 
129.502563 549.332153 
408.500946 74.461006 
297.660858 420.223877 
191.557800 242.885437 
78.207253 580.279846 
365.381195 329.852539 
156.085556 446.557098 
579.367188 554.062805 
16.739008 423.199158 
23.347010 568.082581 
199.061813 156.238098 
288.781952 482.219025 
158.661057 577.147278 
529.916260 480.864319 
33.078636 552.364685 
156.324585 316.244324 
178.320877 518.703552 
576.736877 100.127037 
418.477478 369.931458 
39.509056 494.256866 
82.074501 343.718201 
425.491821 373.805176 
578.623108 61.058640 
420.842255 508.270264 
51.091457 463.441223 
57.897995 402.046143 
487.806671 473.144989 
190.666458 297.207672 
82.146187 418.404663 
16.727434 375.816223 
48.410969 474.063293 
142.708679 523.897217 
50.109444 546.717896 
212.920013 524.511658 
199.475891 335.468811 
191.282242 239.801041 
72.478355 440.371277 
286.322632 487.774139 
251.614410 513.480286 
16.945766 450.894928 
305.716400 416.399292 
181.756454 466.732239 
162.058395 550.136658 
119.740555 578.460632 
404.769684 351.572479 
386.551666 577.890015 
465.751831 492.101868 
17.024239 489.607788 
19.262672 488.424805 
386.844543 442.503571 
113.802361 516.324097 
192.665268 579.933411 
275.073151 552.598267 
92.022133 479.154144 
125.738121 506.926636 
579.040161 67.319344 
477.512543 404.338898 
308.272705 122.956253 
495.882690 482.236816 
106.508003 539.390198 
54.071175 470.383209 
45.589214 496.353699 
181.463669 539.935608 
201.936707 529.345642 
205.532272 554.670471 
57.928379 486.308075 
270.274017 245.345169 
313.960114 400.859192 
71.201416 436.313599 
18.226494 377.333801 
146.711166 516.957825 
507.667480 535.867737 
17.168915 290.985840 
95.332344 562.724731 
40.687061 155.462769 
374.484955 435.518494 
505.603729 504.166809 
155.068863 556.271423 
161.749771 531.669312 
194.052734 274.668671 
225.196411 504.144043 
229.551270 532.597534 
19.541363 461.258087 
303.090515 469.393951 
308.573669 422.251160 
39.645313 286.909515 
77.155388 552.217773 
63.112339 317.562744 
251.698547 365.396210 
73.223579 444.434937 
317.034058 457.213379 
72.443634 328.799255 
109.136627 551.819824 
152.246048 579.537659 
210.353470 246.192261 
298.982086 304.268463 
33.423584 578.802795 
17.468987 577.571411 
412.798950 456.023834 
123.827942 558.428589 
579.747803 28.559570 
263.693298 481.142273 
296.044037 355.023041 
251.152161 579.212524 
327.152008 578.417908 
17.034571 37.739403 
104.179565 508.143188 
133.539169 523.539185 
45.286331 539.649902 
210.619476 575.653015 
274.830383 250.361130 
562.231018 579.123840 
541.029846 577.654724 
78.867462 475.084167 
16.774752 269.940826 
57.601204 475.637024 
21.095299 273.850220 
221.812897 526.878174 
89.281914 546.437561 
173.137192 563.137207 
284.012360 383.840271 
61.162731 501.963745 
575.097961 442.404907 
160.570450 563.194214 
233.813751 514.063232 
18.044750 310.966614 
307.105438 463.561462 
291.915588 403.015961 
190.514450 167.266220 
73.889465 512.025818 
190.107773 580.107788 
208.639923 341.877380 
522.250549 415.037018 
254.136337 245.665619 
123.787857 502.773499 
372.189392 344.298309 
322.998993 462.305084 
117.058495 557.331909 
313.908722 428.737885 
61.951305 470.402740 
71.316200 578.930237 
210.793579 285.267456 
184.450912 574.450928 
67.540512 519.918701 
245.324097 534.742676 
353.950531 435.061249 
17.984947 71.704689 
48.164879 579.804321 
134.142853 480.058990 
142.806549 506.125122 
18.824972 88.196869 
83.781937 544.015869 
363.288971 576.749207 
16.643135 106.817802 
53.807495 444.086426 
57.061661 544.064148 
264.824585 563.028809 
525.802612 412.664825 
190.595123 364.838135 
576.837646 578.802551 
62.613178 456.214783 
16.582561 332.025482 
193.909409 335.529694 
225.646561 424.362305 
318.261108 269.144073 
205.269394 173.012604 
171.884903 506.006775 
155.091599 433.876038 
404.376251 91.316658 
439.798828 469.625183 
16.570900 437.820618 
210.378220 341.553284 
302.077423 396.116272 
400.507324 361.113464 
38.147041 545.707092 
69.496201 513.282410 
26.198414 569.337524 
17.365023 541.990479 
261.426849 242.762924 
74.449982 456.870117 
539.270813 471.152374 
327.204712 116.365051 
573.824158 437.526428 
239.829224 477.508789 
178.914124 504.346313 
127.688385 511.079773 
416.973480 356.719849 
41.255379 456.974182 
154.269333 518.626099 
91.812668 541.410706 
198.418976 514.918640 
579.665283 49.764244 
217.039764 571.050293 
71.598289 493.548828 
53.764545 450.456116 
57.547661 394.053833 
35.116348 19.322479 
43.958122 479.146423 
221.341782 442.150299 
53.360809 541.978394 
75.253632 537.461975 
70.891167 453.007599 
143.653748 534.828308 
462.509644 527.950317 
19.332880 342.609924 
323.707550 410.315979 
76.473160 428.038177 
563.457520 19.055326 
192.531860 254.507797 
35.147442 285.342651 
17.687801 462.795990 
19.777922 381.653168 
389.630341 513.350952 
164.626434 559.885925 
455.981293 378.365204 
528.989929 524.502808 
534.349731 514.358215 
16.900097 500.782928 
252.660706 365.235229 
317.075958 269.559570 
435.083649 365.431671 
180.663162 512.929871 
32.946102 394.421936 
260.067139 370.831482 
38.325027 439.694824 
246.508789 535.490173 
325.501953 454.376678 
278.412109 496.182556 
575.496277 16.956696 
268.256226 375.007141 
84.493576 346.962311 
539.086670 69.009857 
71.718987 509.641815 
253.124573 442.498138 
195.440414 533.306458 
55.077164 458.872955 
567.892395 20.089046 
42.442192 505.299988 
257.299988 572.459656 
81.267952 473.909668 
127.287361 531.475830 
67.539612 449.915558 
56.751282 520.739807 
228.250870 145.827835 
220.664703 556.813293 
190.835297 193.921417 
580.204590 506.011902 
360.551239 425.937805 
155.094498 540.688782 
157.922928 543.517212 
194.738159 262.040344 
534.050354 507.183472 
269.656982 246.070587 
20.002903 470.777618 
288.992279 386.391357 
294.749878 481.343750 
580.407410 470.158325 
65.131050 327.683868 
147.501480 579.401123 
33.414276 459.786743 
141.868622 417.522491 
18.905151 504.578766 
113.668816 561.268311 
497.780151 399.688873 
327.509735 406.837433 
577.295044 540.389160 
359.144501 347.223572 
97.040535 556.259033 
334.504059 477.838409 
265.000061 512.108093 
174.173645 511.712799 
39.264202 529.911682 
19.795815 530.388855 
199.986435 525.192505 
150.545959 161.174240 
252.755737 528.049561 
507.959381 491.214813 
354.530609 422.700409 
79.303276 512.809814 
16.782963 279.950836 
53.586586 380.550415 
147.374756 562.213074 
491.133087 533.770569 
242.868362 362.507416 
191.479630 334.903931 
24.471867 268.629333 
60.254120 511.961884 
16.677567 315.346436 
405.517883 72.423225 
466.141052 534.260437 
212.096970 515.560730 
359.877167 348.313171 
556.010010 17.630358 
86.534378 406.812683 
191.587326 176.388931 
169.890930 538.793213 
155.830200 452.361877 
456.114471 378.010254 
58.181095 311.459656 
445.488312 474.062347 
48.423149 538.587891 
16.848427 393.575592 
18.047756 549.188538 
92.348717 555.686401 
461.666382 535.145691 
31.873154 558.703064 
210.814346 154.127777 
101.075630 513.624207 
382.792969 440.731995 
126.551971 557.941589 
116.846062 413.696899 
39.619816 515.005920 
578.481262 89.177711 
69.635994 326.569550 
17.194218 79.677010 
266.908356 394.503052 
70.200653 540.389099 
258.412445 572.248291 
263.995605 564.010254 
341.062378 420.068359 
484.388611 392.859955 
205.160767 495.165436 
191.265762 373.194672 
191.880768 271.783569 
44.278854 553.869690 
16.752296 344.860962 
50.309845 494.394104 
192.042480 370.502502 
73.207436 407.732666 
228.714310 436.541992 
299.175537 396.901672 
578.067505 532.271606 
473.117523 528.035400 
563.393860 17.521692 
553.312927 67.107819 
16.798042 448.862518 
19.557472 543.524475 
301.671326 413.960785 
140.693588 579.728638 
533.461487 505.148193 
239.334198 541.933289 
17.468609 485.259674 
19.276230 577.331909 
92.667770 424.069000 
178.312729 540.712402 
579.147522 125.995529 
116.375458 454.958832 
231.790314 353.708191 
276.202698 502.157410 
578.942566 135.793488 
394.317444 446.340637 
96.034332 580.174622 
375.025726 101.137344 
474.491150 386.789398 
253.234009 517.719116 
453.206757 377.958740 
172.169815 519.039368 
551.193481 577.793457 
275.493896 381.515381 
416.313782 458.460327 
410.453766 579.026611 
345.045013 419.794739 
269.266388 508.495667 
521.106140 489.556183 
202.376495 535.273254 
