68.917084 464.874054 
191.490723 341.988403 
16.502399 311.350281 
45.875370 376.758728 
146.592728 425.759033 
18.403959 327.457214 
142.737549 395.661316 
22.690819 394.364380 
209.973602 343.292450 
311.141876 402.310669 
142.996902 453.151276 
16.754774 409.448059 
19.618933 555.176208 
251.407959 367.608856 
178.526642 468.333221 
16.976049 510.319458 
63.883152 395.188599 
19.161751 485.342255 
137.983551 425.533600 
37.672268 403.037659 
97.046242 508.962250 
115.593643 412.808319 
162.223190 578.689392 
117.284584 417.478149 
91.022133 502.951599 
275.759735 501.624847 
109.379021 385.974060 
259.545654 512.484436 
108.656235 450.386658 
313.122955 463.328796 
59.483410 448.945343 
49.927189 429.007172 
189.079926 459.767365 
108.666656 579.585693 
80.839180 461.462830 
349.093628 422.249939 
206.139877 490.852173 
85.144119 440.303223 
16.890812 361.693390 
86.882454 493.241577 
144.872421 431.870026 
283.209137 456.720032 
18.225264 370.817047 
143.780975 434.696075 
283.341370 475.436310 
19.486504 432.810730 
306.589478 396.547424 
298.239349 473.342194 
227.957123 551.782654 
94.314476 358.238983 
27.367161 381.362732 
17.832302 475.728333 
96.379868 465.524567 
115.072601 458.246552 
191.736694 388.015564 
97.219093 495.245758 
208.978790 575.799438 
120.152428 449.149902 
330.806519 411.936310 
112.896034 352.745209 
201.843918 577.939819 
91.489143 579.930847 
193.054688 409.926178 
65.605309 577.876953 
59.690247 387.844604 
191.773285 402.950867 
346.662079 421.698090 
80.563995 444.664734 
157.191696 434.940186 
84.498795 527.323120 
191.690933 343.937256 
17.529152 325.253235 
16.728630 331.413330 
193.378418 348.444183 
49.976921 363.619263 
89.150719 415.644562 
77.175209 486.124878 
20.312317 400.730927 
157.356125 427.415924 
17.464062 402.180664 
18.266563 560.588379 
288.086914 487.225952 
257.996460 370.002808 
72.564079 336.381683 
92.327324 393.653473 
97.486183 498.370270 
120.305038 476.508667 
262.357391 517.170288 
122.135788 461.918182 
116.776596 350.265961 
28.433342 274.989136 
193.664398 400.263916 
270.236572 376.694855 
214.216980 565.413940 
206.100159 379.576233 
337.696350 413.032318 
70.841118 379.241669 
349.259094 419.102600 
144.852890 534.852905 
18.378769 260.905365 
17.062054 359.687805 
194.144043 359.875397 
20.144072 372.852966 
17.168915 290.985840 
128.315262 435.686035 
139.976578 441.983582 
294.601868 388.613525 
578.127808 566.023560 
18.344215 438.818970 
224.565598 557.539185 
17.347086 461.647278 
18.158028 412.780884 
290.029083 445.656891 
19.468544 474.455170 
17.079899 495.984711 
99.605515 461.970062 
73.583061 377.852936 
154.139023 434.057098 
91.205940 451.335846 
99.316269 486.617889 
80.630478 359.095032 
258.540131 465.384857 
122.225456 512.225464 
335.405518 414.411438 
104.217041 462.480194 
192.556732 407.383240 
269.298065 379.530975 
135.608261 578.362061 
191.049850 427.145660 
70.966331 428.949860 
191.724213 348.310394 
192.762726 345.580841 
284.781830 428.757019 
156.141373 418.788147 
81.452110 579.646484 
23.046658 455.409180 
197.070618 362.065155 
40.479343 289.226990 
17.266052 421.701324 
18.433903 567.645447 
120.687027 408.673889 
289.849426 484.309937 
17.590933 524.652588 
157.419510 578.260071 
96.291855 448.791168 
112.886803 466.859589 
55.612534 424.933075 
110.913071 396.001038 
44.542339 417.487610 
122.828857 452.882660 
300.001038 391.969971 
178.372955 478.660004 
192.116211 394.130768 
57.897995 402.046143 
133.112152 440.116089 
71.279129 424.372284 
51.120358 400.667389 
56.251736 493.318359 
79.788795 416.167786 
22.287315 265.474243 
16.795486 374.922272 
142.708679 523.897217 
16.993748 286.989685 
198.316803 335.081970 
89.712479 467.134552 
30.699738 279.540527 
283.715820 488.410217 
19.732212 447.066162 
17.117840 450.259277 
18.748716 419.560547 
326.767059 444.904236 
184.061890 463.758972 
17.844620 388.645935 
116.145325 579.947266 
96.274117 373.687469 
314.540710 402.170959 
60.416557 387.094635 
107.870255 357.772125 
100.100952 454.021973 
384.946716 440.676605 
95.615196 456.341003 
194.892639 579.129700 
79.704582 360.170074 
180.917587 579.458435 
73.358536 369.322876 
92.964943 476.669922 
38.325027 439.694824 
126.331841 457.106415 
341.924530 418.771576 
46.782204 380.812653 
121.360603 395.811371 
231.069519 354.197693 
105.134018 383.973938 
49.282192 402.062927 
132.230835 451.459045 
83.624397 435.287018 
18.183720 534.261047 
142.128647 564.797302 
190.984497 354.049866 
217.228348 567.576782 
196.630524 336.756287 
146.653549 405.057373 
18.886433 294.598328 
88.995407 380.980530 
59.182304 505.994019 
73.740166 478.899902 
19.931347 456.625946 
304.169891 468.009033 
17.546320 481.471466 
37.219475 285.998169 
17.528818 418.555664 
246.849640 361.752930 
35.043297 469.257446 
16.952400 545.127686 
150.221451 577.091125 
109.245667 376.563812 
46.366211 580.354553 
120.203697 577.682007 
16.871740 577.506042 
136.777466 431.098419 
62.149277 401.077515 
243.359619 413.879578 
127.270920 448.499237 
341.062378 420.068359 
133.539169 523.539185 
192.139282 384.862427 
212.738266 573.617126 
48.142189 460.032104 
55.723698 408.498413 
191.749115 382.479645 
17.456532 265.162262 
323.700653 408.350464 
231.632034 431.806122 
18.010597 274.617554 
17.816849 370.539185 
139.196030 529.196045 
285.585846 383.817291 
17.729084 303.108307 
203.449585 338.221832 
86.133232 434.195740 
76.402573 432.814178 
283.409943 492.898132 
18.044750 310.966614 
17.450319 548.177979 
310.734467 463.394165 
72.658638 511.304291 
19.243546 425.587830 
205.343018 339.748291 
19.262672 488.424805 
313.088684 400.351013 
224.183151 350.719330 
107.049797 365.788422 
91.350250 465.788635 
192.450058 574.334106 
184.450912 574.450928 
108.313797 445.804993 
102.757126 455.079376 
187.279343 577.279358 
177.375259 578.440979 
129.370499 391.654694 
113.366226 354.543182 
53.869152 310.134583 
141.565552 504.034027 
59.478031 450.211517 
23.334658 153.620667 
49.987564 446.377045 
81.854820 462.429932 
66.090714 442.245148 
191.977753 363.220612 
580.472290 577.553040 
165.878571 467.230103 
220.496445 560.213440 
196.824966 334.673706 
282.299744 439.210419 
19.236767 302.590637 
151.387909 539.185059 
74.565018 473.379456 
20.019867 462.678436 
305.402435 466.106323 
158.434372 460.981842 
290.364532 390.798859 
296.077362 478.158661 
17.739353 436.087830 
210.105377 341.696777 
303.527740 397.339142 
16.767300 538.938110 
17.002602 572.236511 
545.593018 532.526123 
279.580688 440.807983 
86.239777 365.871674 
217.216507 570.071533 
192.635925 378.842010 
87.425713 481.637054 
51.989487 451.249084 
58.561012 395.091400 
135.259674 402.089203 
74.247032 576.799927 
17.719730 259.683807 
51.027924 387.596191 
18.185764 278.613708 
67.992325 450.350342 
230.624908 405.760559 
18.196939 346.011810 
16.701080 295.479767 
61.927425 318.014099 
18.219917 314.962769 
33.959606 282.769348 
16.660030 466.837494 
301.095825 431.030853 
16.963423 401.294678 
132.314484 396.071198 
100.326035 364.880646 
16.589767 503.224854 
252.400726 365.265747 
74.815636 358.630066 
117.667336 434.201965 
261.772339 370.806458 
94.613235 470.881226 
131.102905 452.503754 
378.867493 437.554108 
278.098175 495.819183 
264.548096 372.211426 
287.529785 387.049591 
245.776184 531.274414 
127.902817 397.748840 
67.368591 509.585052 
105.644508 456.341095 
137.525955 475.501740 
78.552788 526.831360 
18.295534 159.086411 
127.099525 438.649475 
52.832161 440.356293 
58.890270 525.991882 
134.748749 463.279175 
82.613205 469.847046 
191.984909 366.344543 
579.445679 575.190308 
60.000000 450.000000 
129.800781 578.313354 
193.496353 377.647919 
286.907684 444.390564 
64.932205 482.012299 
200.999207 356.856476 
86.726738 392.822479 
296.854065 392.015930 
72.247490 466.816101 
19.208492 473.487000 
292.816193 389.451141 
222.684097 560.137390 
17.899185 426.630981 
214.482025 345.766083 
155.808716 412.554443 
147.967514 579.822510 
218.461868 348.675476 
173.726944 467.539368 
239.330414 539.717834 
18.265337 571.958191 
325.685455 407.109833 
326.450073 412.245880 
127.882309 517.882324 
143.474594 447.324493 
41.053905 448.508606 
277.485596 380.589722 
18.245434 504.832855 
153.124252 462.783569 
17.335510 338.756378 
205.667267 367.469360 
53.215260 413.191833 
17.317478 153.428284 
191.407867 394.677734 
268.080505 510.146332 
16.643414 278.997375 
52.395107 383.216370 
82.139549 412.444122 
245.900635 362.986237 
68.966133 457.975525 
191.689545 333.780365 
25.397833 269.197845 
16.677567 315.346436 
306.948669 431.552979 
85.647293 402.133453 
229.312103 555.344177 
18.380318 386.868469 
17.540018 392.156189 
18.047756 549.188538 
136.346954 432.522125 
96.739243 357.240967 
40.548767 400.029633 
249.113480 452.148285 
100.430115 578.609131 
173.549911 580.442261 
259.772095 372.009094 
244.074646 447.311737 
379.377258 439.091766 
124.870537 481.693481 
110.387032 460.471375 
264.506409 371.983826 
322.784180 407.051971 
47.644436 401.912750 
54.061581 442.585907 
50.518364 433.074585 
55.667667 533.314148 
191.099228 452.769592 
140.446777 423.677643 
190.785034 376.362671 
192.637802 370.619690 
144.593307 432.183594 
282.610229 450.930847 
88.040131 459.533447 
299.824280 397.016479 
73.078293 458.273956 
18.569881 429.161682 
307.031342 395.952209 
18.106163 545.188965 
217.728210 347.272217 
18.885151 511.778015 
140.215332 577.287781 
238.061890 545.590332 
71.783447 358.153564 
28.743406 558.746399 
230.702271 353.793549 
246.351990 484.703125 
276.538483 500.872345 
207.862381 577.224731 
86.982101 373.956726 
255.571854 518.723206 
270.117645 378.212189 
255.735916 523.397705 
58.870258 381.601898 
191.512329 398.860474 
342.476593 419.791077 
81.774780 518.084656 
269.700134 504.702820 
17.835430 270.621399 
