301.263580 126.308151 
449.960297 441.188080 
192.380157 353.141815 
364.657257 489.801056 
71.157692 464.997375 
49.689266 503.193268 
191.288071 339.022186 
434.756470 431.600281 
100.490128 580.121582 
17.627031 309.010773 
549.926697 17.543583 
571.306396 400.592773 
580.269531 486.228577 
16.980829 525.306580 
19.759584 328.511597 
46.611671 298.847687 
545.302307 371.366760 
73.293533 495.954407 
259.444824 136.710632 
156.417496 437.171844 
342.518707 111.927994 
527.765869 449.681335 
519.702332 566.298523 
18.637363 553.250061 
178.070251 468.884674 
100.755905 378.768768 
234.062012 504.688812 
44.518517 155.054489 
19.789730 376.915222 
326.152557 463.369598 
166.111542 577.642029 
579.015076 183.013840 
59.354889 577.914734 
132.971176 579.437195 
273.987610 500.006165 
331.200653 447.990540 
366.504639 103.993668 
262.209747 513.542786 
273.648376 447.454041 
321.709808 119.354706 
317.121094 119.428055 
57.341503 447.011292 
57.571877 419.029907 
188.921417 460.656250 
260.478516 276.439667 
552.250671 579.764099 
209.469131 489.020142 
444.477570 578.800354 
62.313057 462.746063 
575.966858 404.037720 
352.394562 427.249512 
240.176804 143.428741 
327.695190 335.496155 
19.460257 370.269043 
170.308762 560.308777 
87.973137 451.226196 
280.912018 131.931183 
577.497925 446.885712 
18.131660 435.799622 
429.249969 327.796448 
306.471924 398.701630 
298.002197 472.595154 
579.280884 456.775177 
18.177727 404.820190 
353.399506 108.933105 
527.289307 443.638000 
35.954750 399.425171 
17.610653 567.120850 
18.593933 520.640137 
48.649681 509.560272 
461.451111 447.345123 
578.828125 477.921173 
248.951920 141.507477 
241.730545 380.613678 
578.271912 259.818634 
527.461121 317.438904 
106.222244 392.656403 
408.092773 416.837219 
469.670868 350.416565 
331.763672 409.544617 
200.155426 579.141113 
436.156677 432.201935 
93.145493 576.601624 
347.903809 428.811340 
65.605309 577.876953 
17.868557 164.308334 
60.312283 510.874237 
24.368837 151.591721 
335.004028 314.777344 
343.691010 420.048828 
80.689415 500.771851 
18.886002 183.804733 
210.203278 343.332245 
390.188141 97.572792 
82.988022 444.770996 
318.631165 306.212585 
218.521973 405.175659 
311.783295 402.410858 
140.091034 552.119934 
191.928482 345.511810 
433.186218 468.229309 
514.859741 540.745911 
17.513390 329.581573 
347.497192 321.000275 
292.470459 291.465393 
18.143291 283.315765 
308.142365 441.019653 
173.632111 512.770874 
178.798950 541.900452 
419.579315 462.373993 
17.573605 407.573547 
18.575382 560.695557 
359.782898 108.089935 
199.002121 155.721344 
472.436523 455.381256 
17.807955 533.643005 
363.181885 106.033226 
262.030182 274.566559 
501.524231 16.551949 
512.412048 484.498291 
578.824585 266.531281 
267.915100 278.870361 
303.233063 296.637787 
389.982452 97.847412 
399.575348 95.733887 
542.985291 580.280090 
579.657593 292.219635 
273.154938 504.445831 
444.797394 472.549194 
273.005981 281.567932 
258.285431 516.911987 
438.254456 16.592251 
319.667999 120.725159 
578.528442 88.815903 
24.666405 271.118866 
193.846878 397.781525 
273.490356 377.687988 
578.736816 272.381622 
340.498749 412.585907 
422.251556 578.911743 
366.608948 431.372406 
348.180450 418.597260 
359.111694 428.772736 
144.852890 534.852905 
329.354004 312.250244 
80.362030 387.851318 
18.519409 262.523163 
17.062054 359.687805 
192.389069 356.288208 
17.751987 173.269485 
64.883514 489.265320 
17.168915 290.985840 
156.166611 546.166626 
332.497650 115.352112 
19.235794 441.037720 
60.309219 458.141174 
16.748625 459.166718 
18.158028 412.780884 
155.311478 382.252533 
192.017303 160.723236 
180.455658 470.091858 
16.773211 559.080627 
322.645386 463.051147 
48.791115 302.403656 
30.938169 519.899475 
165.878571 467.230103 
451.046356 475.758820 
406.097748 313.005463 
93.849243 482.161072 
576.917969 255.064789 
110.911736 500.911743 
90.265007 453.090363 
99.476456 486.816040 
580.170837 138.922501 
26.526293 562.949890 
47.436642 455.190216 
123.729172 515.932068 
335.243835 416.640778 
16.745333 484.375427 
76.871971 507.067230 
298.673920 128.315002 
29.640938 281.092010 
269.788422 378.144165 
64.460762 503.432404 
358.146729 425.184082 
577.088806 229.495148 
278.720306 285.008942 
60.476990 418.042603 
571.959595 438.410828 
343.389191 335.914642 
578.992920 251.862534 
432.613770 466.530151 
512.074707 527.414246 
17.419004 323.130035 
88.653496 498.213623 
285.004395 288.261566 
95.879967 503.720825 
18.568512 290.983917 
308.232422 448.606812 
397.154358 446.275421 
34.882339 308.059113 
80.555901 580.111816 
19.800636 450.156769 
154.923599 449.908203 
18.165543 165.657227 
108.113106 386.036133 
16.922913 423.164917 
18.087471 567.931519 
392.655548 308.619629 
199.782166 157.350601 
292.279816 482.176941 
462.391418 446.465851 
318.685730 305.922180 
316.177338 404.278625 
157.419510 578.260071 
401.473969 451.731445 
385.231293 452.502411 
578.682068 440.587555 
18.259815 301.121796 
114.236053 383.564087 
579.556580 33.126724 
109.938011 397.623108 
512.356323 578.174866 
44.542339 417.487610 
579.374329 560.388855 
482.754272 353.703339 
508.546783 525.311951 
133.897171 532.708740 
157.428116 310.812561 
127.056381 526.874023 
373.111267 435.810455 
83.259506 497.706787 
369.947845 437.550629 
202.751633 559.589111 
59.357525 493.995300 
421.871185 462.702423 
18.165115 266.727264 
16.907753 376.984192 
35.882965 552.510620 
62.828415 509.300232 
67.334373 554.941772 
198.780548 334.959259 
486.341766 355.789001 
33.840408 280.890930 
476.752045 354.247284 
20.038376 448.248291 
311.562653 459.446503 
299.237701 460.301758 
493.646393 577.177490 
16.982559 452.982788 
18.154495 417.720703 
197.114777 155.805252 
76.227280 438.976440 
181.676422 466.619415 
17.393845 387.802704 
19.800518 484.906067 
405.034821 350.399109 
84.567871 577.273071 
296.038361 294.488678 
167.711517 469.827148 
107.409897 356.893555 
386.680786 443.124054 
97.499496 483.320160 
185.954620 578.157532 
77.612892 346.178223 
241.072479 542.240662 
441.453552 577.755371 
579.641602 68.551216 
309.146637 124.386734 
505.795288 577.259583 
132.975327 511.270874 
190.637878 213.461288 
523.558167 155.333420 
190.580124 159.234100 
507.993988 562.505066 
313.095734 462.447205 
43.770172 494.610168 
308.471863 300.219391 
58.715050 537.990601 
480.887054 461.277954 
440.923920 470.261780 
265.058319 565.208069 
48.996666 529.737854 
238.309021 145.657471 
513.830200 531.499207 
17.655781 336.796509 
197.939316 336.871613 
281.116516 384.658997 
353.987457 425.079834 
19.324581 296.994415 
59.123898 509.993591 
576.946960 405.771942 
27.920319 303.222961 
18.852013 457.424957 
302.950500 469.214111 
157.493530 439.082458 
251.602966 274.552856 
36.324604 285.946930 
166.800232 542.075684 
19.295319 525.000244 
246.078644 364.034607 
580.039246 564.345337 
314.201294 459.475067 
425.757843 326.044250 
173.904709 466.670990 
372.125488 333.079376 
150.792587 577.864807 
44.285610 578.497681 
125.517303 578.786499 
334.244934 544.580750 
16.588629 576.074158 
413.715027 459.855682 
414.369995 454.629211 
83.197319 351.732849 
477.221802 352.039368 
407.681152 452.370392 
250.728455 579.705139 
577.620178 55.218067 
399.229431 313.339905 
133.539169 523.539185 
212.545364 572.400757 
570.225952 580.117615 
561.669800 579.380554 
29.385273 519.561035 
432.653229 578.772949 
16.619308 265.237793 
322.705170 408.118958 
580.374329 178.129486 
414.666718 419.703369 
16.850594 487.429779 
16.844183 368.279724 
61.854645 492.727692 
139.196030 529.196045 
578.655640 485.010864 
284.012360 383.840271 
18.628304 339.376984 
16.981909 305.183655 
202.167358 340.559662 
74.549057 436.276855 
18.044750 310.966614 
311.045074 462.869934 
191.087723 162.170197 
187.279343 577.279358 
208.968826 340.910919 
239.216843 453.122162 
84.304810 397.489929 
19.262672 488.424805 
334.933167 113.817825 
387.029144 404.563629 
312.725403 398.589569 
224.710754 350.509338 
578.057861 244.059006 
417.378326 322.384125 
578.992920 168.900024 
363.522369 294.372314 
324.060822 461.103851 
184.450912 574.450928 
17.157631 347.931183 
402.248596 449.970123 
305.611603 125.424919 
39.101105 502.053253 
46.333836 462.647217 
178.948441 577.746216 
578.568115 17.333015 
422.373657 380.000427 
48.060932 577.599854 
38.424339 579.826233 
123.209435 386.472626 
421.150787 461.192871 
503.126984 578.326050 
59.471104 451.231262 
194.027695 580.379395 
326.012329 116.492172 
209.470276 342.830872 
252.020355 579.434570 
268.910187 559.539978 
576.992188 227.437271 
58.657719 511.934937 
341.951599 318.407471 
579.362305 577.780640 
489.556519 577.660034 
565.086731 580.435608 
218.684052 562.702454 
193.110336 334.191620 
75.700371 393.908661 
364.792969 431.948181 
116.637802 580.451904 
444.805939 392.590149 
77.162827 469.157288 
19.639397 463.694672 
303.722504 465.906097 
157.170410 458.176971 
293.192963 393.627228 
297.623779 476.116364 
17.142742 435.259277 
211.421539 341.633484 
303.745911 396.096924 
253.605942 273.510040 
336.967194 315.698181 
392.923004 305.216553 
17.084034 534.131836 
96.602325 406.719513 
277.971893 134.478180 
375.299347 357.240326 
83.593307 452.593384 
572.713501 437.777588 
385.827423 444.596405 
482.620300 357.523193 
126.810219 512.404480 
16.777514 571.437378 
512.779785 566.219788 
413.238770 455.389465 
20.262550 431.107178 
320.085754 437.411926 
332.526428 469.833527 
66.047318 510.713196 
579.959106 187.406403 
89.082764 361.393188 
271.478485 471.509277 
106.879196 491.725800 
577.692322 145.325836 
72.022644 475.287415 
60.538517 429.893738 
211.276779 576.928894 
16.587576 157.178421 
105.382721 578.738220 
300.411194 315.232758 
73.492264 579.954773 
336.990326 113.234467 
16.677546 260.207550 
307.231689 321.017700 
577.901001 80.634743 
79.954781 402.806885 
18.185764 278.613708 
66.776764 453.943298 
53.989010 514.088684 
419.823608 380.417267 
287.125824 387.976471 
18.350445 347.491547 
17.519249 298.978149 
61.927425 318.014099 
580.063782 548.778015 
18.278801 315.767120 
450.311218 579.762939 
336.306061 115.270218 
34.435627 282.962738 
378.491821 101.182060 
55.272614 377.934784 
404.797791 311.676819 
578.436829 319.329681 
17.686584 399.162659 
323.071136 460.884125 
101.272758 361.203735 
17.427414 501.468994 
179.802078 550.151794 
576.990906 239.746613 
419.039154 325.095764 
263.995361 371.088623 
38.325027 439.694824 
381.398804 437.695618 
279.687592 493.117676 
433.687500 397.101837 
266.823792 373.917084 
95.355736 490.542236 
45.606647 473.716919 
17.378235 331.331055 
550.879028 18.605894 
117.993195 335.645874 
18.235645 157.898926 
288.992279 386.391357 
257.864899 572.217346 
504.947235 435.730103 
231.487671 354.201508 
471.407654 347.544495 
141.243591 578.703979 
66.658730 445.860535 
502.468872 428.654358 
191.557587 367.579132 
577.962219 575.965759 
579.529602 468.089874 
60.000000 450.000000 
16.518505 352.550049 
193.087692 372.373810 
190.663116 193.806015 
426.109039 464.311279 
361.468109 424.915314 
150.509750 540.509766 
158.801086 542.192505 
296.222595 392.025146 
579.368164 535.247131 
19.851288 471.827332 
156.479156 452.282410 
247.015152 258.160431 
223.375458 558.303833 
16.650055 429.389648 
319.545715 405.487183 
300.001038 391.969971 
154.671753 317.098572 
149.391281 578.831177 
16.621113 556.739441 
578.048584 545.686829 
451.175293 441.603760 
537.537292 453.433777 
18.993731 572.987976 
37.497101 399.041504 
327.400085 409.362305 
579.994507 130.635773 
115.287956 396.070892 
539.415405 578.979431 
278.843079 380.318909 
217.764297 348.710815 
391.048920 443.280701 
287.259399 129.046494 
74.878151 165.740189 
102.774414 497.918457 
106.991562 482.783630 
132.015656 538.891113 
569.166382 399.863342 
17.536095 152.929932 
191.053009 395.687561 
577.817749 287.235657 
16.732691 278.587585 
263.660828 562.693359 
60.192360 410.121155 
71.897331 456.641693 
53.869152 310.134583 
191.837433 333.522736 
24.834387 269.361237 
19.422596 349.042175 
16.677567 315.346436 
89.687103 448.789185 
382.278351 304.120178 
387.842499 305.271362 
20.112602 322.571411 
365.175690 432.168640 
89.013466 406.011749 
19.708637 532.662659 
66.773300 505.440369 
25.956009 324.892761 
329.376526 311.978058 
154.875931 453.803772 
580.175415 18.256001 
448.217102 474.199799 
514.647705 559.781250 
18.408165 547.940674 
96.212189 357.327698 
176.858505 467.804626 
16.936485 518.069580 
309.444244 580.210327 
402.554626 525.150635 
27.773972 523.222168 
578.616821 277.069977 
169.898926 579.136841 
239.978622 143.465286 
407.441986 417.801239 
379.529602 438.075836 
578.674866 165.608521 
524.981140 577.098083 
130.710739 520.710754 
93.752869 496.547455 
372.276245 101.922340 
278.897064 471.778564 
515.689697 304.101349 
16.818581 282.993530 
118.626198 341.900757 
314.892883 120.025620 
54.242188 441.576752 
190.611633 185.728500 
58.773457 533.991028 
340.983368 421.135315 
192.394531 347.659821 
466.627014 345.501465 
59.240711 501.994446 
317.091492 306.046387 
580.104797 297.946075 
80.551094 401.881653 
288.127258 131.042542 
70.227150 516.342529 
157.152283 244.189865 
86.584938 479.887085 
243.983765 144.667435 
375.741058 443.804962 
529.176819 579.190552 
18.467291 364.986694 
18.639107 536.974609 
578.472900 161.620010 
299.974731 397.592651 
72.754189 459.260315 
55.795990 354.092285 
61.296661 422.605255 
306.064148 394.791443 
249.186325 268.529907 
518.042725 577.155273 
577.655884 465.654175 
519.113403 561.464783 
18.106163 545.188965 
336.415436 414.049072 
59.141628 409.335815 
16.905926 549.367249 
18.363953 512.831238 
413.758148 579.279541 
19.325539 474.395905 
127.006271 577.875916 
109.369614 578.456177 
19.276230 577.331909 
36.612385 394.817688 
397.002045 410.244598 
326.287262 407.574585 
90.462204 441.432373 
425.639893 520.362305 
579.187927 152.966461 
316.384827 580.440674 
464.854492 578.801514 
205.618332 577.995422 
392.787018 445.471069 
43.514313 441.310425 
282.968262 134.345093 
370.930267 333.626099 
257.936340 521.968994 
263.525452 565.274902 
550.978699 579.823608 
275.437531 380.656281 
414.258942 459.812836 
521.208801 444.167908 
253.958984 524.369751 
241.345703 538.766907 
298.904510 124.631477 
342.811523 416.927032 
18.258583 178.806976 
16.755693 270.689758 
49.968536 421.420929 
