506.691132 465.586517 
82.930206 438.137665 
315.948883 312.684143 
546.301575 94.383469 
228.453049 419.971313 
22.545664 214.203354 
463.183441 230.973923 
272.440155 71.676727 
65.763496 536.319763 
403.630066 144.287964 
81.164291 472.170654 
536.929871 249.522156 
321.601318 550.098083 
578.965088 309.646118 
475.942139 66.209236 
473.323090 454.743408 
515.354309 128.079666 
292.598450 196.427414 
201.853180 46.919968 
216.134293 72.269188 
242.107208 438.204590 
248.731232 526.243408 
484.759247 209.347397 
58.130981 577.986328 
392.721710 394.200470 
288.695404 342.745148 
518.033875 75.695023 
119.392998 345.315979 
515.208557 534.097595 
507.509430 519.913574 
296.664795 160.951569 
182.714828 89.096428 
528.362854 71.937820 
109.517159 322.359619 
316.900665 367.122223 
464.377930 272.510925 
386.983734 60.556980 
287.984589 456.673676 
532.920044 481.922974 
539.245850 313.652069 
432.067200 542.039734 
343.211029 150.544037 
241.801071 200.849014 
577.665283 461.416718 
463.912811 529.400513 
363.341614 376.718994 
155.064453 401.777985 
496.708862 78.505676 
390.749359 247.042221 
118.422661 491.657959 
215.911743 381.329102 
349.245483 48.888206 
249.945526 397.696136 
482.915649 211.261948 
264.537170 320.496338 
397.620300 531.791016 
521.093994 54.534191 
208.252808 574.021301 
441.537964 74.711830 
428.277740 551.039062 
17.330101 63.857216 
461.627930 283.852814 
135.944992 502.192322 
487.605530 360.716736 
268.455994 423.678223 
505.661072 475.849335 
191.231293 407.513184 
530.571411 125.843697 
365.656952 62.248005 
338.926178 355.884247 
462.803955 288.869812 
40.164082 84.360275 
61.639526 428.987274 
68.771294 534.881104 
407.113953 85.146126 
194.567780 353.891785 
535.377258 359.542236 
433.589264 550.158875 
318.419464 271.456055 
242.670074 257.899628 
129.520920 40.570210 
24.095789 317.964691 
472.002899 490.407745 
395.814941 221.509262 
523.664551 442.176575 
410.899414 237.656586 
199.654633 155.365067 
434.669159 266.160614 
221.429077 377.019073 
117.117813 532.162476 
250.080582 439.067841 
33.717022 548.673279 
371.386139 50.297600 
266.236969 279.148438 
390.798950 501.220520 
179.492020 515.816711 
47.524864 412.053131 
487.253754 309.373657 
269.588562 379.750275 
509.709473 531.611450 
193.135681 396.509399 
532.799316 177.507645 
339.066620 412.800079 
235.886108 65.169701 
125.284126 325.037476 
38.892750 18.420544 
388.749878 29.904190 
69.297188 482.165466 
196.130722 357.033417 
435.204773 413.472595 
212.140991 569.803467 
556.279053 154.756210 
244.475433 263.946106 
579.213318 564.347473 
24.312540 367.664459 
472.014709 545.017090 
150.609146 505.283234 
156.810654 389.029022 
495.252106 162.301819 
532.312439 172.166931 
527.551514 484.673096 
541.977783 260.872864 
452.670471 408.532715 
511.255981 448.449646 
481.742126 127.714348 
519.411072 141.416382 
543.637878 554.888611 
227.470230 49.865681 
490.908325 279.920898 
194.224762 403.099579 
415.896820 397.927917 
337.572144 466.280640 
477.058655 533.150330 
69.525246 430.341370 
93.021896 62.635376 
534.151062 80.116692 
434.691833 467.852783 
321.670746 334.251953 
220.763870 476.898438 
552.512085 113.600464 
126.508263 97.852936 
472.097626 188.962509 
277.706970 63.446507 
526.652344 524.355286 
303.967834 453.938599 
309.439148 418.672546 
542.146118 221.460739 
429.539642 266.311188 
456.373688 441.451935 
35.853680 467.271301 
267.479614 195.063217 
501.874603 69.607941 
401.970703 451.092255 
211.483368 305.878784 
417.947784 256.996033 
540.894287 488.213409 
550.703796 546.314148 
569.550781 289.759033 
487.114319 227.352371 
372.861542 142.267380 
426.392578 91.818199 
425.636322 426.635986 
106.185829 498.538055 
446.738495 73.909187 
123.559074 336.093597 
18.676285 38.450901 
462.267395 56.712029 
155.835938 310.975708 
388.138611 135.004684 
170.635742 53.294449 
67.404930 422.914642 
303.340851 213.265961 
347.765076 370.406616 
470.994293 244.592926 
578.474731 89.217491 
496.979126 251.847900 
510.613159 317.009735 
309.072784 458.385681 
544.615173 344.376190 
330.947418 42.559616 
560.472839 125.030930 
34.455051 385.991180 
502.231537 65.130219 
401.422882 313.477631 
415.303894 203.973801 
103.524231 358.578552 
439.295074 192.853394 
225.566498 350.324219 
295.764038 322.942413 
197.015839 515.225708 
536.052612 577.014526 
317.186615 156.320221 
105.766273 469.969025 
188.948471 460.144257 
87.903053 48.240044 
476.263214 520.878662 
271.882538 342.022278 
83.408478 457.926483 
538.501953 95.224388 
219.042480 392.424744 
243.264160 37.310192 
471.180298 321.135559 
368.630951 535.118835 
495.112823 303.906677 
395.991241 51.444973 
412.105927 67.976173 
198.541718 367.067139 
543.225830 304.221985 
248.080032 271.250671 
31.715963 334.215179 
369.749390 221.612793 
499.115906 103.622765 
187.519943 43.675358 
357.873749 60.264130 
44.142746 577.155701 
486.201965 138.385544 
458.334625 129.992462 
423.960144 371.653778 
522.351013 495.348541 
336.865967 578.626770 
346.368591 482.406158 
578.664917 57.750591 
476.696960 467.943329 
538.369934 156.515610 
217.018982 446.858612 
270.958252 136.010910 
240.249176 45.944393 
422.614868 178.263397 
281.394348 222.110397 
527.339478 265.875854 
201.410782 341.782196 
86.679893 433.610718 
325.257843 223.154480 
264.007629 68.995674 
58.252258 371.946320 
502.491241 148.183624 
398.132568 207.949524 
226.294189 315.547058 
16.913952 509.947052 
487.316620 110.702477 
447.947571 283.152649 
343.872162 524.932312 
233.436813 81.298012 
580.220581 17.896194 
466.800659 183.467880 
253.075958 448.832947 
38.647751 579.998413 
493.004944 477.052429 
283.640411 174.342453 
273.206390 553.503601 
28.581398 157.097687 
488.647827 496.939789 
157.293076 198.425400 
322.135193 44.130821 
100.775940 46.457329 
470.625519 508.733521 
330.347473 173.530869 
325.731384 372.851196 
292.227051 391.862335 
297.179688 476.338806 
521.809509 315.631775 
414.563293 132.176483 
204.430817 303.037018 
227.943619 258.618652 
16.506016 535.797607 
18.736464 502.428253 
358.365448 148.336151 
488.806763 58.735245 
388.644745 391.654022 
236.829788 435.200226 
63.367268 59.150185 
509.074951 85.012863 
430.262634 66.820312 
420.111511 261.610779 
232.179184 38.784248 
579.020447 21.850254 
475.790466 354.125061 
155.541565 44.649742 
493.665161 528.476379 
277.873108 425.172180 
405.878906 524.742126 
211.117310 576.551331 
188.622543 493.571747 
29.627180 18.809526 
470.391052 77.862839 
157.257828 351.828125 
226.934677 404.871002 
279.662537 311.407898 
515.570374 481.888245 
16.573816 299.759583 
351.936340 289.464355 
503.374268 278.316010 
299.426056 448.635315 
558.455627 337.345428 
414.663574 82.980141 
438.884277 413.629303 
336.153564 62.568043 
226.545059 233.789780 
17.347233 396.722168 
340.556915 461.545563 
60.144230 17.269154 
529.944824 457.213898 
421.705414 221.549301 
446.544678 273.869141 
79.962944 503.403564 
577.962830 170.401627 
475.621674 301.157013 
287.268951 71.193451 
279.707581 455.974548 
305.859406 52.883984 
437.309235 117.848801 
453.375763 39.154266 
29.296942 73.046906 
51.033863 442.024475 
58.890270 525.991882 
520.284668 539.790649 
306.906982 235.966370 
541.812927 183.735229 
117.679642 96.487350 
17.611702 350.744568 
138.192856 498.910095 
128.267792 525.878052 
421.009857 18.203972 
502.974731 318.905701 
295.013153 392.288757 
530.934204 219.733063 
547.774902 323.464447 
341.949127 67.448341 
225.320465 558.454346 
16.650055 429.389648 
18.161968 539.913025 
254.627151 196.467850 
38.121239 372.909576 
384.170135 551.383362 
170.456146 466.917328 
505.472656 99.169296 
196.003357 65.978828 
528.911072 510.770508 
444.131073 233.381485 
580.477356 131.655350 
275.398895 131.182220 
409.291687 524.202515 
88.642899 354.135315 
217.622467 565.163757 
160.203186 50.074379 
59.009747 396.752106 
277.756500 344.374542 
519.133118 497.918396 
326.841400 54.487347 
16.988535 189.583832 
351.585907 469.437531 
250.437912 76.193039 
499.865601 362.858948 
401.102875 181.134598 
191.766281 256.473053 
73.163361 421.629028 
530.083557 275.374542 
365.518951 433.225861 
546.893982 73.716576 
232.314484 552.040527 
22.752745 384.701385 
256.477722 227.869293 
42.411907 18.972343 
387.159882 508.008484 
507.572052 155.016418 
403.065521 222.757080 
157.264893 363.039368 
535.237793 520.502075 
423.010620 156.868103 
214.046692 88.643333 
577.797546 277.441864 
259.772095 372.009094 
38.926132 409.098175 
283.618988 346.693115 
281.679688 490.894836 
66.717865 92.365433 
510.249054 63.889954 
90.728737 494.011475 
432.065460 35.729465 
552.240295 542.170044 
514.644409 301.197052 
473.091492 141.032578 
159.333771 83.870773 
58.285515 439.231201 
290.592773 168.165451 
179.217224 49.491978 
112.750420 375.718628 
354.285034 463.412628 
145.177170 503.698090 
484.913635 520.123474 
382.651031 50.340240 
494.503387 204.154449 
72.225609 378.817596 
531.426147 324.062256 
104.609604 74.639191 
238.703995 203.520493 
253.198761 181.568527 
43.445126 64.707642 
386.035736 275.516937 
61.927425 318.014099 
425.935303 94.889420 
553.412598 205.534821 
229.370300 257.612640 
127.481041 579.046326 
464.586975 393.957245 
261.470123 322.473389 
69.630470 84.316139 
91.170959 440.547760 
101.382179 551.018494 
433.880035 86.214378 
482.195251 78.059967 
559.643188 394.657104 
314.871094 457.340393 
523.131897 134.313309 
521.367310 578.232239 
310.186005 27.643152 
439.478058 131.224396 
16.517929 275.095306 
456.963837 64.642975 
34.574993 53.565998 
491.623779 514.054321 
191.643494 339.661713 
533.030273 332.908203 
313.689117 199.989807 
336.152008 228.324234 
234.045090 242.675827 
122.993530 53.010857 
18.321579 329.303131 
388.758514 233.066696 
171.003464 528.731384 
504.270630 261.720490 
406.145538 119.590439 
192.181137 178.300583 
431.959595 277.145355 
212.417572 361.011536 
557.734009 357.402618 
577.443665 340.000122 
280.211273 571.177002 
86.955414 60.784554 
219.876099 150.096481 
29.921356 580.138550 
157.360794 167.513168 
524.285950 178.895721 
310.454193 66.972588 
439.099365 99.097878 
116.874268 316.088806 
487.975708 483.095093 
413.467102 457.498383 
191.628662 284.228485 
337.368683 238.110870 
231.024368 430.306580 
22.301851 367.705231 
254.837128 76.412354 
270.699646 59.705620 
505.768951 316.037598 
406.916687 111.915398 
538.500183 186.257538 
425.359436 35.617077 
323.334808 538.541382 
241.034943 324.901123 
477.698547 130.880508 
515.998840 163.475525 
88.531334 90.054039 
331.667542 568.390808 
108.310570 508.701355 
116.961502 456.300446 
450.953339 203.942032 
139.569839 46.126980 
483.844513 242.003754 
97.251587 529.749023 
261.003357 441.523102 
198.849152 579.711975 
439.543884 141.235947 
114.752861 357.987854 
510.532990 408.599945 
379.873627 175.272614 
268.702515 503.496796 
502.763062 480.890320 
504.192413 458.695892 
295.040436 576.604126 
83.482498 447.911011 
315.284668 310.356171 
546.790100 97.049553 
228.664307 386.864990 
467.152069 211.666183 
271.340698 75.197685 
405.552460 153.591263 
535.169189 253.247513 
318.748901 556.710938 
481.428925 170.354355 
130.597382 58.009087 
475.795441 76.959160 
471.133575 468.411499 
478.546082 484.399902 
423.499756 166.836334 
512.126831 136.840500 
202.744781 52.871063 
98.196075 421.159882 
216.808029 66.532227 
114.657684 500.011597 
450.683533 532.091797 
242.550903 435.859375 
141.571823 89.738335 
370.293671 163.320496 
395.223358 396.767365 
292.979065 341.607666 
519.554077 66.432602 
116.398087 349.670532 
17.280451 24.836941 
131.493378 492.623810 
267.690491 457.953888 
162.534424 65.003716 
498.135651 527.731628 
186.035660 463.775696 
81.435104 487.829407 
317.165314 364.708679 
234.875137 178.092300 
19.027447 262.245422 
464.021576 281.460419 
389.068787 59.336693 
287.795013 467.463684 
536.123474 296.087341 
482.533264 446.712311 
344.913849 158.497314 
242.090286 197.497757 
579.955261 453.515778 
361.056061 367.042145 
155.178864 378.471802 
48.647743 46.243961 
391.758911 253.991470 
471.691467 456.472137 
219.963882 312.136658 
118.353195 496.277954 
560.615112 366.129761 
348.723999 47.526867 
401.969360 523.261169 
73.188858 68.771667 
544.071899 462.787994 
439.714417 59.723026 
223.857559 165.811737 
16.959023 55.098328 
133.070404 516.439209 
265.424683 419.832062 
190.974121 413.016418 
531.464111 117.004639 
317.600525 32.690517 
364.546234 392.188416 
449.762146 149.317963 
36.012062 82.342377 
272.931610 180.317093 
63.748924 448.605164 
192.944839 344.955994 
345.437927 203.593369 
244.032410 247.917740 
155.875229 449.967957 
156.594986 449.210724 
393.981171 200.648270 
513.594055 192.203568 
409.243958 134.430374 
199.225250 159.009766 
433.259460 261.820374 
218.726013 371.393860 
110.180374 522.402222 
251.582275 449.644562 
483.837769 166.417068 
393.191528 504.592987 
179.199036 517.378845 
543.599060 422.415497 
44.542339 417.487610 
506.549591 524.192932 
193.590195 391.842346 
377.772949 551.867188 
444.492126 178.892838 
234.929291 66.392891 
121.124702 320.687012 
21.452957 106.230858 
275.416229 225.790848 
66.246635 487.142242 
436.292328 407.760468 
319.485138 225.023499 
216.615509 511.269104 
576.541321 563.833557 
26.118948 360.615601 
261.622375 46.457146 
277.282806 72.183632 
527.483276 487.932343 
124.841881 487.937256 
117.316864 578.853149 
460.855133 477.739960 
292.656006 259.358002 
516.247009 158.047302 
540.914246 547.959412 
226.322174 83.046211 
460.145416 193.334747 
164.691818 92.872429 
509.525269 580.470093 
298.327637 29.875021 
195.737701 540.936951 
446.323425 136.268677 
191.981750 179.133347 
155.863846 251.538925 
273.849976 244.693756 
169.011917 88.651588 
71.132019 432.124390 
539.075317 88.382973 
110.862305 48.337128 
469.030853 208.829346 
259.414062 40.068756 
390.505005 307.037415 
281.327148 54.436195 
524.038147 528.826843 
412.751526 149.415741 
547.070557 502.732208 
540.141052 211.021210 
461.675232 433.605042 
249.910156 365.452148 
31.146696 468.069397 
264.102264 187.333313 
502.775024 76.383133 
291.705658 220.967133 
520.605164 93.164932 
417.833344 234.043549 
544.020142 508.621185 
547.229980 555.712769 
324.662018 448.955597 
17.299541 577.956787 
146.741974 66.575989 
489.206146 230.926971 
374.288696 161.169479 
128.123825 470.287933 
48.230503 351.613098 
298.898834 356.611206 
426.747131 99.292351 
106.191231 508.236725 
446.307770 66.762024 
343.520782 453.712311 
120.423584 335.269592 
464.724762 64.438507 
238.503036 324.043182 
170.541870 43.754993 
78.125542 454.583557 
300.376678 231.351547 
534.241577 129.227448 
111.385040 83.458115 
567.761719 21.092690 
473.192169 239.016571 
367.107666 476.754181 
496.227234 265.600342 
523.723083 186.069702 
307.755157 462.701233 
543.679016 365.728119 
333.775085 52.875519 
457.038422 394.266754 
137.829865 54.145409 
292.092316 558.172058 
181.836563 537.428528 
443.792267 271.978333 
488.574677 178.431961 
190.107773 580.107788 
482.484039 429.474213 
428.494629 138.339569 
314.086029 155.360764 
106.943115 451.570862 
339.406036 565.021301 
282.573639 579.025757 
373.991394 438.215820 
536.023621 96.238533 
321.538818 63.052837 
450.879944 165.164093 
580.472595 576.849304 
471.966339 293.929993 
495.977173 297.863892 
395.440399 35.097736 
515.558289 461.295654 
411.022919 64.713669 
89.041328 398.863983 
251.472488 276.544128 
500.809937 108.530518 
188.930878 49.877762 
536.665344 309.763000 
575.397339 128.202881 
358.914246 23.692265 
487.305603 146.566132 
377.213928 53.541927 
103.083740 423.079559 
342.332520 563.813110 
128.926682 426.125488 
465.013458 122.593948 
564.299561 254.034302 
534.248962 138.100388 
245.522049 206.460999 
217.638382 440.030121 
453.347107 158.680130 
127.247284 349.873169 
28.714708 101.020470 
366.271271 393.889709 
215.421188 415.441956 
526.851257 270.686768 
517.440430 462.149384 
86.630432 430.095734 
362.194824 187.989471 
562.324768 20.376312 
349.324158 202.167511 
532.999878 47.018646 
33.204792 283.485321 
264.668488 61.078060 
293.859955 428.903687 
519.445129 376.432129 
417.282532 168.856842 
205.662750 75.842438 
227.853516 251.373062 
487.317383 92.184814 
234.538544 429.359253 
429.246521 35.836235 
344.699310 531.880188 
228.405106 49.320740 
467.618073 163.405975 
492.688110 493.641388 
300.668488 344.774841 
322.052063 29.560940 
29.582703 155.344696 
471.518524 41.519409 
58.574425 516.669006 
394.643402 138.260864 
522.199402 315.414917 
89.243431 482.875793 
399.022766 311.662018 
325.749512 371.747101 
454.268372 580.447632 
527.136108 233.244690 
137.999359 97.108734 
501.501709 197.887665 
290.611237 389.483368 
188.242813 41.755013 
451.967957 512.281738 
519.038330 307.931213 
415.175598 116.596581 
224.429520 269.457306 
16.770187 557.160461 
18.030792 508.306793 
449.622375 118.513885 
255.339569 294.033875 
489.067841 63.701519 
384.621948 389.746552 
509.028687 78.571976 
80.688705 56.953587 
429.083435 76.761284 
448.850525 239.785263 
577.665894 159.421768 
151.950638 53.398903 
497.529968 522.592285 
275.950562 452.160431 
406.763733 529.871460 
300.547089 16.638237 
320.060303 162.149857 
555.534790 469.826660 
28.321924 16.521420 
470.601440 70.387436 
543.126404 148.828400 
335.026733 217.685287 
117.296494 63.951687 
17.889017 314.099213 
247.485840 141.471207 
574.515747 142.711639 
296.103333 426.875031 
74.004288 498.708160 
529.521423 209.758789 
414.141510 88.645103 
547.928284 332.126404 
227.232361 210.665619 
17.230280 391.172150 
18.108711 551.760315 
382.063354 501.874634 
377.078003 212.257309 
508.267883 132.427917 
133.936569 370.197601 
421.087494 210.309128 
212.024292 153.578232 
480.037476 495.556671 
579.193970 164.656052 
152.820343 95.353928 
494.967102 577.116333 
283.890778 72.907532 
404.383362 379.557098 
302.195648 44.287628 
110.645187 303.604584 
556.019775 428.207001 
28.620504 71.160728 
156.544785 302.878052 
58.773457 533.991028 
540.957397 177.859222 
324.694580 68.280472 
17.732519 347.475677 
460.585541 181.753922 
577.480896 474.729431 
573.962158 289.605133 
396.311279 146.901382 
299.889404 396.567322 
77.548759 460.214386 
529.823181 210.123108 
416.384460 33.679859 
527.102356 348.115509 
444.092957 436.995636 
17.881645 444.799469 
18.106163 545.188965 
356.565216 235.485931 
253.899490 191.581848 
40.538101 366.269806 
508.291077 94.540306 
50.831944 405.646881 
193.251770 56.793648 
78.149406 119.575661 
537.217590 459.155334 
424.297852 169.543686 
579.532410 121.606148 
365.703339 37.384762 
36.721527 471.957031 
277.462921 500.585358 
412.928925 420.979218 
101.799706 580.209229 
433.325409 167.811752 
513.872864 298.767303 
161.974319 44.308792 
412.105927 155.152679 
293.536865 161.668549 
525.761902 59.846924 
516.223816 489.032471 
544.434814 137.352692 
324.907806 29.960558 
457.441193 143.514771 
248.635529 56.659935 
145.458786 487.977783 
379.815857 304.123352 
399.871399 176.890671 
190.678391 259.602081 
74.501740 417.050079 
531.993958 268.649902 
459.889374 551.086365 
239.477066 358.859985 
229.834808 550.730713 
18.226929 395.207794 
356.719269 232.916275 
374.382965 246.232285 
509.327576 148.222580 
403.050354 229.442520 
537.049072 502.932007 
443.726837 228.973511 
213.175446 47.409489 
231.828949 265.919586 
474.184692 199.696381 
262.930298 335.522247 
41.579517 402.526031 
287.357635 348.852203 
515.364075 46.848007 
94.656929 502.040558 
110.530830 386.641632 
552.960938 536.602905 
59.024479 447.973175 
290.288940 163.237198 
527.940613 97.283951 
200.335205 509.036896 
204.758774 389.496796 
352.243195 425.474609 
356.105164 473.799255 
480.348938 515.896301 
491.773438 546.553650 
190.637924 207.230377 
529.910583 320.107422 
447.807037 425.420380 
237.987885 209.053558 
123.091080 89.787460 
19.132294 432.849335 
257.513092 179.002762 
45.417591 68.346581 
376.642914 495.987732 
91.211166 356.043793 
313.977173 435.795868 
343.130005 23.496445 
228.974823 250.742432 
576.681030 228.119171 
479.480713 144.703690 
365.965851 146.015823 
263.335449 324.385040 
67.647179 45.860249 
304.525665 181.074768 
94.781059 445.730103 
100.972000 496.082642 
433.999359 83.151794 
563.095276 399.025574 
525.380676 142.082092 
306.164398 32.491119 
325.553375 157.677536 
17.451733 100.147751 
459.488800 55.229721 
261.983307 137.520508 
484.717590 473.369415 
491.941162 517.470398 
265.774261 577.334473 
498.279175 450.359558 
398.492157 66.173874 
190.864334 345.707153 
528.975220 377.238739 
316.018097 195.682510 
341.832733 227.185257 
222.844299 379.700531 
121.442169 47.476128 
254.833298 137.973038 
376.287781 523.340576 
238.320068 471.595917 
509.145874 257.013214 
536.594543 223.937134 
215.576126 370.910339 
554.629578 349.956757 
229.028427 204.278732 
580.272034 332.705933 
464.482574 438.469543 
259.153473 275.656586 
67.174034 39.556801 
512.284973 153.816910 
131.700027 88.101532 
97.014511 502.917358 
334.392731 533.810791 
219.498123 148.759003 
225.520660 469.387787 
523.789673 180.559204 
524.910706 377.674408 
358.517517 557.617310 
134.969604 445.832275 
491.162842 467.221191 
500.961060 444.681976 
190.572327 290.387543 
551.548828 157.138687 
336.227173 279.354980 
231.975967 445.568451 
21.612938 374.977936 
465.608246 202.289505 
256.031708 66.877777 
376.219818 385.760773 
272.438446 63.147095 
505.297302 307.979919 
404.626953 164.111389 
537.193542 197.449005 
552.721558 306.233826 
241.662079 323.965393 
477.106293 476.554901 
68.208321 369.558655 
511.479370 169.845612 
203.732178 89.794304 
96.210396 461.804138 
351.537048 578.774475 
110.911736 500.911743 
115.859314 466.990997 
244.870728 425.938660 
142.627777 48.193665 
480.949127 235.018204 
369.267365 153.610611 
443.564850 147.229095 
114.301224 364.761322 
579.405945 110.389748 
383.168457 180.342102 
501.965942 486.790009 
78.018806 431.519592 
550.628967 105.319008 
238.595474 143.721405 
263.536407 449.897400 
465.547516 220.732208 
36.388733 156.082214 
63.961754 547.161499 
396.520264 200.723083 
407.306732 156.031570 
193.455658 276.302765 
534.404419 239.695221 
580.366516 442.546844 
466.441498 500.764008 
470.921265 463.653290 
154.431442 414.512756 
494.921295 61.173618 
466.765930 476.222900 
515.162292 118.480034 
101.593262 419.984070 
217.930649 63.159706 
116.568596 506.568604 
244.945923 426.540192 
139.794449 95.902954 
34.264408 572.355103 
289.231598 333.900909 
300.247101 472.286072 
519.487976 87.709068 
544.052795 427.790253 
455.303009 232.441330 
226.289566 151.621109 
17.613800 23.791397 
265.083130 451.142822 
499.055817 529.602539 
310.943542 188.238556 
180.886993 49.394661 
83.601135 496.372223 
419.877380 548.482544 
317.591064 354.120728 
337.544098 340.201141 
236.310272 184.801910 
21.032646 265.658081 
466.464447 262.115112 
388.537109 52.194321 
65.701111 504.730164 
67.444275 552.313232 
311.798218 573.925903 
428.074005 412.907013 
434.850494 530.687439 
527.310425 306.858246 
347.310150 143.250717 
243.955719 187.704742 
577.283203 399.964844 
472.373169 521.473816 
155.805130 388.559265 
50.233879 87.854141 
391.563660 238.225342 
522.231934 413.426849 
87.840157 577.740051 
217.568359 310.823608 
109.993462 530.183960 
348.838959 64.053535 
267.871063 306.722443 
185.954620 578.157532 
309.006378 154.902252 
541.877014 384.853973 
442.324280 64.475220 
17.260178 73.311409 
457.076813 275.369080 
444.050293 163.362885 
190.537659 415.710815 
83.475609 538.148071 
315.470917 28.197945 
444.707062 140.283081 
19.342173 115.378853 
40.837269 52.358295 
275.571289 167.923874 
65.645309 439.631744 
67.734390 499.804504 
407.823181 49.487831 
196.017334 338.197205 
536.434326 346.999878 
432.425049 394.715820 
212.880310 486.755829 
342.272705 206.062729 
242.818863 244.830780 
577.124451 405.728119 
472.136902 547.467102 
156.032608 439.693542 
495.702789 149.411163 
395.371674 204.041641 
278.544464 40.113861 
527.669739 453.604126 
410.122345 129.402603 
399.546265 234.072281 
123.692345 497.706543 
427.619934 253.458908 
450.218109 427.533325 
520.237976 170.073761 
561.469727 565.132812 
551.109009 430.466431 
456.881653 177.984039 
47.832233 423.271851 
488.618591 297.229889 
293.041138 568.561951 
297.159027 62.436756 
192.055084 387.110291 
531.403748 167.404373 
485.481415 543.405029 
237.305893 74.569786 
120.815414 313.688629 
18.046827 108.218956 
579.684692 216.344482 
41.328003 32.576950 
68.776871 496.134949 
193.073303 295.317627 
219.084274 505.246002 
577.080872 556.662292 
24.240278 358.540222 
468.086487 216.998795 
393.268677 345.512573 
278.146179 68.196579 
515.599976 336.337524 
409.339874 182.712280 
551.585510 543.084595 
542.606323 275.069427 
219.142807 223.320297 
453.402313 424.194855 
350.198120 145.132080 
249.103760 304.688660 
27.461285 461.469543 
234.545044 481.223480 
498.442017 41.720234 
181.981979 517.092224 
521.076538 154.212616 
205.593536 90.940575 
362.194092 295.497040 
547.077942 425.027557 
329.346283 460.415192 
224.022980 85.653252 
460.035583 191.693909 
147.930176 57.477959 
487.882324 264.640228 
163.223877 96.630394 
157.871521 464.100525 
195.973663 535.003662 
443.161469 438.001434 
337.677643 455.765869 
101.323235 485.144653 
22.976181 151.539337 
478.356354 540.852295 
253.494278 580.353699 
155.245880 254.696976 
172.738770 82.418640 
66.885986 440.069855 
302.075989 197.799606 
319.903168 370.218842 
221.619202 560.953247 
511.732513 342.068146 
365.370605 428.283295 
412.110168 104.799316 
511.974579 286.948608 
305.163208 464.076355 
540.984802 229.015121 
461.518463 431.580200 
484.188141 74.366371 
56.403736 17.598070 
502.677429 83.927246 
516.754150 111.272743 
416.462219 242.307480 
546.523804 558.414246 
327.581635 439.048279 
16.689789 573.520020 
194.369934 494.250488 
426.589355 104.914360 
103.700226 488.875946 
343.703644 461.202667 
101.041466 89.259552 
566.082764 381.880951 
462.881012 44.820080 
67.871414 385.670776 
82.330643 121.415085 
220.606979 421.561615 
342.667786 357.946411 
27.707727 271.697937 
362.681030 386.188477 
65.001205 481.187622 
496.518646 263.016998 
525.112000 197.976105 
86.969574 410.671295 
542.725403 355.407928 
333.907349 59.786190 
350.111908 353.983673 
350.856354 135.544159 
247.922089 221.225220 
438.924042 276.950348 
526.497314 580.468811 
284.616333 575.856812 
130.062363 504.297455 
380.166229 437.067200 
431.342590 146.413162 
104.526207 461.730255 
351.974121 561.452087 
18.386650 44.359299 
478.101990 432.756744 
296.458344 569.920654 
561.646545 558.945557 
274.754425 331.799500 
401.503632 252.566650 
535.484558 179.309982 
295.346710 480.610901 
219.089737 379.928406 
33.819065 70.765099 
454.271271 173.331284 
578.626160 575.474976 
468.668182 286.351044 
367.171356 527.726379 
280.930695 160.619965 
525.256287 235.119293 
200.233994 358.156525 
246.971436 263.215973 
35.999130 370.938446 
191.236526 56.037933 
414.614838 159.238007 
206.051422 41.896679 
548.229919 259.058838 
237.730209 538.472412 
572.730042 133.418396 
18.901443 575.423889 
359.492737 25.333872 
382.366699 378.686218 
239.831619 425.187561 
342.965881 564.180908 
463.493317 150.846298 
497.575317 457.598358 
537.940247 145.587097 
113.436981 185.449295 
450.456635 115.870644 
240.823730 79.442032 
126.949883 334.380646 
368.564484 396.298706 
378.065186 556.477112 
391.555389 175.368927 
522.324341 277.976654 
86.496231 449.377350 
542.608215 55.832581 
563.562012 24.743706 
349.629333 218.635330 
382.141876 235.817520 
397.828461 220.605911 
415.016296 105.321930 
204.246887 66.282112 
226.481857 253.654892 
172.349426 577.769714 
426.628967 38.715996 
233.230133 46.226093 
565.660095 563.124878 
255.049896 457.072601 
495.987701 490.610657 
304.765900 360.010956 
318.215729 153.603912 
59.600384 503.576996 
394.340118 148.894455 
524.069092 320.099396 
308.013184 215.569794 
88.612839 479.138428 
117.610817 77.857208 
248.588135 177.303299 
133.420609 92.418556 
396.345917 246.157715 
521.116516 329.528442 
418.107849 121.134117 
223.146927 198.780762 
17.007208 547.718750 
19.094414 511.098633 
359.773132 161.215302 
253.801941 312.206940 
491.861725 42.109581 
388.701385 380.509583 
505.931885 76.612228 
429.266479 80.320862 
425.108002 272.046204 
447.861450 257.764435 
579.017151 153.694504 
259.660980 452.577667 
496.074341 543.709167 
270.590759 459.223480 
278.724335 385.229431 
318.695007 352.637054 
408.102997 502.431519 
437.519562 97.882980 
450.402008 54.809181 
469.109039 86.425385 
53.559818 420.862213 
99.210175 41.585823 
542.217163 142.776123 
335.713928 225.029541 
328.730682 323.174164 
16.832586 306.552551 
130.916183 92.321800 
381.066284 227.742966 
75.876274 492.061066 
528.247314 200.051239 
416.901245 66.239746 
208.438507 343.201721 
336.637634 52.329361 
225.357040 218.729828 
16.804693 408.126465 
19.319023 556.776917 
376.993622 229.261978 
528.751526 492.533081 
422.368896 228.242157 
130.992981 491.248138 
151.273758 98.550690 
275.807770 500.089355 
280.942505 466.123779 
529.011597 137.848831 
111.407440 481.673096 
27.150404 61.183514 
468.559113 114.644852 
53.286152 426.401520 
58.924366 415.782654 
518.316467 500.298645 
201.767151 382.977325 
541.845154 101.618225 
17.300327 360.562805 
353.499969 426.581451 
139.167831 510.864380 
31.381805 155.021469 
499.944092 283.468536 
397.983246 140.777786 
74.657356 454.446991 
532.264954 255.176178 
416.022644 39.107395 
551.948242 287.838470 
449.876617 426.908722 
239.176239 321.355530 
16.964378 440.604980 
18.593084 407.099731 
529.276001 499.398346 
317.478973 419.319366 
578.083862 117.278267 
478.206116 262.573090 
353.016541 386.231598 
412.530457 419.933502 
515.096558 332.884827 
436.535248 16.758308 
334.062561 413.070709 
113.704239 353.802826 
557.430786 379.134521 
470.490936 173.208282 
124.704552 501.250824 
459.743225 135.228271 
481.753235 551.167786 
191.780411 266.086823 
74.399605 413.290741 
532.177185 263.091156 
103.192459 93.743340 
336.054657 159.659378 
238.718552 362.136780 
18.289597 399.728638 
256.579773 138.318527 
509.652374 140.311508 
405.439789 190.886688 
537.289001 504.643188 
422.349854 123.899887 
212.153839 50.231510 
230.389786 260.455261 
580.166931 266.678772 
475.767090 208.211426 
262.988312 336.606842 
513.233276 48.043846 
90.472328 506.729156 
89.001465 39.550663 
433.161407 18.207348 
332.354431 454.269165 
552.494690 532.927368 
56.025723 431.449402 
526.191162 104.509743 
310.179260 331.950714 
349.183685 419.719910 
354.230194 426.463684 
144.852890 534.852905 
485.879517 508.922333 
381.183899 61.312046 
397.773987 31.045414 
454.088104 150.213898 
532.290344 312.965851 
102.813118 64.424614 
444.875946 415.188232 
235.345505 211.794617 
358.730591 373.537598 
46.455524 72.543579 
403.720215 280.839874 
196.084183 158.104507 
536.440063 549.891663 
421.948547 104.188789 
322.927673 462.313293 
555.996399 195.633514 
344.258942 25.501028 
580.195312 226.720276 
477.857452 152.181061 
362.807892 138.996231 
258.899597 287.098785 
67.271446 49.355606 
94.383011 454.682800 
97.949593 490.139893 
433.660217 75.617874 
451.342834 273.549774 
522.050598 148.765381 
442.661011 115.898766 
327.004669 155.869385 
132.721420 579.533203 
355.466309 423.182892 
34.531033 84.661827 
488.530243 499.010895 
268.437042 575.239380 
498.846313 456.616669 
190.980148 348.005157 
227.330109 385.651031 
251.138031 453.434082 
387.921906 219.666794 
173.340958 516.152527 
193.471252 162.523224 
538.840820 230.002960 
424.746765 64.597946 
214.689056 375.779510 
229.762299 201.496567 
579.101135 372.673096 
467.882141 448.729675 
259.279510 277.773804 
157.419510 578.260071 
513.451172 158.257736 
92.716347 397.735687 
101.849899 444.437469 
330.300568 538.139648 
108.558037 466.244812 
452.001221 216.865219 
291.608276 72.115364 
535.098206 280.570740 
572.261414 573.802917 
356.524628 559.798767 
481.213928 421.341461 
487.777405 470.467316 
502.840729 498.354675 
191.424698 295.880707 
80.008568 416.138397 
121.561699 93.794647 
22.597336 332.229370 
372.577759 383.189911 
271.840973 45.684921 
289.005646 433.618805 
402.069153 169.037598 
534.507446 270.321228 
578.738831 283.236877 
465.137146 487.061554 
440.558899 387.832458 
510.454163 105.771454 
100.656738 452.293945 
333.509308 580.019531 
111.969376 521.427246 
114.842308 470.494812 
560.372742 295.544434 
143.351639 55.127518 
484.093872 279.097198 
290.781464 32.673328 
190.967575 213.253311 
118.102982 368.730957 
17.380850 178.216431 
358.635071 505.668396 
525.033081 379.324615 
498.297485 494.863739 
79.306084 433.606750 
551.284241 113.760147 
338.773254 324.049225 
238.900116 145.634064 
229.018356 396.867767 
36.745995 155.099060 
375.708374 434.590912 
285.241241 433.883759 
193.578003 273.612885 
537.880615 240.222321 
555.462402 68.291550 
127.149788 43.811440 
467.653992 506.783661 
468.310364 437.844788 
80.194145 528.138794 
512.402649 124.957008 
408.667450 205.702393 
203.914307 41.233715 
96.231636 412.369324 
432.168823 188.657150 
218.057480 58.495392 
118.522789 511.623108 
454.836578 545.565613 
245.448792 473.307068 
140.713547 97.000809 
33.354652 579.207581 
395.576569 387.053131 
53.682308 433.683624 
519.087830 81.325760 
326.708405 579.557434 
449.314087 173.703934 
133.539169 523.539185 
543.179504 349.947021 
190.557632 379.925629 
185.378723 47.134953 
528.769165 99.851395 
415.160950 554.757080 
312.107086 351.483246 
466.845795 267.708862 
285.753571 383.568970 
406.428925 16.945580 
535.278259 287.559540 
345.714325 144.316574 
579.146973 393.189606 
464.845184 549.978027 
468.364685 511.121979 
151.408829 464.769409 
53.064369 80.622795 
395.884308 241.935211 
526.305847 418.638519 
409.142639 258.878052 
433.999084 245.817642 
452.551086 491.142792 
348.621704 59.911366 
249.127899 467.562195 
369.802399 24.920643 
268.245422 300.428223 
184.450912 574.450928 
572.578918 398.231201 
307.760376 156.092285 
16.755236 68.011902 
461.162567 269.214905 
135.176392 485.040070 
43.599781 389.826813 
499.204437 576.891296 
190.571960 425.699188 
533.326050 154.118164 
414.167358 503.309967 
445.100555 160.993469 
234.001450 40.306973 
272.375183 407.588715 
81.518211 38.078167 
37.718964 43.445755 
272.519653 171.093964 
64.536057 457.940521 
71.802299 507.568970 
407.647064 58.770229 
193.052948 331.552521 
93.452477 93.934525 
535.290955 348.678802 
323.548340 269.793976 
243.444214 234.321350 
578.593140 542.527405 
155.304672 432.066376 
159.622452 458.354309 
497.727386 141.083008 
395.498138 186.889618 
276.167389 33.355087 
68.815079 211.135132 
527.622131 460.159119 
409.272949 120.967941 
540.092041 238.686371 
454.581573 433.036621 
249.034424 436.888275 
579.670593 532.015442 
482.638000 104.509369 
239.253586 479.082794 
401.306122 399.200470 
178.914124 504.346313 
227.718048 414.943085 
521.127869 165.258789 
543.763000 532.425659 
567.386963 377.276825 
459.446686 226.432663 
489.501678 305.631256 
192.234436 378.892517 
102.667572 580.429260 
190.503677 441.830841 
445.091095 92.577271 
236.471497 81.884392 
18.923309 164.548035 
385.159821 154.049515 
533.621704 88.466339 
192.128448 290.829803 
343.634216 253.457870 
577.554321 546.959229 
27.155733 350.881226 
472.779602 212.027283 
263.494873 57.576828 
494.288330 195.412140 
525.873962 501.223022 
413.316223 174.653641 
198.567703 90.718475 
541.642273 194.578278 
352.553619 139.897705 
247.246185 282.343201 
483.119476 65.078110 
290.792053 199.677032 
180.663162 512.929871 
521.637207 120.242981 
541.752686 558.613892 
549.825378 378.422791 
325.167938 451.292999 
575.038208 17.258732 
566.835632 579.834656 
149.773575 49.588833 
43.533581 469.560425 
491.228485 250.762283 
196.082855 531.335510 
414.586456 419.265198 
106.660980 525.271667 
84.155266 512.736816 
23.395716 158.898682 
479.729248 546.008057 
256.633911 571.792419 
141.856735 577.190186 
168.177994 77.757874 
71.246773 445.815491 
528.707214 504.268127 
212.277359 387.096649 
25.704533 213.533951 
361.378204 424.557281 
153.571945 543.062927 
161.322037 542.625366 
85.526062 35.860001 
476.057312 513.454651 
510.664581 293.871185 
412.886017 38.065704 
541.159790 222.197296 
559.234009 98.918228 
460.946899 425.739563 
147.097214 577.677063 
485.214905 70.974869 
369.446472 367.815247 
264.927185 174.624664 
499.433533 89.370361 
517.688232 102.521461 
545.015442 520.131592 
551.873657 566.357483 
326.803558 409.487823 
227.959381 39.467613 
128.941681 503.937042 
376.719360 25.842222 
299.066406 344.176971 
421.009796 409.217438 
106.239174 493.503326 
569.458130 401.901123 
479.496704 492.652435 
513.929260 542.222107 
68.949150 394.845947 
539.590576 116.091034 
321.799622 319.729340 
216.974243 415.667694 
481.841339 462.397644 
342.355621 365.238647 
473.985626 248.294205 
160.254959 474.382294 
495.452362 278.900146 
278.061096 169.441422 
525.546692 202.248962 
84.184402 402.533630 
545.921326 376.221069 
331.507690 60.511875 
513.337036 278.497070 
559.088501 140.551682 
250.525726 199.933640 
268.299225 135.723328 
59.332867 60.064194 
176.091324 467.697662 
518.389465 256.839294 
417.444427 195.924652 
440.354736 263.774719 
488.286926 162.855194 
234.573242 419.358612 
430.534424 150.102127 
445.526550 39.341263 
123.984848 469.635376 
18.047340 52.256481 
475.696625 438.993988 
262.657806 572.534302 
275.835297 341.947693 
539.954773 183.541672 
321.773132 51.445015 
454.127228 179.147675 
473.431274 300.830811 
53.740124 493.057922 
494.584839 308.114655 
239.858459 256.050690 
527.884827 241.246796 
302.361420 568.741333 
202.204865 362.977417 
88.308983 461.246338 
545.296875 310.307495 
246.643127 269.521851 
33.928013 373.013763 
368.585876 236.607254 
397.480774 214.801712 
189.547073 60.863159 
519.131409 186.951782 
415.537964 138.673569 
328.457123 542.486877 
237.949173 540.207825 
17.579369 481.364502 
22.182837 580.483643 
378.221130 386.445312 
374.385345 61.406727 
313.818604 580.443604 
102.909569 408.477325 
568.763733 569.549011 
464.246033 157.730194 
257.142883 521.307556 
263.852936 569.964478 
493.022583 450.398987 
275.653992 382.666138 
304.717133 325.333496 
312.780457 439.994965 
452.815704 123.582932 
244.727356 72.849678 
367.609680 381.244049 
495.199585 364.407806 
525.648071 286.038910 
310.296906 561.155334 
88.908066 440.381531 
334.506042 146.054184 
115.227295 41.569565 
348.636597 211.875824 
35.516521 319.254456 
381.484924 242.634598 
264.198669 53.935196 
55.856655 363.395386 
502.416992 210.472351 
288.914734 467.879669 
520.090088 337.014679 
416.619843 112.721222 
206.681290 87.103371 
226.552353 238.374527 
17.947544 514.612976 
363.278198 293.290344 
295.338867 232.994080 
530.333374 378.046143 
228.906082 61.418404 
253.373932 453.440338 
258.510986 515.956909 
492.717468 505.037872 
274.127411 445.107147 
172.017288 96.370522 
402.017731 550.140137 
305.653809 357.504974 
323.721405 160.538559 
70.134674 476.844788 
454.969940 66.280960 
53.108009 556.366943 
55.817352 508.781769 
391.088928 131.027435 
176.501709 90.496132 
527.402405 324.185791 
199.592850 469.807526 
86.324387 494.941284 
351.120148 362.707794 
247.074188 184.713409 
501.375366 206.788239 
299.550140 471.921753 
321.543518 181.737259 
516.229614 322.584045 
416.947327 58.659298 
442.785400 531.101440 
227.538498 207.053436 
16.969704 568.294617 
18.291986 518.659180 
490.077972 49.916267 
65.864998 86.327065 
507.587097 66.104073 
404.089081 310.093506 
80.288345 47.391171 
428.049133 88.918304 
423.105682 244.564774 
577.899353 144.420471 
254.748932 412.628021 
260.954254 458.052277 
287.839203 42.905231 
280.354950 382.250641 
530.825867 95.036301 
301.317261 29.821014 
95.154716 578.496216 
434.633728 94.552048 
451.027679 65.753746 
569.514832 17.576647 
53.109840 416.497681 
281.881897 290.864685 
510.160858 498.976654 
87.070793 524.207886 
541.254883 160.000610 
17.657812 329.994476 
251.720703 35.000481 
483.619720 578.303162 
499.299469 247.308090 
190.195145 92.280106 
72.295036 486.646301 
529.066101 197.191605 
415.007690 74.400436 
206.001602 365.434021 
549.416260 342.350494 
339.742798 46.964436 
239.009399 285.472534 
17.573605 407.573547 
19.938190 560.726379 
379.748718 513.724915 
387.867828 522.356384 
61.938324 18.030144 
506.818207 121.937286 
528.902832 489.870667 
535.319641 379.087585 
578.453918 102.047256 
362.654846 69.267990 
272.572113 505.309479 
278.647125 434.917938 
90.658089 522.894226 
322.803833 122.288879 
372.577576 503.300964 
29.586428 57.564350 
421.132446 152.343124 
57.688412 421.665527 
462.108734 136.587830 
332.344055 275.824432 
115.422935 163.641937 
17.277039 358.513519 
461.244812 172.253540 
500.477478 290.137085 
294.778564 389.205994 
73.494530 448.219757 
533.391663 251.187439 
227.417862 556.447388 
571.359558 310.285675 
18.158028 412.780884 
252.757660 198.347595 
384.505371 485.126953 
62.050037 364.105042 
504.471832 177.069336 
193.898254 42.905373 
528.393738 545.005554 
428.993408 363.512299 
554.063477 270.539490 
231.928909 318.113007 
577.770203 256.235199 
477.212860 267.945496 
362.875488 24.028612 
284.645050 32.500923 
334.238403 415.434265 
554.221741 567.386536 
274.022186 578.952942 
76.745369 508.045654 
470.235535 167.418152 
160.473404 57.169346 
475.931183 40.677788 
523.087952 69.602425 
199.363770 526.037170 
329.409088 36.361195 
350.736847 378.717010 
248.555634 44.820911 
149.678940 478.075989 
35.091686 102.965973 
190.741135 272.029388 
530.177979 301.419952 
551.016907 375.249084 
106.955086 96.507210 
18.604383 450.698334 
45.328259 39.619755 
40.607197 289.998596 
386.848358 247.632721 
509.787476 229.721375 
402.852112 192.479004 
529.846924 549.497253 
538.725891 487.205505 
424.056396 114.667877 
212.770874 59.060638 
554.509888 228.132477 
231.809326 276.693481 
476.077301 212.220749 
515.563293 79.017960 
92.332237 513.098206 
97.354233 523.168335 
434.921814 64.201904 
330.845062 457.505890 
454.117310 282.477325 
482.548462 353.666687 
57.481178 435.043732 
522.676270 109.271240 
82.087837 508.787659 
309.143402 336.459991 
205.468750 398.039856 
349.953339 530.407898 
483.399963 500.412415 
490.563446 534.556335 
396.437653 52.680679 
530.575134 309.589874 
313.472290 222.896057 
104.894562 42.403751 
238.291397 221.193512 
85.149818 463.169403 
18.976017 444.021301 
46.795052 79.122307 
373.121460 553.269409 
165.086578 480.342010 
404.925385 236.204437 
197.158936 154.811386 
536.805359 555.969727 
420.380371 75.550865 
285.899445 490.439392 
228.235977 210.893967 
21.765545 24.379520 
476.698029 159.216080 
258.541687 292.774445 
68.736229 59.286861 
301.073151 576.071472 
90.071304 460.411621 
86.071091 88.565887 
437.681152 67.680794 
109.625198 426.126404 
563.873474 388.471497 
240.200821 544.148071 
482.039917 355.509308 
293.885803 62.205956 
525.439392 151.471313 
440.102051 123.176613 
17.009693 112.472229 
247.840363 38.304405 
356.043671 383.495789 
132.345734 450.914917 
484.537537 456.880554 
486.147552 509.080872 
266.778076 569.911011 
498.352600 465.507690 
191.224518 354.267700 
340.448883 214.344452 
235.484894 262.722870 
21.950678 297.771118 
270.327118 34.722538 
399.100220 190.863876 
407.632416 137.108429 
538.288208 212.899338 
422.346924 56.946537 
552.618774 341.509857 
244.731995 300.222748 
578.272949 366.522278 
463.581665 430.350250 
379.310272 58.085331 
287.030365 252.453079 
476.110718 44.956650 
512.719910 140.758636 
94.766586 407.856171 
96.060081 440.640503 
330.429443 540.490723 
218.373718 41.495575 
116.604774 387.001801 
560.302368 431.959564 
532.104919 476.117249 
158.474579 97.838219 
395.562897 450.007233 
292.183838 70.569405 
574.967529 576.011841 
34.325470 41.004089 
490.442657 453.368774 
501.061859 507.311127 
79.688942 424.645477 
16.652796 490.025238 
550.552490 120.538315 
480.317810 86.690063 
20.884106 336.885803 
462.437256 189.512817 
252.199844 80.199677 
374.755920 398.888855 
283.106598 493.193604 
508.186096 298.121552 
403.608459 176.583572 
427.027679 531.339661 
580.433044 324.554077 
53.151127 17.163435 
225.664597 436.091492 
78.988449 527.777161 
512.753113 112.152908 
110.996132 510.906921 
562.820618 300.942963 
241.019363 408.399719 
142.410614 61.280231 
482.242920 271.321014 
366.278259 140.794052 
177.589905 578.256592 
454.060791 549.556091 
443.737854 41.076969 
117.068108 373.965179 
448.885101 152.811203 
166.646393 84.686584 
295.417236 162.440048 
82.191864 465.231567 
339.671478 323.833649 
233.142136 394.463898 
18.692421 187.267670 
254.569244 40.229336 
286.054230 441.664673 
192.550598 266.762482 
537.805786 318.200165 
241.502228 363.392242 
468.547760 431.369507 
262.022522 177.116653 
50.202702 18.232719 
496.112793 72.087631 
510.743835 250.668762 
412.377625 198.347687 
122.636017 509.920776 
219.625702 50.567760 
114.333542 519.994385 
560.217773 346.948364 
245.964310 466.147400 
366.278839 17.085022 
265.539337 338.542267 
398.776489 501.893555 
75.176682 91.135078 
518.042419 50.193676 
308.623413 168.625320 
265.961670 442.912537 
501.619568 543.480347 
506.825928 496.990967 
191.583084 388.119446 
74.424896 579.551819 
79.717583 484.216919 
561.945007 383.470764 
338.207642 376.734161 
284.406464 169.963409 
466.156128 297.667847 
38.940086 105.903275 
283.508026 387.399414 
463.037231 399.136688 
406.279755 66.266930 
537.172424 289.535095 
346.510406 226.749451 
243.539658 226.798843 
580.043213 385.969238 
465.000641 553.021057 
153.095764 471.039429 
51.488708 77.330711 
394.667145 222.832642 
317.615753 454.595886 
411.113739 257.954132 
100.544319 361.236938 
561.816345 361.045959 
247.270233 471.151062 
484.630066 143.179825 
371.956879 56.253395 
268.724976 294.903229 
58.463051 114.652626 
399.098816 556.460999 
77.225586 48.504444 
132.432663 479.462952 
43.296165 392.730316 
197.256699 463.525970 
533.083740 148.640228 
337.506104 378.237885 
237.660217 45.140297 
37.639034 61.905869 
60.000000 450.000000 
70.658173 514.846619 
402.659149 63.009556 
194.458618 372.083496 
427.091095 465.160461 
323.115845 200.797333 
245.694336 276.946381 
578.932190 538.668335 
468.466736 559.726257 
258.634094 66.096992 
157.225403 453.531952 
305.832886 395.318787 
390.105621 194.752670 
526.817017 463.813629 
411.663269 118.721039 
540.214844 257.422516 
451.577087 441.470642 
397.139771 395.480743 
175.620209 536.863342 
521.932556 183.726273 
441.506470 284.053467 
224.494797 54.513096 
527.172363 303.435364 
146.337357 41.713703 
487.298950 285.340851 
414.332092 455.737274 
314.719269 66.997429 
102.949615 560.822693 
444.750122 109.706947 
97.922089 52.511475 
19.607220 173.787354 
389.112640 144.992737 
193.423874 284.063782 
91.892174 45.586143 
437.659149 433.246826 
323.458496 219.017990 
580.011047 496.352264 
471.018158 231.902054 
262.964966 61.040062 
53.587124 374.840393 
527.379517 507.298157 
301.409851 448.606445 
541.342712 188.302399 
475.150208 486.900879 
246.332275 289.085693 
396.996368 446.133942 
541.668091 484.175568 
573.452820 18.913050 
126.268646 518.140259 
147.020554 42.984715 
486.289368 256.691223 
372.711304 183.818481 
196.694443 525.746399 
419.049164 422.026520 
446.598724 42.821938 
346.149170 380.855530 
21.542179 22.492783 
463.910522 39.761509 
301.494476 207.503510 
92.099457 89.734665 
320.885162 356.076569 
110.064644 58.409821 
35.587723 80.454468 
240.322556 144.830826 
493.052856 245.511932 
278.949219 132.145493 
513.725037 318.272797 
408.934784 34.653500 
306.022339 395.590637 
540.309875 339.547943 
335.444000 29.516331 
558.545044 130.088318 
456.472137 417.237793 
366.744110 375.812073 
267.512207 173.349731 
498.388367 47.038177 
206.512253 156.835876 
544.405212 515.363159 
547.202332 523.205261 
325.192719 407.395508 
564.934082 362.518646 
147.426895 96.419853 
490.269470 199.841660 
294.081238 353.864014 
428.323608 114.449768 
423.801422 406.537750 
23.147217 17.430351 
478.887543 498.936371 
253.811676 525.485474 
153.757782 284.004150 
275.240662 327.764801 
537.148499 123.049850 
366.540894 517.406799 
492.764343 271.291382 
392.847778 54.180275 
281.983032 167.454926 
525.413025 204.153061 
413.099243 85.202438 
311.187042 435.590637 
85.612091 423.862213 
540.118713 368.218689 
332.734497 66.175308 
522.381897 214.522568 
55.721752 43.502174 
419.220581 222.427734 
546.130615 520.741394 
324.573151 553.601074 
222.215897 377.436768 
565.681458 346.942871 
357.470428 44.363075 
251.991592 425.196869 
167.643311 580.483459 
421.367889 360.475861 
328.608643 276.170837 
19.677589 54.324509 
477.280273 448.563995 
252.892105 480.417603 
263.799927 580.487427 
539.594971 165.116043 
321.296356 81.848061 
554.274658 580.177368 
455.895081 183.928345 
243.612335 60.404583 
472.640503 297.429504 
527.644043 246.156021 
409.253113 43.114128 
85.495598 452.327637 
332.645386 112.537529 
327.601410 217.373062 
249.128067 251.451889 
132.229843 164.021759 
33.138962 357.364441 
367.943939 240.295074 
479.414734 353.898651 
518.596985 207.507614 
415.298126 149.668045 
551.628113 271.776886 
325.085236 539.251770 
234.693939 549.447388 
17.163078 475.090607 
143.763367 542.079773 
374.426178 55.329292 
65.234772 91.111969 
315.653687 572.611877 
447.518433 374.317169 
231.072556 72.069405 
580.394958 78.991402 
467.177277 140.114212 
493.877045 473.527649 
65.794594 579.281250 
455.563049 128.183044 
243.528961 67.029411 
27.485704 177.647736 
469.945953 352.070221 
368.751984 388.585022 
49.034920 544.376160 
522.062439 293.649170 
516.802246 449.241028 
88.725807 509.720184 
541.380066 68.028564 
335.036682 155.523102 
353.657990 229.647583 
381.079315 248.160416 
265.479462 45.707127 
292.408234 456.135162 
265.150238 446.758026 
518.010437 331.735718 
418.470215 94.987976 
225.896103 242.019730 
17.303087 530.620605 
257.152954 367.506622 
379.481171 528.248169 
375.847748 300.998993 
61.942665 51.324368 
294.918396 212.947159 
427.031952 52.906918 
445.410706 306.688049 
88.542656 55.685616 
229.423096 58.000320 
578.867615 36.842628 
258.360260 520.769104 
494.866455 499.970459 
172.336899 95.936714 
79.912758 478.665894 
123.215744 37.534260 
108.793846 468.714539 
366.390472 431.306396 
58.776070 489.166321 
394.760345 134.799484 
178.865646 97.087212 
524.669434 333.357971 
311.517792 222.835403 
326.619598 350.623810 
16.530468 289.866608 
57.116943 220.655930 
500.883728 261.256683 
298.665222 451.516266 
76.498100 523.513306 
520.246643 292.472839 
416.712982 63.218830 
439.507202 415.472046 
448.105011 547.178955 
16.784023 563.216980 
515.784424 478.321838 
253.190170 329.780457 
163.139664 464.931427 
60.521988 83.342705 
504.993225 65.154999 
78.834885 48.433998 
535.995056 419.574982 
447.610474 265.231079 
123.313934 529.902283 
578.182251 141.515549 
475.915497 283.002899 
196.003937 70.161797 
287.187134 48.073246 
407.823639 407.328094 
433.980988 133.158844 
428.791748 197.403549 
450.514893 19.255802 
568.200073 438.082520 
53.197155 409.987122 
58.481422 553.988892 
465.168518 129.198059 
278.892181 284.450348 
514.271179 508.074341 
574.775879 441.173096 
311.796844 268.044250 
17.846930 319.425659 
139.393097 483.325256 
32.364410 195.502380 
24.358397 26.367117 
499.920929 256.834473 
396.817535 120.813301 
189.264893 97.242249 
75.635201 480.649017 
79.343719 578.186523 
549.784058 353.228241 
430.237732 415.458679 
237.528214 290.316742 
17.949375 420.934265 
18.363945 568.903320 
354.704407 258.295807 
63.193226 40.860264 
506.379791 119.772110 
81.259384 90.173210 
537.575012 384.411865 
448.172607 203.504135 
127.938316 478.357666 
468.210663 579.478394 
40.664383 493.933228 
278.211578 426.725098 
403.331421 400.832642 
91.794815 528.092712 
433.209503 143.426392 
191.216721 164.283310 
27.058580 50.847656 
383.210083 139.584930 
48.602425 463.443939 
518.010620 510.572296 
308.730316 307.812134 
541.596191 113.228989 
332.963318 276.487274 
326.556091 52.842449 
17.877594 372.300903 
458.865234 166.527313 
247.597275 81.036461 
485.118927 531.611938 
503.113983 296.448975 
190.596451 236.718979 
76.227280 438.976440 
529.233704 240.230164 
442.911987 428.775146 
448.691315 439.695374 
16.783928 452.783142 
18.748716 419.560547 
41.340969 348.640991 
504.257141 168.214584 
404.378998 350.072876 
195.530945 88.641418 
531.018921 535.290466 
313.549103 403.179565 
211.106644 66.578346 
515.953308 260.523987 
474.018005 275.396240 
364.590088 21.915230 
381.528717 550.685181 
283.645538 38.582836 
411.993896 404.579132 
90.213173 474.677887 
110.953400 362.931915 
552.648376 559.401306 
443.022308 266.854431 
472.368195 180.921021 
178.841187 55.458866 
522.197205 72.369179 
203.055267 529.497742 
122.104492 97.660706 
331.609680 319.415710 
324.286652 30.075558 
458.360291 125.842224 
132.068481 339.978424 
483.765717 488.332397 
498.531128 338.574860 
191.825562 278.839813 
561.701233 357.634155 
529.242371 295.752441 
336.736877 146.316986 
226.691315 504.236511 
85.753387 472.046478 
18.993622 460.809235 
355.254395 201.604309 
47.147850 42.441784 
37.318466 287.065186 
384.395782 244.678864 
504.243408 226.946625 
404.469025 202.258286 
387.905884 376.429138 
539.197937 497.256195 
422.857361 137.215210 
215.062851 64.750435 
233.034180 273.263489 
580.112854 205.284973 
475.010620 218.564194 
154.684174 577.689209 
38.334534 386.679871 
515.531677 84.921448 
305.644104 158.363510 
95.484940 521.728821 
433.459869 57.964348 
332.174744 463.243622 
455.825775 290.079742 
250.527649 580.384949 
522.323242 114.826401 
306.076660 347.703888 
205.424911 392.194153 
331.769318 361.222931 
17.660263 266.625244 
348.844543 526.626770 
381.233398 402.468506 
34.235138 56.177158 
487.674500 542.652710 
399.947266 47.967659 
191.057343 226.388977 
529.469727 349.302551 
574.278015 323.587311 
104.922127 49.764927 
22.837349 306.239349 
387.066101 200.277084 
292.826599 448.208801 
407.536407 244.465302 
409.770905 171.064728 
421.725708 66.180687 
320.397278 450.466492 
557.908691 373.629333 
579.571289 215.756332 
300.997253 575.007263 
93.517822 467.670258 
98.428276 476.535034 
435.866486 302.244568 
450.571381 237.741928 
242.943024 535.433594 
485.095734 301.478516 
50.499866 576.540894 
290.285431 56.842415 
526.437073 156.448059 
525.932861 543.845703 
439.409119 104.212074 
17.953560 107.942390 
456.847748 40.120522 
358.769897 389.427765 
135.014587 473.265991 
480.870087 455.965515 
488.944702 487.881165 
529.121277 467.922546 
498.248718 472.723419 
191.939636 363.654358 
572.514587 248.249924 
316.503845 270.062469 
236.917618 266.211517 
18.070963 301.931122 
255.374512 42.283566 
405.700073 90.804916 
534.122131 216.625122 
312.274994 566.597717 
552.702332 335.055267 
342.966827 54.978260 
243.620651 297.143677 
578.395264 362.070892 
464.052307 435.185883 
222.387939 429.491943 
515.080444 146.114258 
92.798553 411.782562 
96.990913 434.126495 
331.299164 547.236877 
113.038704 474.434967 
559.715149 433.148865 
525.838318 548.693970 
461.392212 148.607010 
483.757660 309.618042 
158.129196 92.736145 
17.042517 160.390121 
33.025536 18.995117 
487.915131 457.731934 
503.508636 512.545105 
317.106964 329.999146 
548.345520 127.952538 
18.086601 346.833771 
504.817841 293.227203 
193.178116 255.761353 
539.160583 262.786713 
320.094208 560.804199 
554.039307 292.328217 
578.479858 323.638214 
474.161743 54.365173 
365.211670 239.276230 
493.336517 41.845470 
515.450867 92.414322 
201.576935 56.631340 
124.084274 510.374481 
216.894394 85.851471 
482.165771 266.731781 
366.186615 146.035278 
267.399872 377.151062 
390.470581 406.128235 
574.099487 387.336823 
443.384094 18.213057 
118.510681 332.044800 
358.361267 516.475281 
167.885773 44.835266 
503.767303 555.822998 
532.529785 79.135696 
578.047485 186.564148 
254.136017 35.638573 
285.505707 445.395172 
477.897644 143.195007 
405.325928 32.281811 
192.004639 261.501801 
539.656677 328.889069 
240.332184 358.732178 
577.623230 473.465759 
465.714600 540.574097 
472.474670 444.466949 
261.651642 185.738159 
50.827759 65.755333 
493.124908 69.362427 
410.398529 194.765472 
435.128113 222.036255 
115.532280 474.895935 
560.243469 353.988556 
248.159439 412.879608 
27.380417 567.121826 
480.776459 222.588608 
267.300201 335.979034 
397.614868 519.915161 
73.720741 89.166901 
518.918762 43.347801 
441.209106 87.925491 
226.044327 148.536484 
16.649137 51.123051 
459.472473 295.163971 
127.266342 67.135979 
165.839203 38.472839 
509.805206 489.453613 
191.415298 395.624268 
79.644089 512.411316 
551.572815 315.199432 
340.707397 366.394836 
37.834080 77.059059 
533.323181 49.408363 
407.348663 74.051178 
192.569260 221.414062 
429.208099 430.485016 
345.908966 229.568710 
245.484177 217.909821 
576.533081 381.790802 
25.465399 329.777863 
153.003433 455.659393 
52.489998 70.783615 
303.581635 400.149902 
392.133820 228.591980 
510.827301 201.749039 
408.109711 251.417114 
436.902008 281.220062 
272.079590 282.004578 
371.976562 61.578861 
265.722809 291.476685 
392.545715 513.946472 
77.517647 47.479828 
16.900284 78.613808 
523.350525 296.667969 
132.879791 496.321533 
46.259960 398.258209 
509.653137 540.522278 
190.506470 529.840515 
193.092926 456.274353 
528.889954 141.203278 
423.339996 523.269409 
341.062378 420.068359 
40.032040 54.399235 
68.586601 517.818787 
194.849899 370.687469 
539.228455 337.660461 
437.569397 422.824768 
319.693726 204.732162 
552.653259 162.038116 
240.355942 271.975800 
564.721313 394.466858 
262.153870 75.868904 
522.376770 472.914734 
545.440979 248.557800 
455.277679 444.374664 
352.868652 26.103174 
246.642944 327.739746 
485.611481 90.709084 
367.719086 295.592285 
269.680450 246.673843 
397.397919 412.072693 
520.044312 176.822052 
541.780396 543.246826 
227.970337 65.073311 
457.933624 211.827866 
577.178833 135.220856 
45.550018 443.129883 
490.542816 292.832916 
298.741547 34.963081 
193.832458 416.695953 
532.477234 577.388794 
416.831299 458.598083 
312.467987 65.877663 
445.350372 103.906586 
342.522400 419.086609 
20.159212 174.859497 
38.111927 16.866280 
385.925110 142.557831 
272.056946 247.427902 
61.762661 405.055115 
291.921021 454.484497 
95.826271 48.188866 
434.269318 431.451569 
213.007782 405.370483 
552.991943 123.358826 
579.391907 490.285156 
29.592459 339.694244 
363.430939 453.960907 
579.711792 444.481232 
279.853058 50.159222 
527.602356 512.417114 
304.872864 440.893555 
311.892731 403.029358 
540.138855 206.066559 
248.130615 367.100433 
482.289185 52.168354 
57.301670 40.645340 
293.483612 187.706757 
516.262939 134.730042 
541.951172 474.657990 
510.750824 188.569931 
325.353027 463.097473 
122.532951 485.298767 
145.549622 84.668472 
415.989105 406.722565 
420.865906 462.454254 
106.249237 515.929626 
444.238525 64.396896 
347.054291 385.098389 
120.380440 348.247803 
568.684204 402.323059 
172.159210 61.805977 
304.683655 199.462250 
318.684998 365.998444 
241.534454 142.815338 
472.862701 280.758575 
493.227539 234.168518 
277.278748 131.600266 
514.084839 325.297943 
306.861084 396.302887 
541.439026 335.718414 
331.124298 31.713564 
458.945740 410.510315 
59.605495 82.711441 
416.030670 263.347168 
205.693024 155.858917 
105.642929 366.309570 
546.725891 530.840759 
327.135193 421.810425 
566.628174 356.463226 
149.250595 95.958206 
491.015747 205.559601 
295.378998 334.775421 
429.330536 122.826309 
420.386963 423.658600 
106.066193 485.385071 
363.170074 219.168793 
338.909882 539.777222 
234.179092 249.366074 
18.541029 68.033401 
95.452904 40.236427 
216.449631 404.396149 
496.714417 291.846130 
394.246216 62.363831 
512.483093 465.558319 
408.682892 82.464569 
311.232544 438.705688 
85.714592 418.953064 
537.663147 532.800964 
350.327728 237.366211 
250.301865 188.361801 
33.801159 342.228790 
367.409302 233.812561 
503.917725 92.886162 
289.496704 486.117706 
67.992325 450.350342 
419.195923 231.899231 
329.978668 551.222046 
456.430145 154.384811 
490.366547 150.084946 
107.597603 430.643372 
449.295349 339.933380 
120.596184 457.697113 
18.046980 64.444420 
476.707916 451.289642 
252.313309 476.815216 
155.043518 330.466797 
493.987122 435.777069 
271.365387 376.626892 
537.932678 172.298538 
454.530640 143.917221 
244.188705 56.389614 
360.948181 521.387024 
52.542179 480.738251 
526.205627 255.561630 
521.280029 458.057922 
198.239639 353.083130 
101.248230 96.954750 
334.440704 114.359924 
324.493317 213.779449 
350.144897 195.693390 
247.372787 257.503998 
31.040813 361.942596 
397.218018 195.294083 
414.475006 176.797852 
205.539413 44.215942 
362.900269 467.031250 
16.687408 492.882202 
154.787064 476.056305 
257.550995 333.580627 
382.593018 401.204315 
389.901581 444.680115 
410.738495 49.497955 
105.007896 398.492706 
98.727509 508.212494 
233.439575 67.332451 
580.176636 77.669472 
467.932678 144.156738 
496.913910 465.200653 
287.563538 165.711884 
532.974670 104.150612 
405.003235 517.020874 
301.988190 341.058685 
322.447388 30.191563 
451.288177 135.136932 
131.915512 372.004730 
364.864410 474.163147 
391.671021 173.294373 
513.616943 525.735107 
85.067467 499.353973 
334.683960 156.351456 
329.390320 360.500732 
349.418793 227.044174 
268.790009 38.052673 
503.560059 227.084839 
401.243378 222.931000 
419.962494 100.092224 
440.845001 548.972351 
226.188248 272.649353 
16.985065 524.750793 
524.161743 341.114563 
566.017517 554.902588 
253.756119 293.774231 
486.658844 69.031715 
374.031952 299.798279 
60.648411 46.727982 
530.522461 415.871307 
427.844391 58.943874 
580.286926 31.883865 
252.117783 462.512177 
494.421844 520.853027 
323.894958 148.367935 
571.358582 391.849976 
559.842773 571.421448 
126.292076 322.991608 
371.734528 435.728943 
48.216251 400.854065 
54.401543 492.923553 
280.516205 248.892517 
511.449463 497.701813 
571.721008 437.194550 
200.121887 458.298645 
85.059769 556.020203 
116.323662 42.646862 
16.549625 282.185913 
352.823242 373.207611 
30.699738 279.540527 
379.327789 201.131073 
503.785858 267.114746 
290.524139 413.194031 
297.977295 456.677856 
75.810432 519.220886 
519.320679 284.948883 
414.149597 42.398952 
549.864868 365.510040 
337.957794 24.295849 
223.318985 195.880997 
17.611702 384.862274 
18.816029 480.281006 
257.281281 318.668671 
163.757935 469.838593 
532.677490 468.354889 
539.288635 422.220001 
420.208557 254.100433 
322.478271 578.878906 
125.327850 526.878174 
577.527649 181.843567 
475.299713 288.869934 
403.017426 413.821930 
300.499847 36.440960 
436.584930 130.007339 
190.953659 161.434906 
156.016373 369.771545 
58.715050 537.990601 
517.111145 525.408569 
541.054077 169.833038 
17.280685 336.613739 
141.673401 489.502594 
33.531704 223.899612 
499.135162 307.982330 
73.929527 475.953583 
532.492615 228.750290 
439.745789 422.099274 
547.491943 308.135925 
234.864975 294.853333 
574.644714 374.464020 
565.679688 146.390076 
256.846680 277.445740 
38.482861 364.802399 
375.174377 188.358643 
239.750778 444.651855 
508.393005 108.987656 
83.156059 96.386734 
534.100891 467.849701 
423.256592 187.306274 
446.755280 217.297592 
121.528412 576.803833 
131.812881 483.024261 
478.372406 235.513657 
364.988861 56.356152 
263.022827 417.159241 
281.531586 445.281067 
402.973999 450.682037 
301.974762 67.108757 
26.335793 47.456982 
49.439434 460.913696 
278.681580 332.952057 
516.609070 480.553741 
306.442169 316.640747 
209.579865 516.831970 
541.542480 102.023468 
326.977905 45.779411 
16.610653 367.996124 
349.155792 458.045929 
139.196030 529.196045 
481.961517 525.708679 
305.351593 563.650391 
501.286713 303.066467 
401.491699 172.318802 
191.659821 243.762360 
76.150383 434.998474 
528.547485 238.099411 
442.720490 435.074799 
456.581238 556.397339 
17.926928 472.854950 
18.581226 423.254578 
389.700348 516.639343 
164.651901 554.651917 
62.232994 372.211487 
507.002502 164.812195 
533.034424 533.199341 
313.412506 400.299347 
453.439453 280.804321 
579.700256 240.188202 
475.005035 277.373535 
283.198944 335.786621 
293.030396 234.969559 
403.331238 449.818390 
413.340881 398.689423 
91.615234 481.387787 
87.978195 352.259186 
113.792572 354.169800 
556.704529 555.205505 
472.061127 175.886993 
55.181458 450.992554 
525.014893 80.211014 
309.933929 359.672760 
572.557800 563.276611 
358.847656 454.795227 
145.928452 515.832886 
30.666477 91.953239 
486.014526 577.136414 
533.296997 292.580475 
103.295090 89.758766 
337.146271 143.144012 
237.968948 191.426071 
19.786125 467.969543 
47.150177 52.518818 
387.182861 236.716156 
404.156769 205.817291 
196.816788 41.597191 
536.100403 474.841339 
422.590607 131.320496 
320.674469 439.567566 
553.502502 219.952759 
229.626144 241.550079 
577.373291 202.086914 
474.406036 223.354355 
36.911144 379.002014 
467.388611 451.074829 
514.158447 67.332291 
305.216187 155.993973 
93.897018 427.101349 
333.537994 471.699158 
559.350586 551.093811 
245.516220 474.734375 
524.167114 123.954803 
309.736938 349.718506 
325.207855 178.271423 
17.485096 262.629089 
482.668457 443.762787 
489.103088 524.909790 
389.008759 502.722809 
289.773499 577.620056 
191.970734 232.557007 
529.533630 344.221832 
235.680832 228.772736 
22.480093 313.349945 
386.101624 194.654938 
505.909241 272.496826 
405.427734 251.171570 
535.216187 545.786072 
420.187469 85.855171 
319.955597 460.060547 
554.593079 367.029419 
99.066612 464.891510 
230.335831 224.989929 
463.247528 425.762451 
261.000885 304.341339 
532.997803 161.858459 
91.293579 473.906891 
98.236031 520.429749 
244.377686 532.686829 
484.625275 294.855133 
288.145233 48.442841 
522.874146 165.132462 
438.953461 112.322975 
359.060883 391.310303 
381.126434 25.003994 
191.408264 367.598694 
316.929108 268.441467 
550.179565 139.752090 
336.842468 248.494232 
236.445969 275.634735 
232.762238 466.564209 
20.994759 359.815094 
355.537506 290.211700 
256.324951 65.629700 
286.407074 560.378540 
173.056061 503.119934 
508.898651 327.059753 
537.776917 202.689880 
313.370605 558.730530 
318.502899 404.449677 
347.370483 62.600651 
240.761810 290.440399 
577.347473 357.614288 
73.759430 54.555279 
93.595367 414.443542 
97.665115 429.464325 
121.823792 521.383057 
113.207916 492.204102 
455.458374 189.628204 
249.129578 475.955353 
315.793518 449.594147 
368.139313 137.026947 
391.065704 442.666473 
467.919128 348.558167 
16.816475 153.429474 
490.158203 438.235657 
267.800720 510.914062 
503.227356 517.816711 
506.427307 470.099701 
182.284073 41.999851 
82.982468 412.526611 
548.909851 133.829132 
229.203781 423.942688 
21.202688 353.879883 
43.258831 366.844604 
384.838379 302.419281 
64.326393 543.870361 
504.043793 282.197968 
404.042053 138.262131 
537.063721 269.846771 
477.585815 62.904182 
362.701630 232.865295 
401.818329 414.263336 
511.470123 96.964233 
310.334808 580.094604 
219.374329 83.786575 
480.975708 263.404480 
264.965973 370.508240 
395.364716 410.058594 
289.647217 349.240112 
118.960846 340.562073 
17.416500 17.288038 
209.635986 377.815857 
44.151764 510.516235 
165.934052 51.142387 
191.303223 450.592773 
532.661194 72.863441 
418.828827 530.040771 
18.511160 201.537720 
387.044098 306.940582 
287.946259 454.050476 
17.358686 414.154602 
365.792816 484.187103 
345.759308 169.069504 
20.148010 527.255249 
579.436707 462.344635 
469.371582 441.392090 
261.070557 138.024567 
53.659527 55.746174 
497.498413 89.273636 
409.879425 187.168671 
109.369614 578.456177 
114.451843 480.539795 
559.084167 332.014374 
240.842560 455.568054 
483.028625 220.658493 
267.329407 326.863098 
395.352570 550.957397 
293.788391 354.563690 
518.773132 62.819614 
204.740173 579.320129 
441.713562 66.328812 
456.555450 292.572479 
491.416016 359.156311 
190.529816 396.956879 
81.266029 516.328735 
336.695282 365.021149 
125.988441 280.479370 
462.751038 287.667542 
40.654819 69.456390 
63.315239 435.661224 
406.504181 82.338753 
322.165619 242.973663 
244.687668 214.815216 
25.120211 323.484802 
150.876648 461.750031 
157.323059 435.051697 
395.837097 215.042816 
573.238586 370.999115 
397.642731 60.090492 
512.024597 208.975769 
413.473602 244.674728 
435.415588 273.704742 
116.841858 522.402222 
458.850983 532.708069 
250.921661 461.897552 
370.231384 46.157337 
265.524994 283.429077 
177.323990 483.884796 
73.950066 41.439575 
427.007721 552.006531 
459.940613 246.399704 
580.305420 90.429108 
136.513428 488.110107 
47.374470 405.309113 
507.773224 534.794800 
295.366302 70.610916 
423.540924 545.331299 
341.694000 416.806183 
154.757599 163.695038 
475.373810 579.208496 
388.935913 35.890980 
63.019306 467.153137 
399.765625 231.541199 
194.119171 365.735626 
433.634247 414.491486 
31.198084 44.931492 
242.729752 264.091095 
577.323303 525.543274 
29.845802 372.666992 
470.757080 527.802673 
258.521759 79.804260 
52.158859 308.262360 
494.264526 169.286407 
462.772949 521.411377 
526.882202 479.088196 
304.866302 407.441589 
543.025208 266.602814 
110.042229 90.942207 
251.562515 309.137268 
481.280945 136.973404 
264.741730 244.283020 
397.983307 402.170624 
400.413086 55.787247 
519.829895 147.349579 
542.010620 534.707886 
191.465836 333.303284 
226.650146 43.103889 
298.908234 38.564651 
192.892624 408.728912 
416.015320 394.006073 
316.119171 57.733452 
362.553894 378.181976 
447.745209 121.824905 
347.228638 421.090210 
18.506519 182.842804 
478.960236 526.107361 
210.738754 342.602386 
384.197418 181.991852 
60.043015 423.636810 
94.153954 58.241619 
213.623642 409.242401 
579.097900 482.208221 
27.336805 332.846619 
468.929779 194.945038 
49.635670 361.204285 
493.587067 203.769531 
525.030151 520.612488 
302.059906 456.345184 
540.817932 200.263367 
221.148636 202.540131 
456.769623 445.277557 
480.386322 44.714466 
55.785049 18.139048 
289.217651 231.653946 
517.943054 127.825531 
416.179962 249.715500 
540.506104 496.098877 
324.416718 435.807770 
136.883041 574.065491 
247.236588 531.229309 
489.397095 241.598450 
376.066650 146.976669 
419.468567 408.526794 
107.163681 521.164429 
449.304321 55.148411 
344.569977 462.526062 
120.743408 347.205353 
22.735970 32.993492 
271.435852 298.516510 
173.020996 57.461933 
69.338684 418.811432 
244.859634 183.405670 
469.855621 271.604126 
371.355988 489.989716 
156.166611 546.166626 
496.905365 252.726364 
515.343506 306.201538 
311.625916 455.754578 
125.955376 478.150909 
536.005432 523.602844 
249.820602 225.417252 
137.671844 44.519085 
31.631231 379.374756 
59.678745 84.268715 
521.305115 280.189819 
418.176239 267.478119 
103.069878 375.614899 
546.532593 538.251892 
459.293243 161.072906 
155.093918 73.832481 
297.769684 341.948029 
425.560455 414.152100 
104.445053 462.397705 
444.112793 17.413921 
231.033630 148.350723 
18.187668 73.299034 
464.451233 70.173416 
226.271469 420.713928 
154.879242 371.327606 
451.718628 269.414337 
537.644226 108.995743 
360.941620 556.509460 
368.527130 508.411133 
496.908173 283.315765 
281.985901 175.999329 
513.704529 469.605011 
413.748657 75.372955 
309.463348 446.602814 
327.677307 272.191986 
250.831314 192.582947 
30.939907 353.421783 
58.759590 318.627289 
292.346680 480.470154 
517.471558 212.614044 
547.003540 480.232483 
328.793213 569.031555 
354.216003 59.928886 
78.820641 345.812164 
103.918167 435.770874 
96.988808 515.484009 
120.993210 454.317932 
577.056213 60.813904 
478.002747 460.062592 
383.458405 440.971313 
532.920227 110.408234 
305.203644 305.187653 
535.108521 153.524323 
322.385651 68.118134 
450.753113 144.551941 
245.693893 51.454193 
365.480682 511.820953 
51.083103 477.864075 
303.819336 435.698242 
278.210358 231.366577 
198.825974 335.355042 
101.870224 92.853294 
268.139771 77.788322 
500.438995 139.687759 
293.428131 443.708557 
185.414856 465.616455 
389.874329 209.733917 
572.302429 257.298218 
514.278198 489.117493 
491.966492 106.159363 
387.215729 442.391327 
294.306915 255.220367 
194.331482 580.086914 
428.775177 18.670609 
228.590057 84.411377 
578.931580 67.815208 
466.198395 179.580704 
495.113281 482.174805 
275.659393 423.448669 
453.517059 94.867142 
423.717255 146.352890 
393.402802 153.998062 
211.534683 74.645416 
512.029541 530.202759 
521.704956 413.437347 
86.966621 518.643494 
327.535736 358.001740 
559.598267 52.925255 
268.416595 35.626637 
401.393738 245.232666 
521.521973 343.102112 
415.992493 128.399109 
348.065857 466.178558 
427.717255 402.675446 
238.896469 411.291443 
17.231770 541.351379 
359.952423 143.292191 
255.629913 282.578827 
490.460938 76.103615 
373.435547 361.143463 
64.850975 62.866158 
427.316772 64.756119 
420.178619 268.510651 
580.191223 24.559738 
467.439575 578.530334 
151.826645 63.776661 
497.082153 515.504028 
210.278107 575.855469 
561.386597 580.268188 
127.599792 329.720917 
130.636597 76.372803 
575.141541 406.388702 
383.821808 30.366669 
527.115479 343.169189 
202.961731 442.825958 
326.088135 316.259460 
17.828953 301.110535 
348.199371 370.930237 
501.948822 271.712891 
298.148682 443.530090 
76.619835 512.998596 
521.647400 301.775269 
418.383820 48.206566 
204.604706 338.830017 
546.559692 368.301483 
339.699005 23.528936 
226.807938 225.187088 
17.545929 379.219208 
18.492085 487.196106 
382.902069 487.137329 
385.960815 403.173370 
506.093262 52.343105 
79.417152 89.283195 
422.356720 248.724747 
446.772369 280.180450 
579.664856 179.170456 
476.720428 298.440521 
256.534119 416.938171 
262.907562 426.765228 
497.659241 568.737366 
286.171417 63.999912 
276.084808 460.209106 
68.740379 579.569275 
402.439941 415.462799 
300.005157 30.951794 
432.698425 124.788528 
468.913025 65.277023 
156.186157 291.268280 
58.656643 541.990173 
279.566895 295.250092 
519.073486 540.214172 
119.647942 94.447876 
16.978558 334.176117 
349.384613 329.851135 
383.728424 342.342896 
58.869827 247.579636 
503.040039 313.175476 
398.921814 137.074509 
298.963959 410.515472 
72.847496 469.766968 
531.797607 225.624298 
209.782333 370.328796 
439.926758 470.172699 
237.821701 300.377838 
17.773415 435.678223 
19.462013 533.629700 
449.048462 129.502609 
254.861847 273.419189 
37.827065 358.985596 
506.196350 105.221588 
379.342560 473.971313 
528.903870 516.418945 
535.687927 470.973846 
210.554092 40.521881 
447.672852 213.705383 
127.085281 513.255371 
478.444092 244.489105 
155.458755 173.373337 
36.372276 460.453003 
276.115906 442.908447 
413.953888 533.888000 
200.978378 512.686646 
216.014450 571.309753 
556.939941 397.188293 
468.441925 94.584663 
49.098225 451.620453 
543.212646 241.674225 
292.268616 297.361938 
526.163086 45.280975 
518.664062 478.520630 
208.126282 514.645020 
544.479370 125.602356 
326.720001 64.112946 
351.198944 454.924408 
249.542038 67.342598 
422.946533 38.019459 
401.370941 163.494888 
191.721786 250.500305 
533.195740 279.878021 
22.046116 378.091248 
254.941330 230.988647 
44.426872 16.915173 
377.346252 236.985489 
508.143616 157.758453 
402.567749 218.701508 
193.417633 74.881577 
528.317627 522.399292 
426.503082 190.479721 
421.978241 139.821533 
214.512405 81.858917 
482.798187 483.290527 
275.912445 497.916229 
577.283569 234.908768 
475.068359 189.334320 
263.721527 371.082947 
285.731750 337.712524 
277.373322 495.825470 
511.249176 55.139999 
412.585938 393.930176 
95.744713 487.683502 
432.540558 40.362152 
110.621521 44.701729 
552.333557 549.751892 
452.552490 309.826385 
472.471741 144.319977 
312.854675 174.914658 
157.035309 84.293297 
59.891300 456.386780 
179.266647 44.797455 
524.192627 89.450272 
311.642548 363.608398 
504.311523 302.452454 
571.397339 569.404968 
144.639145 505.030518 
483.076538 476.300903 
381.844055 46.621437 
530.625000 282.233490 
470.053528 201.094604 
444.987061 412.199585 
236.074112 194.950272 
233.617996 545.812439 
43.221588 58.783802 
388.345612 276.200165 
407.447906 258.443848 
421.512421 101.660973 
319.328217 448.262573 
555.388855 212.142365 
228.462128 238.335571 
577.876648 195.304169 
476.574768 230.485199 
40.955021 397.521881 
69.494438 82.363541 
513.947388 76.048615 
302.300018 173.666504 
91.060966 436.952057 
433.625427 46.135864 
559.996033 555.803711 
527.064209 536.322144 
420.072266 551.349609 
408.540375 141.496475 
526.061523 130.106720 
332.768555 375.311523 
327.213654 144.130890 
16.592941 280.493469 
456.329651 71.783966 
484.205963 434.732208 
490.829468 528.811584 
289.265289 571.859436 
376.510559 519.372253 
184.917664 90.411011 
529.283325 341.925507 
106.254532 41.883759 
236.972565 234.015335 
120.733887 56.790421 
19.659760 323.001648 
384.981476 190.807541 
521.280762 529.431335 
405.741058 256.574432 
427.305847 271.861298 
421.113190 80.432999 
212.466064 359.911438 
233.106110 197.864853 
576.581177 344.629639 
281.143188 577.172791 
87.439346 45.379490 
434.171356 293.329956 
109.692825 457.876801 
450.988556 250.587753 
128.349609 465.870300 
483.576935 291.486694 
156.357849 170.609436 
288.578705 46.199455 
211.021179 306.675446 
525.631531 169.040924 
209.515640 457.307434 
443.684998 95.272850 
17.067184 114.019485 
31.415276 16.789997 
487.513336 474.198212 
191.061417 377.293610 
548.384094 145.507965 
236.453339 277.408508 
18.025042 362.624847 
45.384293 335.933868 
286.448242 566.104797 
507.694244 321.909088 
197.223526 95.614990 
537.393738 204.738434 
315.424316 556.102295 
323.700653 408.350464 
346.645355 46.607635 
245.004578 286.559784 
577.551880 303.594910 
466.985382 471.204163 
96.510231 470.189545 
108.504936 489.011414 
118.529800 454.792358 
258.995544 422.176483 
483.674438 246.348434 
408.262268 156.302063 
394.692108 446.260437 
531.261780 187.293839 
266.512360 509.515076 
309.718018 59.783096 
442.215271 161.409912 
16.816772 173.848969 
408.923767 453.644653 
