508.490967 465.519623 
155.882996 277.134369 
130.028931 336.821228 
82.524330 443.653564 
251.841614 366.703644 
312.089630 317.691956 
157.467575 275.503906 
546.566650 91.389145 
155.182007 444.201050 
564.655884 40.659302 
121.315720 164.214355 
22.984747 211.905777 
144.828140 162.244797 
255.811615 16.962948 
86.293068 443.167633 
24.679024 184.147751 
142.941559 392.764191 
340.704651 574.330017 
322.819397 547.772888 
54.536125 364.733582 
228.371948 415.786102 
293.239502 462.186401 
23.571358 565.355835 
16.523811 205.784241 
470.323090 453.726135 
442.706604 559.311035 
223.139954 438.606506 
235.941681 392.110352 
17.482250 511.203186 
253.730759 373.564240 
138.407700 549.497437 
36.208321 561.640137 
117.095100 446.022583 
508.804382 17.146685 
241.066406 438.690399 
55.177025 579.293945 
257.945648 452.849731 
261.411255 514.720398 
119.607971 343.924927 
515.787598 534.201721 
43.277142 521.703491 
491.955505 395.586243 
265.688324 464.157806 
69.473175 476.942230 
504.578857 519.492126 
188.101639 460.990723 
126.239769 283.220032 
78.062477 458.587646 
416.850433 562.443115 
366.821075 445.392487 
48.475380 553.033630 
59.182304 505.994019 
157.973633 579.625854 
235.598785 170.119019 
201.599442 468.251251 
86.839371 497.808044 
325.126404 333.462891 
62.401279 496.440094 
579.416260 490.403564 
435.852600 543.713806 
212.649551 242.211380 
239.929367 520.617065 
292.601318 424.465057 
299.604126 471.594299 
580.206116 461.773254 
467.535919 529.749268 
155.829971 399.395050 
102.430092 212.457031 
441.356598 531.261597 
339.652374 37.698902 
16.722740 569.718628 
20.133171 516.131226 
198.385025 16.650816 
383.007690 566.447815 
376.887970 336.522552 
115.959328 487.907349 
458.421082 565.771851 
251.268463 400.053497 
24.418919 552.186951 
212.491547 173.779739 
397.823792 529.213501 
580.363953 145.426483 
127.188339 309.918823 
207.531525 570.993835 
41.499004 540.052795 
493.344635 536.738953 
273.074585 490.102081 
279.471954 381.426147 
17.426041 61.850349 
296.629333 312.283752 
409.166840 497.559906 
94.380539 576.892090 
47.520531 559.741882 
320.111420 323.226318 
112.408424 258.978424 
190.513489 403.854706 
68.465355 386.758423 
317.906616 38.775391 
49.950539 418.260895 
157.315964 349.850555 
122.127846 273.594604 
555.114685 442.633087 
518.774475 559.585144 
87.905647 525.628967 
157.487747 332.943939 
63.943756 426.165833 
17.455200 327.174377 
407.033264 84.224701 
195.503143 348.829681 
135.718353 235.305069 
30.057581 191.619308 
323.473145 273.923553 
296.936737 417.196808 
26.914825 315.759033 
364.942017 330.260468 
206.007599 362.667145 
156.461075 430.751862 
347.742157 439.094452 
17.573605 407.573547 
21.095881 561.508545 
199.571136 154.735809 
52.751778 335.102417 
45.959816 175.745636 
517.536987 556.870972 
103.084473 436.553406 
459.045532 526.183411 
143.077942 163.587769 
35.951267 550.618896 
265.520172 278.928223 
392.565094 502.182343 
570.631104 458.002960 
179.492020 515.816711 
580.494324 104.351746 
520.067017 17.051353 
155.834961 176.936600 
550.390015 467.644073 
272.229767 504.003326 
277.578766 435.348450 
148.399261 16.838408 
87.520973 287.256744 
269.947266 379.975159 
282.092468 385.180267 
191.603012 543.484192 
194.088348 399.173401 
157.150879 314.127136 
56.592896 425.344238 
339.066620 412.800079 
18.734234 101.242905 
571.890320 448.915680 
63.282204 388.546631 
17.062054 359.687805 
197.829453 354.308228 
30.215399 158.723740 
382.558960 371.154114 
211.025620 566.299133 
217.618515 520.337708 
201.311432 429.903137 
294.434143 389.316162 
72.085884 447.165283 
523.627136 536.135498 
468.616272 541.471313 
157.258270 389.306702 
227.617447 555.482666 
16.804432 459.208740 
18.158028 412.780884 
302.672943 425.137909 
99.670090 254.035324 
40.565208 331.625824 
72.212242 16.795193 
61.018394 363.280090 
125.134811 530.781494 
511.824097 445.325043 
34.907768 516.983154 
210.994385 16.851030 
59.110889 154.917465 
502.285675 25.535164 
176.777985 530.985901 
75.609428 375.978485 
41.268387 435.422668 
37.124607 184.375290 
543.053711 478.981659 
135.717178 439.643372 
92.216278 569.956482 
45.317528 450.804932 
330.576660 415.629242 
555.172668 569.650635 
275.647217 580.273315 
192.657639 407.738312 
374.849182 567.691650 
338.384735 463.540009 
162.504852 497.927826 
125.168030 286.022400 
462.962646 16.980175 
208.885315 534.689087 
65.610992 266.407135 
330.551514 312.177063 
328.973358 38.710068 
64.610420 416.221588 
70.239395 426.134247 
484.821716 496.413940 
432.968750 467.555634 
215.450241 415.114655 
16.713585 542.069763 
579.863403 477.850464 
90.697166 501.731720 
361.163055 438.836609 
153.018173 548.371521 
157.317535 414.094482 
444.165222 381.028900 
236.302933 369.155396 
18.069756 453.516205 
310.889191 417.392548 
98.867744 263.465912 
39.956249 292.121765 
372.244049 502.139679 
167.244080 539.592102 
27.256958 113.427902 
260.789581 419.977539 
538.159546 489.972565 
313.005402 462.516449 
542.861755 426.012878 
354.238159 436.065857 
212.329636 300.781525 
73.098450 331.536011 
152.473251 575.478577 
38.053825 419.686615 
549.307861 550.496338 
326.380646 426.923492 
276.463074 564.269958 
413.974548 465.453308 
92.001472 511.594116 
101.209000 527.239502 
141.306946 527.515259 
110.058006 396.419128 
289.185028 557.917969 
138.174194 322.984619 
81.949348 243.970551 
138.272552 306.276154 
103.355888 499.335693 
54.107746 433.290161 
480.304993 529.680908 
347.859863 471.606384 
120.881393 337.071350 
478.154053 477.365845 
206.158112 400.651154 
271.780396 302.481354 
453.733246 527.214355 
570.822510 493.713226 
341.583588 577.394958 
147.331284 531.454590 
487.193176 535.157593 
318.431732 305.823883 
217.250427 529.014526 
492.483917 458.981354 
401.597015 49.658810 
131.128326 237.338409 
577.220215 88.791168 
158.761398 564.993347 
232.252274 517.645142 
524.669556 566.174744 
408.974731 16.625858 
308.944702 460.822632 
101.158943 217.851883 
165.080948 482.797882 
60.158340 256.694977 
24.493477 529.564148 
197.222122 155.807693 
73.992950 443.794556 
30.504469 385.850159 
312.786926 518.411255 
554.999146 189.275208 
289.918915 566.700317 
577.795837 217.031815 
467.479736 384.491150 
103.101891 358.903015 
225.221436 351.506897 
570.022095 556.898010 
305.514038 578.130737 
95.160034 460.612701 
98.273872 484.986572 
552.827332 481.845734 
241.466324 541.418884 
194.216995 514.535767 
83.497726 287.908539 
537.289185 580.017517 
423.974518 386.573395 
105.439720 471.470184 
19.655876 81.592125 
207.899780 430.679199 
493.179260 395.462494 
225.098755 487.381653 
117.737907 244.273193 
17.039789 109.746155 
126.699806 548.334412 
135.267395 454.967285 
67.818832 197.406509 
381.603088 16.733627 
264.857635 566.256592 
216.444550 390.878143 
109.791702 441.501953 
344.717346 339.090607 
191.433090 359.803253 
571.633240 484.947266 
368.452820 539.778625 
394.000275 48.769814 
225.820770 414.810272 
18.886433 294.598328 
354.068115 324.200104 
198.834595 366.482910 
87.360809 382.325653 
38.913960 229.490692 
374.575317 538.983704 
283.168304 550.961487 
173.053787 515.511475 
251.359863 273.895569 
319.965332 417.834015 
57.802982 324.037659 
343.116272 75.480659 
240.113342 414.360962 
183.115860 466.755920 
49.757076 154.502213 
480.139435 459.237274 
239.766602 523.887573 
92.888573 406.434723 
43.049744 580.125732 
113.957153 484.352264 
118.525803 389.726196 
50.294254 572.823181 
296.710022 293.947113 
473.494537 472.908386 
83.236885 349.807098 
105.563499 415.839203 
157.278137 297.963745 
392.750519 454.683990 
556.885315 447.754822 
121.374916 447.749054 
580.291931 57.149117 
529.542480 444.385437 
118.300171 285.579773 
570.890381 577.547913 
302.537842 297.137756 
121.105316 381.767517 
33.305004 503.377350 
82.128708 421.736176 
365.357574 508.575470 
370.505371 553.468811 
157.414001 264.333954 
580.160645 482.558350 
570.094604 491.498901 
18.729570 336.738647 
150.315796 533.707214 
199.503983 340.682037 
44.854607 354.739960 
183.079346 505.929016 
282.446442 493.469604 
206.059769 439.239594 
31.229307 301.932404 
425.277893 17.125961 
321.992493 533.041138 
57.450603 366.279358 
290.019501 432.046204 
298.008453 533.232483 
466.326721 496.777405 
68.678963 334.765381 
75.530464 394.680603 
99.127281 400.874481 
435.906891 367.977325 
112.378227 510.197510 
119.399590 429.367584 
243.505875 410.664124 
196.269775 574.961609 
25.502951 516.215942 
105.215546 385.494202 
157.187271 282.866547 
122.032257 499.048645 
576.215149 17.272194 
475.730377 412.563934 
252.444458 447.630859 
36.540527 578.417542 
204.071198 185.165070 
357.662201 515.935486 
111.392357 203.492737 
500.124756 549.217834 
504.310974 438.647156 
499.785309 522.449829 
83.310677 464.965240 
415.358246 545.427063 
57.414291 510.706238 
341.501587 318.401520 
237.937378 151.014297 
564.919922 579.717041 
85.500328 513.468506 
118.976799 16.624619 
209.921204 306.545349 
90.290634 207.525604 
427.953827 381.720764 
58.088223 339.849121 
557.783447 63.520069 
292.258575 393.997559 
245.039520 363.859680 
154.632660 403.497864 
438.964600 535.835266 
444.363739 524.825256 
222.241226 258.956116 
16.821329 535.884399 
447.403534 557.640808 
43.642838 316.315247 
96.992004 407.818359 
373.720795 354.828888 
119.204109 516.720825 
79.260437 394.220795 
131.119446 460.544891 
315.656799 434.377472 
369.466736 17.009262 
401.288422 500.315826 
578.869202 18.405159 
17.488987 350.721649 
261.649933 490.691406 
542.223267 438.491943 
495.071564 530.956177 
279.435944 424.067535 
563.902588 501.384979 
137.815628 545.432861 
43.041504 541.537415 
210.668365 576.590942 
191.293152 389.290070 
74.424896 579.551819 
78.000061 480.604431 
366.300903 472.883148 
51.027924 387.596191 
59.527908 482.598236 
33.161427 213.838074 
278.988190 310.904419 
30.851089 181.986923 
21.793390 281.273376 
185.809631 528.240417 
201.417053 444.707947 
545.183594 390.266907 
329.093689 311.647858 
60.569202 517.699768 
17.513512 297.380981 
138.854599 460.363098 
144.379547 388.921417 
540.840698 432.894653 
437.377441 564.358643 
210.353943 509.632935 
304.650726 550.147339 
552.778320 19.894266 
190.945953 170.049973 
76.150269 504.414246 
462.620880 553.827942 
360.002686 351.994629 
151.085190 468.056488 
293.077881 580.440674 
17.017101 396.404846 
198.514572 183.781693 
101.513184 360.549591 
153.605698 474.720917 
296.854065 392.015930 
454.548157 497.680634 
348.576202 73.484444 
579.582458 535.117126 
35.092068 532.811157 
393.603302 532.094910 
229.717438 354.042725 
578.792847 173.557663 
258.984497 437.391754 
86.214554 464.871735 
222.647141 110.158157 
409.281525 566.550659 
137.117447 478.630066 
45.140266 390.706451 
264.489532 396.062988 
52.567108 319.006378 
504.699921 551.655762 
189.825378 524.520996 
193.699478 465.435913 
414.139252 507.158783 
315.044373 16.728243 
50.803917 438.023560 
340.995331 428.432465 
125.862274 248.402679 
566.862366 518.049622 
517.033081 537.711243 
199.234116 391.185242 
156.298370 205.234756 
431.922241 501.292236 
60.000000 450.000000 
71.776085 512.363525 
353.647888 323.867188 
193.429596 372.314697 
134.748718 215.393585 
427.836517 464.378143 
437.927979 380.169189 
417.686676 534.978821 
59.587753 255.822800 
240.929672 281.905823 
75.390678 463.176605 
27.095402 289.307434 
471.594727 560.980530 
252.877533 411.457794 
156.028412 452.389404 
222.497299 559.628540 
16.650055 429.389648 
20.579216 534.578369 
300.149872 391.921722 
217.237793 352.627747 
170.219131 467.865692 
530.610168 510.038177 
480.099060 487.066620 
176.891098 538.868591 
578.193481 129.745102 
414.539337 365.679688 
262.794800 379.963745 
540.319763 522.621948 
547.349304 440.154572 
282.337067 16.631079 
407.258240 466.057159 
64.087959 334.776245 
190.873489 564.081726 
192.866592 425.905914 
423.127747 510.525940 
55.346928 396.957855 
337.631744 436.730835 
278.704926 345.036530 
20.295448 170.138977 
149.632294 346.282562 
307.033722 329.802979 
209.263824 532.248718 
64.131851 410.653961 
70.633980 461.954834 
353.553345 469.812866 
76.388672 401.540833 
484.776276 563.688721 
436.116425 432.185944 
215.635544 545.200012 
75.961380 425.086487 
152.359665 481.915222 
156.547470 409.941895 
444.710571 473.945862 
229.469330 553.908813 
19.440704 386.285370 
305.933258 447.070923 
37.540161 309.970367 
206.644257 354.210541 
522.839539 488.533875 
177.667648 556.475403 
182.341522 482.283264 
260.324829 373.131897 
544.320068 480.115448 
272.204315 572.072998 
280.252747 491.502991 
570.113586 18.612976 
523.253723 576.255859 
127.882309 517.882324 
92.144249 497.543243 
116.710320 380.165558 
323.741150 406.863953 
557.533752 544.109741 
563.733643 542.227356 
160.970047 474.352234 
534.274048 439.815521 
421.431793 468.360931 
381.664764 498.481995 
58.226860 443.606506 
157.209717 356.861328 
204.721146 558.744751 
331.103821 338.779907 
325.921387 16.781342 
115.049828 231.353455 
70.597061 407.364960 
356.250641 466.067810 
379.007568 49.965637 
215.803650 394.376068 
218.753845 546.193054 
399.449127 23.970345 
579.055054 500.416626 
164.301437 578.649353 
155.684128 523.095703 
157.583603 539.728088 
549.486511 18.937592 
279.644592 579.928345 
226.569244 429.531738 
322.822144 309.679504 
306.863525 394.857910 
452.813416 478.264374 
372.454803 476.626068 
167.113922 513.293457 
63.679832 321.302917 
90.698242 353.745636 
501.683472 452.748840 
315.162109 441.856964 
320.807587 427.004913 
342.668091 36.770103 
578.081360 186.611969 
278.867676 419.629700 
205.865829 156.204193 
544.323120 511.877716 
548.656738 526.676575 
283.897034 288.416168 
281.369354 545.074097 
445.486237 530.128784 
93.995094 441.513885 
149.247009 360.017792 
109.707069 425.517487 
554.984619 499.856689 
243.513931 515.369995 
76.900612 164.042267 
314.532532 457.659424 
103.218414 474.716461 
49.029976 346.784546 
343.136627 445.399384 
233.236099 185.557510 
520.320312 579.495117 
255.573441 523.965637 
205.651932 425.768829 
114.115692 274.398193 
17.835430 270.621399 
263.654266 563.188904 
133.201569 301.861084 
358.782166 570.499451 
143.992126 476.373993 
211.064835 434.826141 
221.944580 409.533356 
503.397247 401.835083 
342.651123 342.579926 
191.526779 339.264374 
130.996185 258.734100 
51.278248 156.189407 
52.513496 242.360855 
548.343323 16.854601 
222.205322 398.344971 
19.759584 328.511597 
408.592896 84.368370 
308.998810 436.770416 
46.297134 296.063995 
272.714020 17.070452 
515.363953 465.211914 
194.619888 178.039444 
90.238403 295.647430 
31.752342 410.372437 
301.934448 526.283813 
406.577362 500.923187 
176.529266 473.635498 
466.883453 412.206207 
40.030254 386.182739 
234.062012 504.688812 
88.322487 419.164642 
101.138512 507.649139 
100.476341 181.181442 
332.535278 525.540161 
110.312622 452.865662 
64.936440 158.399506 
295.963989 294.255005 
247.888519 518.313049 
27.644209 580.083008 
424.477509 360.584869 
103.351379 448.048065 
217.063309 231.578201 
120.706131 463.477936 
318.054382 16.830727 
259.490204 576.108398 
472.280884 490.860565 
496.625732 417.789734 
155.232483 439.212219 
146.023987 226.595032 
480.601746 389.622925 
381.724304 38.935085 
48.023834 299.872070 
78.942551 380.691833 
193.888641 173.907211 
232.192551 427.066956 
19.044735 367.485535 
198.504990 346.674652 
86.790894 452.899048 
428.667084 474.256805 
170.078247 486.855682 
79.229477 412.528351 
155.019730 452.574951 
134.997467 162.244019 
35.570263 355.083801 
314.154266 546.121033 
401.763275 367.246063 
298.557098 535.591919 
77.898148 227.328690 
470.718903 414.650482 
496.294769 16.663757 
236.450256 546.797974 
17.223820 478.987427 
354.160248 39.839321 
101.776802 466.388611 
110.622078 504.165680 
114.143120 460.216156 
558.216492 454.880646 
143.578812 329.416260 
107.122429 390.051971 
538.364441 17.095802 
135.025986 481.449493 
578.432617 81.725487 
252.904083 511.439209 
258.508636 522.594360 
497.552826 469.088043 
270.328491 385.966370 
65.605309 577.876953 
16.508041 166.600586 
129.922409 541.012146 
302.939545 319.681976 
490.548004 430.293304 
267.065704 500.704681 
128.284119 450.538788 
206.882767 16.800026 
78.667503 446.699554 
365.477295 481.933411 
316.828308 306.137268 
50.089901 544.070312 
99.793221 121.113007 
514.109619 542.705017 
144.697983 322.523865 
89.597969 506.861053 
506.659882 369.774078 
138.576096 398.761108 
580.101501 493.301239 
428.151001 552.628906 
223.975616 355.913116 
290.597107 458.506897 
188.218536 16.675701 
579.571655 444.738617 
295.470184 542.659912 
17.436485 533.859375 
257.661804 369.039886 
96.035004 420.123535 
379.691132 529.737915 
519.692444 506.075958 
451.435425 530.436401 
153.144257 314.496246 
250.153427 528.052307 
27.540380 492.546173 
396.783295 496.690125 
579.928650 39.866745 
259.191711 516.053345 
41.322166 554.033081 
438.707245 16.573292 
272.092804 427.258118 
117.567184 350.111481 
17.516041 25.196079 
349.941925 574.638794 
131.028030 495.223541 
268.618958 458.728943 
109.352242 469.273590 
186.414307 464.117767 
128.376160 289.094788 
78.692413 490.718536 
414.986816 566.789673 
63.719055 155.141434 
48.294987 547.653137 
336.505585 344.608582 
235.903412 174.994431 
125.484192 215.054581 
18.533463 261.291260 
200.788696 452.355560 
88.067413 488.131348 
356.317657 442.834839 
285.077637 467.799377 
61.696728 491.433441 
17.168915 290.985840 
349.036072 354.730957 
194.039856 196.172272 
198.684265 516.746399 
215.660049 249.611526 
58.739899 220.010513 
292.021790 415.371887 
579.101868 455.510681 
150.260513 383.118713 
105.229065 217.074112 
17.489588 560.644043 
20.251732 478.037018 
163.966614 465.700195 
119.956665 497.763580 
157.423676 180.911102 
461.727844 559.685608 
249.830750 383.385468 
532.131104 428.024933 
368.583771 38.788776 
141.263992 485.496368 
228.969498 16.537041 
577.991333 139.180618 
90.437027 522.121399 
28.895050 559.072327 
40.933464 537.153381 
274.213470 496.559265 
226.890015 163.350983 
17.334656 57.018471 
133.360184 518.954407 
45.088902 566.015747 
265.504028 419.813110 
535.561951 516.668152 
555.797302 454.284760 
329.981781 312.468353 
191.799561 410.398254 
141.555817 199.786819 
79.158936 505.777802 
418.777679 514.589600 
420.985596 548.964172 
51.720669 413.625427 
279.061554 285.082001 
71.279129 424.372284 
71.319839 563.838501 
200.718002 424.147217 
388.628662 16.810337 
282.541351 410.101654 
65.819618 444.510742 
17.000303 318.763916 
51.648750 423.272247 
193.708664 346.990234 
44.159927 406.179169 
32.043755 192.402802 
59.625076 258.148956 
68.966125 532.696838 
96.776413 385.860870 
298.910400 421.994934 
75.457687 482.512390 
80.654938 579.642822 
139.914566 234.856384 
262.098022 98.302917 
157.409988 445.796356 
439.437958 385.683197 
17.965725 424.229553 
569.959351 178.373459 
199.864685 156.782318 
43.717926 154.830765 
389.325623 566.175232 
221.571487 371.495667 
511.036835 443.395813 
25.658495 412.551971 
33.720581 552.287842 
116.996071 441.736908 
49.955067 350.189240 
131.564713 474.668762 
153.902328 180.272186 
540.845459 422.915283 
548.056763 468.609985 
38.270584 408.255341 
278.082214 429.596832 
412.693695 544.442261 
90.601814 528.566895 
44.542339 417.487610 
190.551636 167.363861 
187.909363 548.214050 
141.778976 241.385773 
425.330200 506.697968 
156.307037 310.431335 
57.897995 402.046143 
164.392365 487.822296 
18.286491 103.621208 
518.372986 511.143799 
308.432617 311.750305 
172.124588 546.785278 
519.164734 517.260132 
67.554253 486.961975 
348.078735 443.406311 
152.132004 463.626740 
95.225746 120.758080 
535.172729 19.351362 
579.264587 560.571045 
151.272018 490.998657 
156.356628 380.644226 
97.627113 540.351440 
16.783928 452.783142 
18.473480 418.293976 
305.125916 414.787231 
100.235504 247.295563 
37.452877 350.035522 
538.626892 530.162842 
162.532150 548.253601 
119.030952 579.315613 
83.892120 384.690216 
404.118805 351.092224 
334.341949 440.318268 
83.780777 158.944534 
534.813232 428.249298 
314.645813 405.413239 
258.442108 367.917389 
56.269394 156.638535 
176.833847 560.583557 
366.104248 569.212097 
200.062759 557.912842 
273.788879 554.487427 
92.562645 478.275391 
330.041748 425.312195 
108.486168 360.154205 
556.463501 563.726318 
505.770081 579.447632 
188.118393 495.814362 
192.848541 541.757629 
78.599014 233.246567 
417.483002 380.029480 
59.371201 472.463531 
394.720428 575.846436 
577.711975 211.902847 
202.411575 530.656860 
206.825012 557.792053 
36.451023 482.601501 
68.350838 435.258728 
145.021561 520.930847 
35.228676 113.808220 
489.421387 574.883179 
323.654419 339.631622 
216.712906 569.307739 
400.090881 16.981842 
576.858704 521.290466 
362.394470 437.080536 
161.241623 531.415833 
236.784531 374.761505 
43.957973 345.819275 
20.251522 458.722595 
303.224792 468.239502 
307.907532 423.503571 
36.283192 286.253357 
166.917328 540.623413 
60.598160 317.818176 
27.353317 537.367188 
246.463898 362.930359 
579.752319 567.756836 
536.363220 495.875000 
371.728851 332.736359 
35.206806 526.024048 
578.429871 205.424377 
153.820480 577.675598 
544.894104 509.070801 
550.224915 554.650391 
324.527557 445.891388 
277.989288 561.509521 
16.984211 576.040283 
413.642670 456.187012 
95.096710 518.837219 
333.828094 466.005402 
110.719315 390.456360 
557.855530 519.043091 
559.241394 564.950134 
251.389862 579.883179 
92.816444 462.867615 
104.789787 504.963196 
124.056358 334.831055 
477.557648 481.866974 
208.853027 393.715546 
545.156006 579.636414 
273.262909 282.676758 
119.984062 208.420166 
17.660263 266.625244 
506.385498 528.428528 
577.739929 179.143463 
146.415268 525.400940 
219.528900 526.216187 
219.029617 172.479828 
568.508179 20.862846 
127.724380 241.751068 
28.438580 281.098114 
369.414032 474.948242 
239.419464 227.432114 
231.864487 515.022522 
20.225403 308.297729 
358.672852 340.761810 
307.050110 464.440918 
100.048347 214.699432 
268.895081 435.537231 
335.323181 50.114956 
217.513290 244.201859 
65.492081 246.725479 
460.021210 392.950623 
55.953274 322.061829 
323.098419 450.595917 
342.835236 16.523113 
230.322403 232.857788 
184.981323 539.887207 
467.238708 415.152039 
488.000763 568.386902 
102.800064 360.708710 
550.186707 500.588226 
282.348419 312.373291 
18.792509 199.658844 
305.294434 570.587524 
69.232597 580.068115 
99.623016 474.002106 
113.384300 449.840607 
557.635742 474.297455 
107.679794 455.790558 
190.107773 580.107788 
148.769363 178.837479 
198.398315 463.769073 
422.027557 380.099823 
53.387886 579.304260 
460.997284 482.011963 
233.024414 159.530380 
20.375319 175.822937 
151.998596 357.279449 
284.724640 580.211060 
117.904503 249.621231 
17.492157 104.648239 
67.862221 270.444397 
354.257751 387.362793 
144.079620 194.794205 
483.293854 453.521729 
122.784889 385.960785 
268.875458 562.373596 
429.587036 362.532837 
502.438141 470.188354 
524.387329 413.616150 
191.847809 364.536530 
578.824280 580.386841 
362.996460 540.263245 
368.489136 540.554504 
302.289825 539.806763 
394.060577 35.820625 
225.737503 420.570190 
122.212341 123.822670 
512.467346 456.005585 
302.689301 554.274719 
44.133408 319.510498 
38.172318 226.233170 
403.562256 574.870911 
168.737946 506.052734 
452.302917 33.478741 
180.175247 555.585999 
319.789673 420.952393 
54.189854 310.646820 
28.877100 567.801392 
192.149170 468.016052 
326.017670 529.778320 
572.333496 437.155090 
413.168396 376.034790 
92.416931 413.951385 
98.734680 437.146454 
108.289223 476.830902 
117.890724 390.127289 
562.581177 437.096039 
213.498230 237.167252 
250.831711 494.534576 
103.925949 422.605072 
390.956940 459.789368 
292.299438 16.893459 
127.068871 426.103516 
479.213806 473.693573 
253.532974 509.603027 
75.011353 477.945923 
496.538727 442.371033 
67.818451 497.224854 
571.804932 443.608704 
16.728134 157.571594 
300.044556 313.971497 
136.975021 402.510834 
488.762756 457.025055 
70.302032 523.293579 
217.481033 442.675659 
78.268440 404.870483 
157.482269 258.252319 
123.816681 414.734314 
20.673414 343.259125 
521.953491 466.992889 
306.120880 549.210327 
85.639915 430.938507 
542.449036 62.101505 
221.873718 387.300262 
62.232254 525.786194 
562.725220 21.014559 
143.243774 382.146149 
32.711021 283.818268 
314.919800 522.066284 
57.291992 376.538544 
289.103027 430.747589 
507.249329 421.356659 
466.172211 477.685333 
103.196823 280.806244 
443.659271 477.546417 
234.866287 382.622925 
147.736145 572.010132 
354.576904 16.594345 
252.777100 365.345856 
435.513977 365.250427 
110.193558 530.456665 
116.791573 435.639374 
451.470245 562.028503 
242.117340 405.044922 
247.148438 535.247498 
79.385757 16.695831 
268.527405 376.925964 
125.845360 497.504791 
67.854088 504.634247 
253.035339 442.369446 
260.927338 501.776154 
37.976997 573.635803 
275.900543 410.683838 
116.796043 335.606720 
355.065399 519.704834 
46.167809 506.090332 
502.560913 554.739685 
504.177399 435.426544 
190.951599 448.317688 
128.619919 294.545929 
78.609459 470.920959 
417.413269 526.898804 
59.007084 517.992737 
336.149567 314.763672 
120.374924 230.164383 
18.595976 194.386261 
130.842621 579.045593 
311.398254 541.862244 
89.243431 482.875793 
375.587677 448.032196 
273.836548 96.445808 
65.098610 484.836060 
351.985138 350.813751 
92.050888 212.851791 
426.136169 388.669373 
432.000641 508.711395 
290.355591 385.787659 
294.289001 481.098846 
577.682251 471.852386 
464.778625 540.260925 
155.773865 412.698700 
105.343956 226.771744 
438.563812 540.215332 
236.695084 422.965790 
17.196892 552.194397 
18.346573 507.862305 
214.031906 427.586884 
117.254875 474.414917 
311.792419 519.671265 
324.161346 406.539673 
250.559982 410.078766 
75.083229 469.366669 
234.932541 502.461121 
191.977890 157.702133 
264.421021 334.319275 
390.122986 565.194397 
346.976501 573.526611 
578.978699 160.916962 
226.693939 149.696365 
17.396057 49.801430 
406.565857 529.650513 
304.678009 17.083267 
46.220554 546.668701 
61.161945 459.048492 
113.620728 248.561295 
554.959045 471.885590 
80.604866 513.980042 
83.323112 498.309631 
49.599548 383.812500 
55.475601 561.989929 
515.111389 514.526611 
116.230057 417.423187 
324.619019 329.362915 
571.116272 454.991943 
24.218937 173.001434 
406.504700 76.487328 
141.657623 466.477875 
147.518021 381.755371 
69.409973 210.196640 
375.559540 575.622620 
119.017860 160.748001 
552.581970 16.652267 
299.351196 427.671387 
77.357628 502.491364 
471.534210 474.272949 
206.992737 352.651672 
51.508224 67.987305 
447.908722 475.876221 
17.736973 391.457214 
18.840042 551.320679 
99.907425 359.808044 
131.577881 463.051361 
384.352112 535.865295 
564.262634 449.023956 
27.715565 527.221741 
139.875061 346.634491 
211.438522 153.635330 
179.006866 478.568512 
579.016357 165.734024 
260.645111 442.900116 
39.887032 512.552124 
226.765366 175.764694 
16.822241 81.506546 
134.771179 497.939606 
42.678356 398.231018 
61.060429 336.604065 
135.442947 124.292824 
553.413574 431.385895 
189.634583 530.017273 
142.869781 227.356003 
420.572845 524.855103 
157.158768 305.066864 
55.113098 532.878967 
336.706940 423.411163 
123.270699 243.483231 
525.188599 17.845383 
147.765625 349.675842 
540.034058 178.878281 
384.343414 38.927979 
45.318329 554.208252 
69.316589 517.519348 
528.348022 517.261169 
193.093979 367.739349 
72.533073 404.678955 
428.991577 470.914703 
214.259109 554.574280 
538.806091 470.479462 
299.390442 396.658752 
580.278198 532.537048 
28.961643 287.373291 
473.988373 528.778564 
127.488136 528.033020 
395.460022 367.410217 
322.910431 37.714687 
18.071598 545.183044 
302.821381 409.393372 
101.562485 312.580750 
36.270931 371.068420 
384.252350 497.434387 
218.464996 347.090973 
63.220985 353.131927 
153.726273 286.868683 
143.418854 576.897217 
25.723600 389.148346 
315.015778 420.776001 
177.104874 541.103638 
576.669250 122.462914 
384.812653 485.593842 
244.343277 535.703857 
548.028992 448.279083 
274.563446 559.021423 
277.061249 500.012115 
579.009766 136.747711 
96.574638 577.870850 
113.868393 330.286255 
247.961380 404.365906 
562.988953 483.658325 
187.434799 476.483154 
192.892944 418.693237 
528.562073 580.073608 
415.528503 460.450684 
424.385864 482.241058 
54.999897 382.077759 
324.542908 417.521149 
343.888397 419.676178 
568.099121 566.936096 
200.496460 539.410339 
204.929199 525.430298 
245.161606 396.157349 
61.227848 403.973328 
66.870079 464.449951 
351.249084 463.115906 
119.184357 163.888519 
156.385834 394.567444 
481.403992 557.058411 
216.213867 490.835480 
571.746948 401.924774 
73.061813 418.002106 
25.069149 338.075867 
365.218201 451.323914 
154.666962 560.317078 
156.973831 405.271057 
235.619751 356.313354 
233.308014 546.986328 
19.366100 392.397522 
302.547577 438.176514 
311.892731 403.029358 
204.105072 452.607574 
455.238403 393.257812 
195.858673 16.607185 
25.760872 441.353424 
526.226379 484.262482 
240.914978 432.621948 
181.571945 476.451904 
527.443542 467.247437 
214.915649 497.978546 
23.036438 191.566650 
37.672268 403.037659 
326.670013 462.756409 
279.709930 555.214294 
132.419571 578.973511 
110.512848 388.586182 
556.113098 538.828491 
579.588074 51.640862 
421.705261 467.383484 
106.930069 510.077209 
59.616035 449.378326 
216.593491 570.385193 
569.993896 402.655670 
474.709778 560.652771 
151.235138 319.277222 
71.150764 412.423615 
353.031006 424.375183 
358.860229 468.490540 
147.620209 540.545532 
480.019806 512.699280 
217.662781 545.810913 
396.089050 39.147636 
131.497864 246.856842 
26.886772 198.760513 
258.900391 16.744602 
160.374207 556.067017 
223.691452 434.857971 
232.890869 507.575592 
19.960243 432.014618 
185.814255 487.534607 
308.273132 397.588806 
218.587082 258.749786 
63.315071 244.609406 
458.091553 409.939575 
91.529755 356.313934 
35.954750 399.425171 
370.511169 359.586487 
321.660278 437.241760 
302.703003 529.634277 
156.606018 318.879639 
229.531647 246.316055 
580.067871 228.225723 
551.433105 529.602539 
327.213318 422.483795 
84.248749 425.692657 
93.093536 446.913940 
98.212067 493.727509 
372.093140 40.094791 
563.313110 399.489044 
142.552444 351.467957 
102.963905 481.291626 
567.054810 451.305298 
231.032806 178.839935 
19.936668 66.919556 
359.526794 477.175751 
565.469421 540.954102 
270.399719 308.285645 
17.775711 101.986221 
349.296021 546.640808 
151.546112 459.949982 
518.844543 481.460327 
485.354279 469.708130 
265.425415 578.188843 
218.484604 402.253540 
157.060059 437.096558 
191.971130 345.300049 
128.437622 265.115173 
159.796661 490.714417 
232.201004 491.337799 
18.536098 286.606018 
408.594360 81.672302 
309.377533 440.680664 
47.662331 300.874908 
332.866302 574.625305 
310.381317 512.396545 
173.016220 523.369995 
128.681488 424.835785 
94.631554 304.826019 
17.312576 408.250763 
214.652573 366.015625 
288.495178 487.078308 
575.549622 526.552795 
259.779236 275.499237 
548.692810 475.704224 
239.292877 514.066101 
560.621826 563.290588 
101.170891 499.712250 
381.589386 450.673645 
373.444336 66.425705 
221.802505 148.905853 
118.868431 423.190796 
562.244751 442.238159 
246.954941 503.866547 
28.528543 571.928589 
421.916931 359.519043 
105.352737 427.891388 
120.368576 456.114899 
18.974121 61.912418 
237.459671 482.365265 
228.688293 403.323761 
272.713989 377.069519 
119.771988 320.978912 
460.896027 17.138680 
134.330261 447.269684 
132.226501 501.378723 
489.657288 466.425262 
216.853531 461.318085 
554.978088 575.925842 
504.182770 401.711853 
24.845905 115.044121 
26.472042 548.256958 
157.488617 256.158478 
229.135529 448.242157 
19.635424 374.265198 
199.874374 352.711639 
87.093346 468.990753 
294.111359 326.628204 
282.019775 480.657654 
64.012062 228.981125 
136.930069 314.054138 
329.035797 556.481140 
73.493881 428.803894 
30.611216 364.905731 
313.651337 543.984802 
224.463257 373.016357 
200.341171 572.709778 
122.266563 425.103699 
181.016220 472.449585 
468.042480 384.357971 
208.213684 385.500336 
325.512268 509.098145 
17.651371 492.085907 
409.953369 353.318146 
101.687683 460.277740 
389.658569 448.941376 
109.978096 502.219666 
119.561012 463.649780 
559.782654 458.787720 
155.569748 310.029297 
426.640625 16.560549 
102.470078 399.774109 
190.318054 469.595551 
397.254456 564.495056 
123.829628 513.154480 
577.846252 72.446541 
381.909851 447.238556 
497.876129 463.957550 
431.036469 534.512512 
114.880203 365.394409 
17.453367 184.800888 
133.313431 379.610718 
68.892578 209.688705 
266.660248 494.084290 
219.897217 150.630920 
506.517883 454.856293 
525.227661 501.228851 
78.353912 431.535767 
363.466553 476.465393 
317.214203 305.357910 
48.852173 537.260437 
156.422729 339.745850 
515.539917 524.179016 
516.460754 442.753113 
306.980652 523.301025 
86.228256 502.067352 
37.482185 156.280975 
283.349518 427.142181 
60.685863 551.883667 
246.395172 103.899200 
32.309166 308.282867 
436.049164 475.151520 
54.749088 353.680267 
19.679214 166.704987 
578.141113 443.466431 
463.987549 498.279449 
472.489044 463.809418 
528.079712 459.044556 
442.352966 548.485840 
247.265411 441.926819 
234.915741 402.910858 
16.596895 526.924988 
101.857384 418.140259 
382.605652 538.155090 
389.559448 450.020386 
116.568596 506.568604 
157.400955 167.134872 
244.531372 426.063324 
249.611816 419.133789 
33.130814 574.522766 
120.196182 566.978516 
579.943176 33.271969 
133.123077 491.356018 
19.596142 428.173401 
38.293793 549.589111 
493.380920 519.886963 
271.788940 436.245514 
224.349075 151.674942 
16.680286 23.087236 
404.507996 563.401123 
134.611282 529.017029 
113.101273 245.281631 
499.162048 530.646362 
560.897034 571.246643 
19.262672 488.424805 
20.435526 58.512493 
79.800941 496.153107 
469.063263 17.045786 
368.711182 437.721497 
52.207310 397.609314 
59.299118 497.994873 
338.679932 341.349487 
234.998169 184.059677 
120.299896 208.716202 
18.804354 264.125336 
17.590593 285.143036 
230.501556 413.591736 
46.136230 237.230545 
540.122742 18.400230 
66.002853 557.861084 
152.682312 352.883575 
143.122757 449.618622 
31.202652 277.855743 
507.016968 457.694000 
528.535400 473.919617 
299.787079 460.251526 
580.063110 400.231628 
466.715027 565.073547 
417.921967 45.961887 
155.942902 389.317871 
235.085327 449.001038 
17.897501 386.758087 
564.103088 90.272942 
74.516685 359.610535 
101.656403 376.332672 
379.119141 483.111725 
166.795044 468.528625 
453.409058 480.709412 
461.869659 555.835754 
424.732056 543.961792 
34.369804 545.203735 
63.281719 117.566658 
269.532684 306.995514 
291.561615 290.737854 
120.875046 524.443542 
576.859314 181.304825 
521.682251 20.913605 
255.597977 420.065979 
263.146332 471.673584 
40.430756 509.931519 
275.663727 476.644897 
276.864624 391.783813 
16.933273 75.331223 
134.389328 513.618225 
27.876106 311.692841 
241.083664 187.798279 
499.741638 575.919434 
504.071991 559.937012 
191.733032 418.429413 
197.850113 426.993134 
75.993355 521.916504 
126.345810 174.775833 
420.070435 567.284607 
156.072540 368.042969 
279.392639 300.168274 
121.760651 260.711853 
20.027977 114.794525 
519.429626 527.035767 
199.626312 402.184082 
169.585266 556.446838 
287.545532 415.847260 
60.116814 442.000854 
16.732161 341.509186 
193.565872 341.668732 
557.568726 577.253967 
378.387024 336.357147 
459.238007 401.428741 
296.265778 407.969910 
576.785767 403.589752 
28.490871 300.288635 
416.740723 16.636265 
207.102982 375.431946 
156.254410 439.379730 
371.789581 494.060364 
448.712219 500.989502 
225.125595 523.423645 
16.559345 415.528320 
19.311142 523.940918 
216.329529 363.248932 
249.345718 426.513947 
27.155054 405.378357 
122.977478 579.592346 
577.084839 95.958885 
16.718822 364.943665 
473.974152 571.376099 
152.069946 163.640640 
94.541588 306.953583 
549.160706 430.674042 
67.640167 182.890213 
413.126373 535.749268 
91.858315 538.895081 
88.711601 296.475067 
143.957962 511.929016 
113.416809 327.888092 
88.782227 578.958557 
187.770859 553.183105 
149.910172 431.653687 
414.122070 464.914307 
313.271576 83.135117 
157.274796 329.402191 
56.044434 408.130310 
121.494484 317.064209 
21.561152 112.513535 
185.161743 540.907043 
199.056671 564.033264 
151.621002 187.277679 
63.772255 401.491638 
16.535545 367.171997 
139.196030 529.196045 
481.016388 527.247070 
569.430420 16.751442 
108.214027 16.668053 
245.863052 105.140053 
578.757568 557.923401 
35.880585 497.231323 
156.101364 400.416595 
394.019653 345.187408 
44.937855 336.468201 
19.131279 421.811859 
302.536102 434.633087 
98.908340 243.121429 
41.060627 343.756500 
162.006912 553.695251 
368.759979 480.872864 
27.653030 544.707397 
520.997620 472.541992 
34.478031 507.678650 
315.297913 400.862976 
539.921753 423.681305 
179.771591 568.993103 
181.981979 517.092224 
364.546082 16.747681 
41.053905 448.508606 
325.026611 457.116486 
276.074188 477.302368 
319.584442 576.854309 
94.923317 484.701965 
85.124947 348.278961 
334.904358 426.307159 
109.655739 356.794922 
159.856308 462.408203 
504.986786 573.139343 
194.137848 535.409973 
80.471802 213.808380 
416.794891 384.670258 
421.792297 461.351410 
54.180382 455.489258 
339.442932 454.978394 
136.218384 471.543884 
22.232868 154.608047 
477.895020 545.480103 
257.981628 579.088440 
208.930893 548.664978 
198.919525 461.758759 
575.009216 558.693726 
185.954620 578.157532 
16.563812 441.599213 
490.787415 579.588928 
212.722519 381.938629 
216.981613 560.728210 
342.077087 317.889191 
523.473083 479.445465 
580.048767 515.948608 
572.057251 569.619812 
363.410034 428.170319 
153.436890 539.542480 
156.596405 522.364563 
449.882812 390.803223 
238.301910 190.374954 
232.847260 525.144043 
18.761841 465.343201 
305.246765 462.406860 
37.615463 301.366913 
335.618958 17.311977 
188.861526 571.495483 
65.105324 174.505157 
561.531555 94.313911 
139.820648 361.483521 
316.655640 450.204834 
321.885101 443.756073 
54.425411 16.704117 
229.376343 243.774307 
577.861145 201.036545 
544.854797 503.072113 
547.797241 562.544922 
329.394318 440.244537 
16.911293 575.463013 
566.964294 573.421814 
93.165077 429.643921 
109.251160 412.364624 
563.363892 549.476135 
139.167404 332.756744 
105.728462 491.876740 
344.678040 458.104248 
233.623901 170.756744 
475.625549 486.719055 
155.114990 294.782227 
543.419373 574.930664 
17.654173 262.383057 
352.171417 544.575562 
359.948517 445.062103 
77.976982 386.864227 
487.302948 522.813721 
525.645142 522.217163 
219.303452 422.077454 
346.987213 354.013519 
28.107716 274.651733 
524.901367 457.584106 
53.887924 252.266281 
231.167206 481.466827 
18.219917 314.962769 
355.320770 347.678589 
254.828979 102.606255 
88.822372 411.755157 
409.986511 354.735382 
218.137558 234.258545 
168.130554 540.347351 
150.811646 374.363190 
34.582241 421.348907 
323.453125 457.139465 
575.457275 519.916992 
73.504311 279.687012 
546.099609 504.449585 
127.868500 506.072601 
92.565895 472.630157 
99.862320 521.571838 
376.897400 16.646763 
217.048904 163.026459 
118.852570 402.690216 
567.278442 81.447800 
107.939407 458.077484 
230.359100 154.408264 
564.061218 434.738678 
193.531036 569.144226 
150.055695 362.761932 
458.472748 34.755600 
135.840515 466.085724 
263.253510 413.599396 
218.790024 381.594177 
501.238770 427.337921 
504.660004 417.781952 
191.336975 367.415802 
578.315002 570.974243 
528.829895 16.884430 
365.946899 539.675232 
393.258423 37.202503 
222.135803 403.615662 
19.328995 356.606232 
53.935837 512.282166 
199.701614 356.681763 
39.796463 192.331436 
387.944733 342.132904 
168.019791 498.304871 
247.452576 260.874725 
500.999878 462.931976 
210.453064 342.210510 
58.717514 314.229492 
471.578125 482.102142 
51.264305 355.778503 
298.120911 551.896729 
75.164261 235.076340 
449.314758 374.436035 
104.919014 315.833679 
50.015919 329.911682 
67.674133 16.753143 
22.107855 574.254517 
411.464783 371.946106 
90.345200 418.067596 
100.296837 426.494843 
121.659447 518.320129 
109.142838 495.954437 
114.997276 397.054810 
243.501648 395.321045 
131.414734 468.682587 
78.031883 339.827393 
104.033989 407.964691 
121.998322 432.852112 
579.319519 43.457802 
67.855293 503.475403 
253.545944 500.349640 
200.310120 579.801758 
551.296326 572.594910 
119.392715 296.607788 
17.769506 152.417023 
457.401794 377.810333 
264.598358 513.641052 
217.834885 432.354126 
502.900909 518.664551 
509.275146 471.311920 
533.573486 18.612499 
316.505737 319.886719 
157.395523 279.291809 
229.324310 423.410950 
18.948296 349.805969 
577.698975 192.214478 
307.835175 557.425232 
85.415527 447.784454 
114.942680 355.424164 
559.686279 24.303307 
511.848328 452.791870 
136.092957 161.352524 
35.868160 293.858337 
56.860489 358.159973 
451.451202 508.132477 
463.411072 480.009003 
359.796906 544.270447 
540.577820 516.505005 
235.324173 388.282227 
382.187653 492.010223 
311.843750 578.491333 
406.310303 525.384460 
109.340897 524.155090 
173.175613 578.851257 
285.316986 287.761749 
29.460920 508.645599 
264.583160 371.617798 
86.689400 398.799225 
148.248535 220.144287 
122.097382 486.504913 
565.167480 558.349487 
477.203918 422.873962 
255.835678 460.103455 
260.095520 508.257263 
469.148407 549.322449 
285.334717 93.740021 
118.683929 337.708282 
405.081757 494.256683 
155.502579 427.384460 
148.779404 298.254883 
487.519226 411.628784 
191.633942 450.595795 
131.900787 304.964569 
81.844803 451.285217 
368.407349 443.462708 
49.970654 561.564880 
452.373291 499.334747 
515.369141 549.610229 
283.648926 448.865662 
88.712044 474.716064 
543.110046 17.802254 
374.385406 441.860168 
63.578438 475.262177 
29.415691 179.624176 
353.888428 343.534058 
128.705276 534.522583 
93.945862 221.424957 
434.078400 501.459015 
265.927490 16.528126 
192.411041 550.624756 
296.518341 463.393463 
579.913330 465.558289 
17.891087 201.001251 
445.372864 535.296631 
237.299271 427.948975 
17.788765 551.974182 
19.438372 514.032593 
207.556213 447.845428 
113.256142 577.953979 
114.198105 483.711731 
398.322998 347.466034 
130.411789 415.967682 
247.029205 393.430664 
532.298767 439.166870 
295.534363 562.240601 
128.469910 449.260468 
579.431458 150.230667 
209.539764 576.968811 
38.702763 526.054016 
495.097809 543.659607 
280.679504 384.271881 
406.010559 539.779175 
409.073700 503.221405 
133.687988 507.161041 
88.184433 238.998657 
265.479034 426.508728 
519.385681 447.229858 
557.901794 462.181366 
508.697388 481.887329 
191.449783 396.687988 
82.296341 521.742249 
418.378235 474.030334 
157.107330 363.526794 
54.683865 564.852173 
156.021088 572.328308 
238.759247 16.503899 
121.452194 279.680084 
514.980286 516.066895 
86.638275 532.237000 
286.598358 399.158508 
63.983913 435.054047 
16.759214 308.196381 
407.762543 80.168442 
141.864624 468.810028 
134.091858 240.227020 
437.542938 553.479126 
298.840973 436.672791 
76.695839 497.875305 
469.377808 496.115845 
205.809540 343.037323 
48.007988 300.687988 
67.629257 239.803894 
20.592325 554.964661 
96.429787 302.040192 
195.882202 452.946014 
388.304260 528.292542 
116.695549 525.895081 
458.149109 528.271606 
143.507675 161.201614 
32.666580 568.448669 
292.750519 314.657562 
175.063324 485.018555 
580.499878 110.625862 
262.467896 446.802429 
232.237061 353.097595 
274.280609 498.444061 
149.033539 354.594604 
89.512970 293.156738 
379.303558 577.864685 
505.407104 536.128784 
186.184128 539.249451 
139.109848 230.636841 
417.277344 374.902588 
50.393337 426.621979 
56.217045 419.690002 
340.741547 417.530975 
526.923767 21.632999 
520.392883 499.467682 
202.306488 380.275787 
152.125778 221.890884 
62.155495 462.741913 
575.855652 404.009613 
353.333344 426.422394 
194.198547 363.011963 
137.484848 225.297394 
33.539055 155.595032 
382.659546 363.133575 
212.395996 561.066833 
56.630348 242.950119 
76.207520 450.040894 
470.067017 526.292297 
50.285431 307.044678 
278.588593 16.546059 
71.882935 233.624115 
21.924549 404.248505 
302.783875 403.408447 
97.681221 306.866425 
39.015537 337.323395 
386.095825 490.938354 
460.167542 491.619202 
45.734356 409.111633 
529.669312 503.107513 
35.292671 510.470551 
314.392273 417.915375 
47.554268 571.515625 
580.263306 114.511871 
518.171753 146.558655 
189.064743 511.498138 
540.480286 536.821533 
240.302612 16.866478 
273.342621 565.160706 
46.879848 420.772980 
67.314972 158.457275 
432.235291 16.872179 
331.684662 410.611603 
113.051033 352.864075 
561.660400 511.356201 
187.720795 480.183655 
192.051590 410.101166 
532.029602 573.166870 
60.837818 510.790222 
25.297688 153.083588 
346.147034 420.055664 
510.293427 578.015137 
16.677567 315.346436 
203.219894 544.336426 
330.374756 311.357910 
62.430428 420.458374 
68.586868 468.061462 
436.491913 473.678406 
347.739044 321.597198 
77.828789 411.033997 
28.603149 335.651581 
362.422668 444.860504 
151.836029 567.141113 
157.043259 424.872742 
444.072021 386.665161 
225.259933 520.288940 
20.986744 398.980774 
305.647430 457.287476 
308.157410 412.512909 
436.607483 558.575134 
138.337769 357.820343 
167.878738 531.028870 
123.155197 161.255035 
453.659454 401.442291 
210.582306 513.070557 
81.038445 165.357956 
534.498352 507.098114 
118.544357 501.361115 
420.843689 500.271576 
396.104279 457.341919 
73.495384 337.460602 
324.297821 435.317139 
279.309845 549.307190 
43.230804 292.240967 
90.704178 508.405884 
100.849724 533.029175 
86.064987 170.139542 
113.675957 383.617096 
555.859314 529.577698 
140.449432 315.638916 
104.997246 516.006104 
54.828278 429.603271 
121.842751 345.323517 
310.505768 330.742432 
209.269882 380.848694 
63.560200 259.173004 
270.554657 298.419067 
68.778313 419.293671 
349.263733 418.554230 
359.328735 426.887970 
144.852890 534.852905 
30.046211 115.427513 
503.054504 418.909302 
27.544357 194.635284 
369.167358 488.213287 
161.823471 551.823486 
564.291077 504.079620 
292.650513 340.212616 
309.537079 454.295227 
98.387665 225.051926 
334.693115 39.229698 
163.307739 475.764374 
173.137192 563.137207 
461.995270 407.049042 
196.582184 156.969482 
95.368927 360.199493 
371.193207 360.596649 
323.342621 462.079254 
38.533451 383.146698 
579.704529 222.753922 
463.103333 379.873901 
104.653831 375.092255 
548.262146 535.506836 
287.161011 303.195435 
234.253021 477.470459 
155.880081 433.281799 
90.027992 450.291504 
98.556343 491.996399 
234.670364 414.000793 
74.804901 346.445282 
113.474953 437.095001 
196.560959 519.204956 
193.099350 558.756958 
107.655014 462.250793 
447.506256 16.844469 
342.009796 436.771362 
232.722565 146.386475 
20.456388 72.162804 
477.694550 510.146454 
89.213402 385.152771 
207.877319 432.276306 
497.877167 399.243622 
275.681244 316.568268 
117.326996 235.357468 
212.232590 532.141052 
355.274902 421.547638 
135.428970 459.011749 
482.409363 467.216553 
264.760437 570.665649 
221.115112 400.918610 
500.687042 460.129425 
360.598694 469.176178 
190.608902 353.525208 
369.549133 504.623505 
157.121170 504.914154 
156.745850 484.498138 
85.993820 435.236786 
18.711266 290.602173 
354.211487 323.408112 
64.708000 558.555359 
44.886307 311.596710 
40.300926 212.711533 
270.628845 419.606781 
284.927277 541.296997 
192.327194 167.513382 
72.327286 434.561829 
34.121937 351.631958 
215.951233 376.527405 
130.798248 439.915680 
289.931732 484.275757 
74.341057 252.343948 
259.659912 276.283417 
107.419815 319.177124 
550.342468 481.129578 
226.500290 364.784973 
94.006264 401.740234 
100.086563 444.394714 
382.970490 459.414337 
110.966934 462.491486 
50.983524 341.732758 
559.148132 447.741669 
81.081688 344.554626 
421.065399 376.187378 
157.230453 175.545563 
411.845001 517.896240 
124.234665 454.448090 
577.326233 63.326515 
151.946701 340.278595 
231.246826 374.236816 
497.616547 427.307434 
117.221176 329.613190 
573.254822 572.992249 
131.657715 554.159973 
308.796265 300.613922 
314.736328 532.669861 
489.594696 471.028259 
524.817993 496.976105 
77.818642 282.115326 
82.908440 415.839783 
156.150421 249.703644 
234.945160 107.085724 
19.171856 335.033600 
198.713852 334.874542 
44.767693 349.033173 
284.215088 490.366608 
64.400467 224.266068 
133.226379 309.028839 
313.468567 539.421021 
321.544891 527.418945 
293.351715 442.492432 
299.746399 523.096924 
72.954124 213.845596 
465.268616 487.842834 
53.802406 162.396591 
553.034302 555.681152 
527.601074 513.147461 
100.760338 454.220490 
385.956512 440.537781 
109.640327 521.981934 
102.023071 441.759460 
523.552490 445.984009 
193.041489 577.339600 
82.945175 363.573853 
105.661705 379.266266 
347.951935 540.014954 
122.260651 509.010223 
578.529541 70.981743 
477.043182 406.762756 
253.224365 426.062561 
305.749207 519.226074 
275.760712 422.008698 
17.866673 176.666153 
529.855347 533.765625 
87.690758 227.084442 
121.314720 473.855865 
264.787567 488.160339 
108.434769 205.089783 
505.363892 448.849457 
190.936829 433.258209 
182.294037 16.810932 
79.282211 434.177490 
17.779846 505.267059 
51.008984 532.298828 
236.857056 144.449066 
228.401398 398.894165 
513.052368 531.577393 
518.827637 411.240143 
88.329712 516.777710 
38.804665 155.633514 
283.994598 432.384827 
150.856644 347.139679 
192.473221 272.160980 
34.139118 313.994385 
54.744987 330.115356 
293.041534 397.822021 
462.616119 508.789032 
193.489304 456.271759 
155.264160 425.653656 
439.817108 556.051758 
341.155823 17.084068 
237.134705 411.843658 
66.621857 322.550354 
98.649429 413.760742 
372.863861 361.175476 
172.252701 484.244812 
116.889709 513.626099 
247.409698 421.150177 
34.564320 577.187683 
29.834877 156.010757 
579.057068 24.046041 
210.420624 341.505280 
37.315392 566.351685 
224.255249 159.301208 
134.193527 435.923401 
133.539169 523.539185 
46.201283 537.802368 
50.307510 371.259674 
212.474960 571.830444 
109.895027 239.672256 
498.324493 535.306152 
562.424744 578.686707 
190.810455 378.565155 
79.624596 476.676605 
419.502533 554.731812 
53.099388 394.886108 
278.244629 312.823669 
21.752241 270.003876 
175.167252 577.061401 
201.367752 443.779724 
63.656261 235.102066 
285.981049 383.911804 
64.713631 498.719208 
17.804886 304.896271 
403.191040 16.895844 
138.517639 454.136200 
260.496277 407.478912 
54.676083 208.816696 
556.584778 24.515804 
354.548157 537.539734 
298.617676 440.634644 
75.043785 512.109131 
465.745819 549.070923 
364.760803 357.045990 
204.460312 337.626617 
56.779369 522.255554 
16.634249 382.622406 
525.428284 414.672363 
378.002625 486.372589 
532.140015 465.700012 
314.514404 426.276855 
265.712799 300.804779 
390.510101 527.580933 
398.445465 534.514587 
175.224243 486.755585 
184.450912 574.450928 
17.141878 343.915863 
252.092270 415.712036 
259.088928 427.623657 
41.797180 503.399536 
165.014969 518.099487 
276.883942 459.951355 
17.204277 69.004936 
149.544403 372.635468 
249.504578 16.619423 
266.136810 406.013031 
502.874725 579.247375 
507.584381 554.383118 
191.002548 425.214447 
137.767929 233.682098 
545.364868 467.949158 
415.801727 499.193085 
157.438126 293.900452 
56.391365 540.208496 
32.434990 218.571686 
527.108826 470.208099 
181.826233 524.637817 
260.638794 456.045898 
150.357788 226.565674 
282.878876 425.612213 
260.419830 453.328583 
16.939781 330.236145 
352.978241 324.160797 
197.073517 335.654205 
437.245789 384.215118 
99.120354 438.958466 
57.660927 251.646378 
299.834930 408.698853 
577.920166 543.585266 
469.946991 565.144531 
209.973816 371.210388 
157.306915 460.980377 
441.425232 470.726624 
223.216049 529.443604 
16.671944 436.147797 
18.153595 533.847717 
305.528503 400.498627 
252.693909 272.158936 
37.112614 354.700134 
171.861313 473.871796 
350.243835 16.592823 
77.351700 461.281921 
405.034973 38.337265 
366.800232 69.552582 
393.515137 495.273804 
174.713333 508.835205 
129.249176 510.110504 
417.012146 357.099426 
155.540894 170.623627 
541.747192 528.075806 
549.655090 437.518066 
404.467621 458.025818 
408.007050 532.136841 
95.358002 540.608826 
110.422211 322.026794 
196.822342 380.105103 
417.501556 470.356201 
106.076271 578.431885 
55.426178 391.904022 
340.925781 441.450836 
120.719727 307.391693 
568.385254 552.113525 
516.923279 475.945374 
306.302673 318.292023 
565.601685 538.597717 
431.865479 508.342163 
65.727554 392.569427 
66.039108 454.676697 
351.476868 451.060272 
141.769897 538.098267 
148.716690 455.791351 
483.084076 568.090637 
212.852585 539.591858 
210.196732 353.434570 
576.666016 551.572021 
69.739471 438.089142 
558.524902 430.576355 
107.195007 120.746246 
16.817764 463.275269 
19.333441 378.275055 
302.379974 426.700012 
98.924744 234.647308 
41.030952 312.482819 
165.935608 559.775574 
60.894840 371.217804 
450.902557 383.559174 
529.600220 524.008179 
538.326233 511.201813 
367.148499 329.966980 
299.067688 552.071777 
480.839325 480.139587 
176.960556 549.610779 
183.692810 511.327789 
205.987640 108.726868 
326.045563 453.295319 
281.844452 492.877899 
570.360352 16.848076 
524.192017 571.460083 
94.879570 487.751312 
334.986603 432.708984 
562.076538 539.142090 
297.004089 16.821386 
194.092453 533.380127 
80.448273 216.992722 
103.294403 526.841919 
458.852448 492.555817 
22.562099 160.991302 
145.947662 339.677032 
253.777664 574.788330 
204.149414 564.755127 
335.237335 334.464050 
273.388153 281.849213 
66.981575 447.382263 
533.084656 509.697632 
147.932129 509.294495 
484.527740 479.051270 
120.614456 396.661926 
213.116226 384.304932 
552.784302 95.219093 
25.567322 216.173462 
579.479736 505.720154 
25.644817 215.661026 
150.509750 540.509766 
156.442535 540.582520 
524.344360 506.483521 
18.872299 470.251953 
408.279510 37.177307 
37.723911 297.154663 
377.347168 480.610138 
163.665909 504.772797 
61.767532 324.333801 
152.847733 370.095367 
145.772491 578.555237 
314.629364 447.101227 
322.317902 449.530518 
289.999634 541.013916 
183.720001 565.063843 
411.893280 572.079590 
38.897472 400.004822 
547.339600 567.846558 
324.420807 409.159668 
373.475372 65.840256 
95.817368 437.953094 
138.301102 506.272156 
109.513985 405.086548 
556.896606 509.709991 
558.669556 552.982483 
240.187622 519.637512 
141.109924 337.737030 
224.000580 173.971420 
105.254875 495.254883 
156.061493 372.073578 
232.196213 166.295609 
252.897293 529.277466 
154.714844 301.310608 
442.790466 502.247498 
17.823338 278.044830 
353.535919 537.371155 
250.476593 459.773621 
490.441132 533.973450 
296.712830 474.955139 
191.596985 332.419128 
24.172100 269.782928 
50.187359 248.062180 
222.711349 395.439178 
233.266586 477.515320 
213.195953 448.152435 
309.526520 426.595642 
85.299286 406.169617 
517.474487 532.821777 
168.288483 539.569763 
456.294769 378.777374 
196.352753 181.074326 
28.651222 164.436340 
538.374268 524.439697 
213.745224 358.218323 
291.124817 548.402344 
175.988052 467.890686 
393.958771 449.086365 
550.467651 515.503845 
286.773651 325.869659 
227.350388 369.510651 
148.914948 160.625305 
99.894241 512.720398 
382.137695 443.739105 
113.725426 461.678009 
118.412605 408.400055 
240.235962 522.713806 
246.689865 512.970581 
149.016144 440.239349 
68.218010 327.491760 
156.607590 173.630783 
338.271606 552.914062 
19.382467 501.259491 
19.810257 52.296719 
311.144592 17.134947 
261.837555 572.957397 
16.924648 115.480476 
450.648560 374.520050 
146.071335 231.967743 
480.186005 390.199219 
486.137573 475.806702 
498.264648 433.759064 
506.878815 412.104706 
190.772903 374.410889 
79.389877 397.757660 
367.663483 533.518188 
223.596008 409.907471 
18.939335 363.142395 
181.018692 549.464294 
199.131775 361.441559 
89.448730 458.473602 
37.003151 186.011703 
387.037659 341.418365 
282.494507 568.780457 
560.307556 16.736237 
512.683044 468.325928 
249.497284 269.285675 
35.602951 374.992096 
312.533417 554.997070 
318.048584 409.498657 
303.263763 545.710632 
564.562439 440.241730 
398.706635 372.869812 
242.631226 282.273712 
74.758568 233.226852 
306.521667 447.918365 
400.286621 351.087952 
302.581207 326.795380 
327.304901 543.801270 
238.357178 544.104492 
17.340923 484.138519 
18.507233 576.437012 
355.248047 34.557510 
90.047081 420.494995 
98.618034 473.614624 
568.803711 551.971680 
109.030563 490.904602 
117.621300 450.803406 
243.623535 386.382935 
261.672333 421.573608 
339.055145 542.754211 
317.187500 577.200500 
102.038071 408.649200 
543.541565 446.024963 
269.002014 420.389526 
122.479103 427.208527 
76.489189 159.610962 
241.987213 423.951355 
257.868042 519.886597 
262.988037 565.379639 
360.892792 327.767822 
550.497131 579.600830 
273.309753 381.258209 
170.348145 474.968658 
17.058969 169.622955 
404.746735 505.705200 
403.036133 369.979797 
144.068924 234.783646 
86.114632 218.663010 
490.836548 449.155212 
267.739899 504.020447 
216.996307 429.602509 
