153.961517 398.298553 
98.089081 518.728577 
201.333389 349.246826 
156.642899 416.509644 
257.986237 572.972778 
51.033863 442.024475 
87.853371 489.761719 
30.704063 396.133636 
190.031113 476.349182 
165.698929 464.569214 
157.434738 181.397125 
278.559753 419.094269 
205.377106 356.032837 
75.469803 475.738525 
70.100571 427.579315 
44.874664 386.098358 
72.284050 337.106659 
40.865856 501.737274 
80.321365 411.560822 
117.429520 447.645142 
84.804321 403.580170 
139.196030 529.196045 
304.963379 394.979248 
44.061928 479.156433 
171.874634 576.599304 
336.110016 414.063141 
152.350159 456.917236 
241.025391 454.036224 
224.815125 540.802246 
82.968582 480.956757 
157.074310 371.299530 
37.122238 155.410599 
99.715485 519.081665 
100.752571 579.914429 
48.462257 154.605927 
71.290977 579.638000 
38.033855 286.578156 
212.883636 572.643005 
42.496666 308.734406 
212.226273 358.177216 
241.955170 362.760925 
106.496162 421.489502 
83.347992 349.866760 
87.509293 354.131134 
135.608261 578.362061 
293.408203 469.303802 
132.675049 164.135208 
49.867836 349.534271 
113.696281 579.742615 
133.412994 491.182495 
41.035500 378.554352 
126.565269 569.343384 
258.041656 522.338257 
60.529911 489.787262 
156.321365 348.625854 
26.467918 292.242767 
191.251526 441.213348 
53.206642 313.794128 
30.834209 299.847137 
73.974739 507.230957 
16.931858 384.807800 
184.450912 574.450928 
157.344452 282.086243 
267.479675 448.773987 
23.270489 332.841003 
69.605362 329.755798 
102.249611 489.038330 
86.831139 575.361145 
32.739048 370.821686 
188.070236 507.696136 
107.883522 357.059784 
40.956120 403.550079 
20.047607 474.836792 
247.786270 430.807587 
118.458336 347.902283 
255.525146 497.271179 
266.786987 421.656219 
112.522881 462.005463 
271.817078 401.626556 
154.372177 579.166138 
136.423477 497.697662 
169.655045 534.872681 
93.390327 371.112305 
123.787857 502.773499 
16.784561 152.287766 
155.295059 522.593689 
145.420944 385.984711 
191.153336 377.081726 
83.942711 496.560852 
93.760567 458.313995 
70.837486 455.152588 
18.031057 416.653320 
157.292984 232.324585 
102.244179 506.996460 
237.463028 411.976379 
53.069832 402.511383 
35.247189 435.462708 
62.833622 410.567505 
157.415970 215.646484 
275.988373 381.985687 
17.128052 542.872253 
104.350510 439.282898 
47.626667 394.960510 
71.310730 429.253845 
33.518295 556.572876 
78.156807 435.217255 
297.849548 392.247375 
271.945282 379.492218 
87.823952 441.235870 
138.903976 549.193909 
303.617188 468.812836 
44.305981 514.760254 
93.890221 418.871948 
102.270798 480.106323 
172.052505 517.483215 
139.655716 425.797455 
157.388519 447.409821 
49.811970 577.208618 
94.348404 501.940704 
72.540131 487.507507 
84.501945 502.826752 
173.137192 563.137207 
21.754219 265.553040 
91.260910 473.820862 
28.432560 273.867493 
57.307808 416.481995 
40.787724 366.582184 
209.210266 341.655792 
22.940067 534.205566 
69.062180 413.953796 
49.077835 343.950256 
72.534332 352.356323 
181.687515 490.090546 
82.733322 370.437866 
113.196587 487.444916 
87.782356 388.917725 
44.202969 491.134033 
34.700043 578.672058 
171.906982 549.544434 
19.114168 310.564087 
221.496918 557.266479 
154.971848 379.650696 
94.358948 578.885925 
18.172134 290.463104 
56.544815 466.571320 
67.675400 579.772461 
155.688538 385.703339 
25.383366 315.518738 
239.438141 539.042603 
19.991577 333.792236 
174.145660 469.098633 
41.217682 331.013214 
43.263584 323.034912 
157.397675 317.242798 
107.950760 434.594635 
38.476368 452.637665 
20.197651 457.913971 
117.015625 442.957458 
124.421326 161.086945 
56.387505 448.282471 
145.527954 461.245239 
318.903534 405.951691 
61.051003 473.976929 
191.485809 396.642975 
54.569820 326.119202 
18.185764 278.613708 
76.830177 517.205444 
17.464062 402.180664 
61.927425 318.014099 
165.469070 577.292297 
157.365906 290.110229 
21.392679 350.718597 
64.079956 317.232208 
56.266968 370.822052 
218.561615 405.564117 
56.976616 334.969299 
38.063770 393.647308 
19.262672 488.424805 
64.004486 387.157715 
115.626556 333.483215 
43.795124 428.533600 
123.264282 386.316254 
39.795776 578.487854 
110.423325 478.014526 
117.195274 516.439819 
203.895035 518.903992 
49.379890 578.232666 
93.131416 415.755829 
54.484383 497.009521 
18.933990 165.512955 
58.715050 537.990601 
191.832382 334.638214 
97.075470 499.237396 
75.389870 467.859009 
16.814974 433.328430 
226.181610 350.982086 
157.363907 240.893127 
119.757698 160.669678 
87.759674 514.857178 
181.431732 579.997620 
57.897995 402.046143 
157.371628 174.698120 
37.523590 355.653778 
19.805420 551.701172 
24.655369 494.215332 
69.355026 432.610962 
43.740482 409.117432 
544.067810 580.431885 
73.317467 441.721069 
262.764801 511.396729 
264.506409 371.983826 
77.699303 392.288391 
88.715508 424.457245 
74.304054 542.892395 
102.792618 411.185211 
154.815430 459.986908 
367.950195 431.273346 
137.661301 444.068085 
155.374710 464.739960 
98.481010 544.478821 
18.223211 274.500092 
157.382416 393.545258 
143.285278 162.909943 
252.903702 444.981903 
89.953957 458.950928 
190.978775 409.829956 
168.174942 487.538361 
36.791012 295.170227 
68.516014 398.434723 
46.916546 356.179260 
76.717682 360.616455 
157.006653 414.226379 
282.320038 493.319092 
78.474739 386.791962 
247.742661 365.425049 
114.559746 476.660370 
87.412170 377.660950 
96.613441 460.921692 
49.362473 451.134155 
295.658539 475.480347 
311.843994 399.340424 
111.024101 505.080078 
350.619720 424.046143 
125.517303 578.786499 
105.775070 319.471802 
154.839310 360.850281 
78.062477 458.587646 
57.246559 454.484009 
156.827972 342.275848 
23.636177 329.503174 
190.731827 422.105408 
34.763687 319.900879 
16.759346 559.732849 
18.670464 348.561005 
166.558289 537.840881 
157.345947 328.258942 
35.433647 315.212280 
22.664156 368.206726 
55.372536 333.678894 
191.399918 579.383240 
122.234390 219.194885 
19.058647 468.556763 
26.767784 580.085693 
49.434853 154.635864 
205.312881 514.701660 
57.354439 155.354401 
266.693726 399.039124 
204.740173 579.320129 
127.882317 517.882324 
94.761650 379.180023 
138.134552 542.232727 
122.975830 539.927917 
55.166096 460.983307 
141.688080 446.207642 
187.292297 535.790955 
232.080719 547.518555 
44.631783 550.388550 
55.726074 529.314575 
225.558731 432.535767 
32.127342 155.356186 
18.158028 412.780884 
157.219894 248.961639 
25.510086 416.716553 
101.070549 463.929840 
28.700191 340.633850 
56.846992 378.069214 
109.791771 384.802704 
41.187023 435.881287 
17.899527 506.259705 
69.117966 373.912628 
19.236767 302.590637 
115.301384 374.156769 
44.661186 444.136841 
191.015625 450.293762 
71.724205 390.452881 
35.436577 559.947632 
110.327286 493.631317 
116.568596 506.568604 
40.311539 539.090149 
31.863602 288.042816 
97.093590 396.963318 
122.449402 478.463196 
99.178513 419.066406 
68.587601 468.062439 
161.657822 496.571259 
325.709259 407.829041 
197.617188 346.988251 
155.094269 390.607300 
96.789330 480.745361 
73.464645 484.054230 
156.909927 430.059143 
273.987610 500.006165 
21.661446 413.787048 
102.383789 528.783203 
87.638618 497.236572 
35.157600 402.608459 
61.926937 441.111938 
157.475739 188.311157 
41.148342 343.078949 
69.703682 422.287292 
47.664391 361.293610 
76.763611 343.540558 
276.845642 457.328156 
81.932671 407.899719 
217.383850 571.387695 
72.196579 158.092453 
47.974922 482.584656 
110.247002 580.170776 
338.973602 414.083649 
145.455765 577.774658 
154.118958 451.264679 
132.721420 579.533203 
580.022949 575.190796 
359.241638 426.520264 
365.615265 432.088684 
154.313797 359.564362 
183.218765 466.235748 
17.980110 288.824921 
35.488228 155.031876 
238.371979 546.985901 
48.094299 155.542084 
87.973137 451.226196 
259.414368 515.264465 
162.612442 505.076233 
82.493820 447.882538 
115.780396 222.742386 
43.014099 315.951416 
76.159958 380.371887 
183.160202 464.188812 
295.344452 393.349823 
276.082367 502.223389 
79.207802 339.179199 
85.899078 361.750610 
45.358406 459.638031 
294.970428 465.627716 
52.677231 510.851929 
106.513527 516.618713 
340.983368 421.135315 
268.479950 455.810730 
19.756275 318.194031 
59.299118 497.994873 
157.240356 354.831085 
26.461592 288.967957 
191.278610 437.111206 
52.569279 310.550873 
220.369598 398.308472 
30.825588 307.651672 
72.599823 513.792480 
21.150816 363.539307 
190.107773 580.107788 
157.323257 289.272095 
27.367161 381.362732 
63.669746 319.678375 
103.016556 499.169067 
42.728447 292.840851 
29.817848 376.159332 
71.975822 331.247559 
61.216511 354.258148 
36.414181 485.300812 
19.304064 480.008179 
251.464417 424.725372 
117.065376 353.129395 
31.915371 497.287262 
53.689354 359.302765 
108.167511 453.186127 
211.664795 564.854736 
148.659332 577.384094 
92.477104 366.958740 
157.498840 578.455444 
247.050690 535.364502 
20.281776 330.182495 
19.083809 155.407272 
62.256145 503.966431 
578.336121 570.502563 
82.039566 441.692169 
191.544449 369.198547 
57.621986 348.021210 
54.549202 384.439941 
94.928673 445.548706 
16.853012 430.139465 
58.130981 577.986328 
230.315338 426.662659 
157.111374 265.795410 
274.901550 502.452820 
23.875046 432.824707 
54.909283 399.387634 
31.070866 440.126495 
201.294846 578.764038 
63.440643 364.051453 
157.407410 195.031647 
280.037415 380.915344 
16.575884 521.578308 
134.947220 164.027237 
66.199440 354.840027 
113.286087 360.918121 
285.000061 386.858093 
191.056763 459.310822 
71.882805 405.934174 
29.248665 451.524231 
264.205109 377.035370 
79.511742 426.567749 
303.020447 396.223145 
274.890839 384.282959 
198.043503 335.501312 
310.379791 462.141388 
288.778931 449.610535 
170.308990 579.009949 
97.520668 439.175171 
123.425148 465.196625 
101.717079 437.309418 
155.199860 556.214355 
219.874847 565.437195 
321.006134 456.033875 
67.224991 453.435059 
157.134674 457.712219 
156.411072 440.557831 
51.913330 435.810120 
87.834534 481.035706 
34.062065 391.816528 
186.527527 499.241882 
169.355194 471.036438 
39.685585 381.727112 
68.512039 408.033173 
48.519733 374.233490 
75.556129 356.483795 
81.663933 360.303955 
113.931320 496.281891 
86.197891 397.160431 
307.174683 396.784851 
43.394176 499.539062 
35.049049 579.362976 
103.961609 477.850708 
129.975220 445.296356 
338.233948 417.239899 
63.648258 503.559967 
240.778336 447.079681 
155.051575 345.529938 
93.873749 578.388611 
80.277641 492.179901 
65.605309 577.876953 
155.909790 361.797546 
56.947075 459.330383 
249.800461 532.461792 
102.424011 577.230469 
75.642982 577.343323 
18.983730 338.917664 
37.496258 322.752655 
43.638966 328.626221 
217.432632 347.982422 
51.279392 419.277802 
40.019188 449.124146 
80.606483 358.358063 
23.704782 564.610046 
85.206589 347.091248 
259.157043 371.203125 
141.164978 579.628601 
294.351990 449.529175 
115.787766 578.541687 
130.655777 513.622253 
297.087006 477.344727 
96.679962 358.046570 
18.094536 568.416260 
250.236298 528.910034 
58.552139 481.593018 
26.972916 296.741913 
233.485107 499.875610 
54.370731 322.601227 
31.354996 292.179413 
76.310890 522.585083 
20.502899 378.131531 
157.131882 297.115448 
100.312332 509.040192 
26.034496 344.658905 
104.699089 455.135010 
34.678822 366.487030 
58.925133 340.515564 
579.610413 152.416489 
106.376389 361.216766 
38.723682 409.741150 
19.935593 498.496429 
67.540337 375.346802 
259.650574 433.560730 
87.502693 412.428436 
140.758408 519.744080 
111.046181 470.774231 
114.477409 524.867615 
272.318604 389.750549 
151.091614 560.917419 
48.977737 579.391296 
95.646759 404.711792 
122.225456 512.225464 
103.858208 358.507080 
144.852890 534.852905 
100.859428 472.083435 
240.110382 543.576843 
191.433121 387.860748 
219.477142 346.887421 
96.704910 488.804138 
71.110344 448.927856 
17.122950 442.351562 
57.565662 563.679504 
231.396515 353.874115 
157.316528 224.207977 
23.999901 388.791138 
56.222305 412.910095 
33.101589 426.073425 
182.839615 578.112061 
63.069645 403.458435 
157.389404 206.460678 
41.975632 346.133240 
18.205431 530.106262 
66.568436 343.731659 
46.290104 413.484894 
72.890434 420.711182 
18.110458 575.100403 
25.807693 307.327240 
90.129784 437.342896 
283.429382 490.783936 
94.440971 424.651764 
150.509750 540.509766 
279.353912 446.550629 
155.996964 471.175201 
49.928459 579.191956 
94.160225 510.909973 
79.098907 511.416321 
156.642639 396.987854 
568.848145 577.661987 
21.475487 273.982574 
91.562614 472.519287 
41.476440 374.027405 
204.782639 375.868927 
25.216597 539.947144 
68.144455 391.105469 
46.458965 336.216919 
75.786011 370.130432 
177.796555 495.753448 
35.430397 551.831909 
83.298347 379.107391 
113.236206 485.158081 
205.882370 458.319214 
87.029945 385.517517 
48.082813 456.365814 
316.109070 404.708588 
189.996857 458.167877 
346.983765 421.888733 
35.936440 427.429901 
16.767563 315.535522 
190.533249 388.678802 
155.340454 380.038269 
81.267952 473.909668 
21.100901 354.707947 
157.481766 305.717133 
38.435944 310.467743 
21.358280 364.241486 
191.152740 578.167542 
106.104164 440.990845 
40.664383 493.933228 
20.045404 449.094574 
23.279001 578.775940 
93.285767 469.513641 
115.221664 563.672546 
206.846298 578.062256 
133.539169 523.539185 
53.081169 392.661102 
49.863983 453.571014 
227.067856 554.172974 
321.483673 412.810577 
104.128395 364.287750 
190.548889 338.947144 
573.188538 577.386780 
130.478745 161.305084 
30.580349 281.488647 
19.981663 579.772278 
20.711342 389.763000 
60.812664 314.946350 
163.214111 580.112732 
157.417099 260.194916 
56.018436 374.417725 
29.050526 348.626160 
178.081451 508.786011 
59.830925 383.835358 
35.954750 399.425171 
19.601120 512.139282 
69.819420 361.950958 
45.382774 418.704376 
75.182961 399.938965 
28.527817 469.695190 
35.656746 579.717346 
107.139610 481.336212 
119.397026 509.397034 
127.773056 559.048462 
255.003281 526.353516 
48.971870 536.622314 
93.954109 389.463440 
124.821976 500.320129 
101.412598 424.808289 
123.279388 163.145905 
63.503342 529.923096 
66.423744 459.883484 
327.646240 412.068787 
104.245453 451.300568 
195.681961 339.976898 
92.230103 477.176910 
70.633980 461.954834 
77.734863 534.462402 
157.360336 233.701782 
25.087378 402.820099 
49.694893 428.325073 
87.554077 507.260101 
34.751331 415.032532 
56.693569 392.923279 
156.926193 164.815659 
40.043709 338.366882 
17.596119 549.057800 
22.309111 445.440643 
69.470078 444.168060 
214.981049 505.817352 
74.234695 433.124542 
37.656593 517.907410 
82.028404 398.797089 
87.415787 419.715363 
41.511677 465.788788 
138.748703 510.720398 
84.208778 157.874695 
378.595551 436.929504 
109.369614 578.456177 
141.323532 580.019348 
128.401428 441.497253 
361.159637 425.711365 
18.006130 264.354584 
402.251312 370.583435 
376.165497 438.801147 
90.608665 457.408081 
381.739441 437.599854 
82.801964 421.934357 
151.147156 161.573868 
40.738911 302.026215 
25.515556 551.308044 
42.671570 345.983063 
77.582108 385.709106 
182.184402 482.891785 
111.379059 405.819183 
277.666809 496.331482 
77.816360 338.033752 
247.740891 368.009064 
117.457634 410.530212 
90.677040 373.766754 
42.541145 466.467773 
292.909698 481.095520 
109.767067 510.400635 
298.234039 472.576904 
141.162949 160.883499 
124.119438 579.047058 
243.182022 432.190887 
155.151749 372.057220 
82.543015 459.484985 
60.000000 450.000000 
157.137299 338.067505 
24.182848 282.101990 
190.964310 424.598328 
51.484188 302.913757 
222.805542 392.905151 
34.103767 315.103760 
20.911135 367.614868 
156.997253 319.655029 
59.345879 525.607056 
27.500982 375.983673 
53.345371 340.365417 
45.503433 299.715332 
19.129734 259.890076 
38.777859 474.999969 
18.761841 465.343201 
53.694920 155.569702 
57.531212 155.025345 
157.355362 436.728943 
261.398010 436.655457 
108.691650 445.334839 
92.786140 386.067322 
123.729172 515.932068 
158.012970 579.086426 
312.181671 460.057709 
240.347076 542.058411 
46.483212 398.934937 
331.488251 421.847961 
190.605240 361.968933 
31.885017 154.878128 
17.711704 408.214417 
57.782887 580.103149 
157.496201 273.291046 
270.518433 508.461548 
143.618637 162.203613 
351.868622 467.798889 
148.262909 162.950562 
199.277267 580.465820 
56.978104 373.213867 
157.467148 197.718491 
42.247032 443.625305 
18.564638 526.475403 
67.629074 348.227203 
49.140583 435.841827 
212.803360 537.497620 
257.518311 406.933868 
75.736336 411.887756 
120.692001 351.221741 
291.197205 386.359131 
49.715923 365.892578 
110.911736 500.911743 
127.243660 578.461121 
92.084450 430.911652 
55.049427 517.391479 
142.649643 507.417450 
219.862823 563.602661 
78.609459 470.920959 
40.069691 423.276794 
63.612495 451.717529 
192.022034 358.022766 
