3, 10 ,  : -68.6427735838648 , 26.05705788499491
3, 30 ,  : -49.71185563043868 , 8.280515688732311
3, 50 ,  : -53.34505303452299 , 11.066811524999114
3, 70 ,  : -67.48259601343823 , 32.58445350325168
3, 90 ,  : -57.08970806245005 , 39.63802292052153
5, 10 ,  : -71.13624497279629 , 29.258688702399976
5, 30 ,  : -61.965128567379196 , 33.091797400609636
5, 50 ,  : -95.34017829982194 , 0.47780538243056014
5, 70 ,  : -186.61783783542586 , 17.764629912634945
5, 90 ,  : -150.9647573352214 , 54.65778855848722
7, 10 ,  : -47.87450703554446 , 46.72045914881393
7, 30 ,  : -83.1104347169747 , 80.28517757112185
7, 50 ,  : -33.54549287937069 , 28.09475653313164
7, 70 ,  : -69.61095606125437 , 29.004524622706064
7, 90 ,  : -101.93835467548084 , 2.868143324135737
9, 10 ,  : -49.93423521429368 , 8.118520873661858
9, 30 ,  : -73.58239909394283 , 21.70148718319711
9, 50 ,  : -29.935514001225933 , 11.990356686181899
9, 70 ,  : -57.35776464827268 , 37.279171851372894
9, 90 ,  : -54.510964896654485 , 45.671378400063304
