504.883026 467.272491 
223.353256 215.829422 
79.207253 443.378479 
316.045013 313.616150 
157.293655 272.358521 
124.783127 162.506058 
19.349981 211.258286 
516.042236 430.219330 
86.368584 442.697174 
63.084568 536.072327 
26.231131 183.184570 
93.164291 276.263123 
17.150036 422.307983 
56.782146 360.786011 
19.696959 566.850708 
69.737709 463.607025 
470.182983 454.827545 
103.753059 267.552032 
238.767212 392.948700 
68.805779 348.743896 
86.125221 174.493530 
140.558701 551.212585 
118.166969 446.585846 
42.027519 154.774612 
241.568146 438.948639 
250.923172 526.266235 
59.016724 580.357910 
395.704987 391.568054 
293.680084 343.919098 
124.298904 484.129578 
257.779785 453.636353 
258.191803 515.382629 
512.450745 426.805450 
273.890015 446.813385 
118.520538 346.902832 
212.518692 403.154602 
301.120422 357.801453 
146.771835 288.447144 
47.927002 518.959229 
490.642181 395.640808 
266.776672 467.340637 
110.303139 230.519958 
188.579865 460.580261 
128.729782 287.152069 
78.303627 457.690674 
317.222778 366.165833 
55.956844 507.815643 
338.536560 353.741669 
47.572338 375.940033 
18.131069 207.632385 
202.415222 469.671783 
85.052467 493.469666 
387.666199 64.233192 
326.100830 335.574554 
64.263855 497.877747 
349.400360 364.705139 
90.629005 222.894119 
431.043121 399.974304 
125.516212 422.844238 
134.136383 182.331940 
56.748280 214.927917 
291.401337 425.567566 
299.787903 472.499695 
580.343262 458.201019 
365.375336 377.007233 
208.673340 307.031738 
105.611961 214.633743 
239.242081 436.514252 
17.545410 567.018433 
502.545685 455.778351 
252.564102 306.973389 
307.073669 349.670746 
377.228577 336.005981 
52.772499 371.023590 
247.549133 400.679199 
264.993561 323.723022 
288.576263 304.316315 
130.255417 523.467163 
73.492264 579.954773 
208.956665 574.680237 
545.640015 472.679565 
33.261684 320.694122 
280.025085 381.955811 
93.071609 580.387024 
85.135567 257.317566 
267.748413 420.854279 
108.377724 263.455200 
191.898804 402.681641 
139.382645 195.820541 
80.110939 500.221100 
118.260742 383.413971 
157.169510 357.417236 
54.090919 547.986694 
336.626678 359.030945 
276.552551 288.077423 
125.890678 270.119659 
260.276428 408.968079 
202.631027 416.218140 
84.348625 526.507202 
64.902992 431.833649 
17.647591 327.733276 
196.433762 350.724121 
135.266785 237.747879 
30.971430 191.751312 
249.977432 436.819946 
215.351624 479.931305 
297.087860 415.560730 
76.125908 491.028564 
364.723907 330.081818 
206.544342 361.716370 
156.738388 431.575348 
440.723663 383.748474 
17.573605 407.573547 
527.679138 440.846802 
100.191811 295.311432 
42.087860 174.777756 
218.795273 372.552063 
114.235489 533.207886 
105.481567 436.401978 
139.293915 163.709579 
289.476227 309.320343 
290.589172 580.428040 
130.275146 494.172821 
155.890106 175.815033 
551.562012 465.399261 
271.160187 505.869843 
281.685181 434.336578 
70.756676 168.108444 
405.357666 395.278900 
95.886406 526.914307 
42.824821 413.875122 
76.429237 389.759064 
269.091003 378.138641 
325.359039 310.977173 
192.662277 397.380341 
16.794518 512.862305 
51.943493 468.305511 
56.877247 420.836609 
337.795044 413.965942 
122.118698 326.474609 
200.340347 385.107178 
205.928101 508.434967 
64.821457 384.526337 
17.062054 359.687805 
209.087479 463.989227 
194.956863 354.895447 
137.759430 193.962219 
32.664612 156.032837 
434.123810 411.535065 
213.899414 569.429626 
220.664703 517.812988 
294.248352 388.928009 
72.687302 444.386719 
24.628973 371.589752 
192.511292 391.231140 
154.015274 504.057465 
157.405350 388.642639 
123.536011 363.839691 
394.646210 358.191772 
239.694687 325.177765 
17.013834 459.455566 
18.158028 412.780884 
118.728676 417.312286 
451.476471 412.546509 
19.033386 316.673706 
430.449829 364.145569 
59.350388 155.135025 
52.287601 462.967926 
231.362167 318.024017 
75.798996 376.630646 
258.867706 398.010284 
443.683868 373.690948 
41.025047 406.363525 
98.544533 160.808487 
231.025467 410.837952 
335.208435 414.741821 
563.861938 518.888733 
329.549316 464.759430 
143.175766 277.480164 
80.012543 227.230011 
419.730255 396.151794 
107.965584 556.602478 
54.627033 463.633057 
121.452576 286.727844 
564.641174 533.936218 
306.996155 299.651703 
150.846024 267.401367 
335.655762 316.155823 
114.257309 160.947769 
69.602661 428.310425 
351.661224 381.827087 
433.762329 467.904083 
318.954926 332.289276 
155.660141 349.404266 
346.370239 329.986298 
190.758972 271.322388 
95.768036 501.072632 
362.242096 443.671417 
151.565842 548.549683 
156.255096 417.928406 
445.309570 383.179504 
223.782776 499.208405 
18.611481 450.607483 
301.481415 450.115265 
37.510441 289.752899 
222.258392 232.652405 
269.835815 413.269806 
243.176804 506.303650 
460.238800 443.016327 
80.205917 172.221725 
367.971924 353.800049 
118.108879 169.659073 
213.628296 430.785950 
109.683624 389.621246 
400.230835 450.718750 
212.452759 305.086029 
543.319519 486.440887 
549.284668 551.379456 
171.005890 480.464600 
51.389122 475.537933 
240.161530 541.316101 
90.224144 512.160889 
101.494736 522.734863 
138.944748 527.506042 
113.491814 397.172943 
552.603760 522.120728 
561.830322 563.748291 
245.419907 488.340515 
147.396240 465.698700 
81.306908 244.984894 
424.434265 427.325684 
102.849678 503.829834 
59.046516 434.401367 
121.097862 336.443176 
308.762421 338.169098 
380.027649 376.858765 
333.228088 354.353363 
273.569733 303.818878 
70.227821 423.379608 
511.895752 417.723663 
146.679947 529.953247 
211.497711 459.333557 
111.799446 529.747620 
498.331451 421.571106 
347.745178 368.380280 
129.818970 236.184631 
25.169340 188.552246 
51.458809 219.190292 
223.873886 473.578003 
47.184589 352.528992 
20.038376 448.248291 
356.761230 335.971527 
311.455261 461.953583 
88.733475 199.794769 
461.632935 401.273499 
271.550049 464.002869 
75.290329 443.981537 
34.317486 388.412506 
365.819458 393.606476 
467.238556 384.618011 
263.598694 292.328064 
106.913536 358.303986 
73.039337 419.525543 
224.684326 352.094635 
574.636108 557.308838 
305.199341 579.409363 
91.788025 457.866425 
96.024567 480.407074 
109.307846 430.046600 
552.012939 483.447449 
298.520142 322.111786 
196.664093 515.419067 
79.553467 286.238159 
422.814514 385.478577 
106.769012 468.229340 
122.970840 394.352692 
393.445709 365.501617 
155.384872 376.148590 
174.959229 496.390747 
275.142822 343.048431 
149.733459 200.041580 
265.900818 567.057983 
220.479279 392.320618 
503.969727 467.420227 
345.093323 340.859985 
191.367020 357.109467 
128.659317 206.589615 
223.505722 416.221039 
233.353653 452.012207 
510.001770 454.286560 
358.308899 326.950134 
200.818863 370.476685 
98.047356 176.067139 
37.111465 228.742599 
169.438461 513.596863 
228.207596 219.458069 
318.516510 415.780945 
396.792847 347.715149 
243.879471 304.650116 
73.796135 248.839172 
463.253754 426.002625 
48.057774 154.902725 
278.371552 452.357941 
213.249359 399.775513 
147.418991 184.410080 
45.539917 579.565186 
381.945435 462.017761 
109.644806 480.042480 
63.071224 164.803040 
559.288330 430.933441 
247.733505 487.793579 
83.820274 352.034088 
422.633087 371.703278 
105.142799 415.509399 
249.065338 326.740784 
338.792847 578.941711 
47.454987 223.297195 
77.616684 175.809952 
474.664673 462.595215 
253.255600 490.066315 
247.233170 383.225342 
496.806458 445.194336 
118.886124 286.352417 
573.812073 579.644531 
300.555786 298.164917 
145.896362 254.156219 
483.669159 417.716614 
487.691437 451.701904 
219.916061 445.462067 
286.245209 456.434082 
52.468472 520.946045 
579.183777 482.302094 
123.014450 180.942520 
19.412594 337.430908 
198.228210 341.471771 
84.962090 437.027283 
38.514759 164.317856 
389.210358 363.992554 
282.804749 493.461945 
49.813377 232.872986 
209.112442 439.267792 
92.022148 260.035370 
215.781082 228.811981 
54.194881 371.288147 
290.098480 436.871826 
473.933014 398.011505 
103.559029 275.464905 
225.558105 315.730743 
16.816769 508.517242 
385.621979 441.396515 
88.572578 173.971527 
436.063507 368.062958 
108.370018 511.265717 
115.718758 427.096619 
244.354233 410.775787 
566.105103 535.561523 
47.438072 528.406372 
157.227676 283.520416 
178.985474 578.949158 
131.264008 391.183411 
479.402802 408.614960 
39.185196 580.302368 
73.377228 435.678467 
270.244598 407.131348 
117.101486 376.394714 
301.111115 350.134216 
144.150192 258.342102 
87.327621 196.883240 
486.000336 422.403656 
268.076874 483.303406 
196.917236 464.968597 
504.840637 440.143219 
190.853302 440.948883 
126.676003 361.544159 
80.860771 465.203461 
157.427185 198.945465 
57.278873 512.183350 
253.439606 365.430237 
228.676163 394.844269 
19.698936 190.727280 
42.028893 207.965851 
65.931198 242.712036 
326.962646 372.108887 
65.076340 562.817017 
353.756592 334.370728 
155.937195 398.589447 
92.134888 205.838623 
429.419250 380.907440 
56.288334 341.586121 
481.299896 397.939545 
292.167114 392.147919 
295.766113 475.711273 
155.995010 402.075592 
105.625336 242.455795 
238.008118 415.112732 
16.607693 536.351501 
19.734196 503.318695 
253.519073 300.966553 
99.384720 404.211304 
373.271515 354.224945 
117.188156 516.865601 
242.820786 464.435547 
249.021576 404.574371 
266.061371 336.486450 
124.951805 557.855774 
130.706100 413.717438 
67.725258 510.111084 
253.496536 382.057739 
259.353973 489.558472 
275.179718 469.853119 
281.388275 425.661377 
136.904572 540.121948 
88.906761 273.001923 
138.714539 502.949158 
210.280640 576.986694 
111.705734 255.494888 
509.039551 492.830872 
191.676025 387.974884 
131.168900 307.015320 
79.717583 484.216919 
314.955139 343.726227 
157.399384 353.435669 
59.051853 480.069000 
338.498444 377.533997 
281.581177 310.805450 
124.441071 194.630127 
18.185764 278.613708 
202.151016 448.531616 
382.680237 348.838593 
284.297394 385.148041 
63.707275 521.462891 
17.956984 297.483307 
336.733734 29.479277 
137.940094 280.214325 
116.481392 487.051819 
215.354950 504.440826 
30.514555 313.748657 
72.113571 509.331390 
364.551025 352.697418 
438.760742 413.294586 
238.801224 458.776001 
16.876942 398.091461 
136.239792 397.989014 
101.612129 360.148529 
46.350979 493.311493 
128.110596 174.673340 
248.242584 473.060913 
126.618408 161.470627 
264.248810 294.408752 
292.125732 329.961151 
228.446075 357.130798 
126.084244 548.589661 
260.439941 434.680450 
43.515354 427.296967 
83.725128 436.186768 
304.828705 53.160534 
135.239548 478.227448 
43.490929 391.428070 
265.420441 399.405945 
110.773338 284.212158 
156.179291 450.998932 
203.979828 493.056152 
186.050873 525.592651 
140.946945 221.270462 
83.827202 522.292114 
101.578171 284.245239 
58.890270 525.991882 
338.835815 379.306366 
200.452835 395.722504 
153.715500 230.316040 
60.000000 450.000000 
16.769053 353.864960 
353.535370 323.325989 
196.418228 377.368805 
137.601700 211.331558 
431.115265 467.608521 
437.625732 381.601105 
59.350296 256.169891 
294.310669 390.495300 
77.542114 462.899323 
69.937851 433.699005 
154.932587 510.918732 
106.842216 159.898849 
222.218445 559.274231 
16.650055 429.389648 
18.830904 537.443726 
305.108032 394.993286 
44.296875 169.545197 
220.160721 349.541077 
173.252197 466.535675 
451.540161 441.346802 
403.481873 374.975189 
530.618164 510.351135 
535.049255 451.571045 
45.244873 337.536713 
398.401672 391.120819 
230.251892 317.593201 
127.882317 517.882324 
64.038780 532.771790 
540.969849 525.947449 
215.545578 425.447052 
88.060104 357.807678 
62.396271 332.946106 
186.288406 569.227966 
140.226456 258.080017 
83.119667 206.201355 
414.120087 455.306610 
102.465866 563.057190 
54.909283 399.387634 
338.717712 432.229736 
280.424438 345.920898 
121.436928 305.144043 
22.284655 173.440628 
520.931702 493.689026 
310.434906 329.189880 
70.683647 461.588013 
193.154236 286.912750 
149.248718 492.002533 
31.530718 184.929733 
436.908691 432.781616 
220.735153 495.606842 
326.390686 358.961243 
45.236687 366.835266 
72.682899 424.861420 
25.129721 343.934692 
362.275696 458.916351 
152.729050 481.920319 
156.861816 408.170898 
446.734772 473.921234 
225.704453 484.179230 
229.132767 556.055298 
19.424181 385.131348 
96.716354 280.378906 
40.903294 311.533508 
219.364395 214.130661 
48.223236 206.198837 
453.123688 386.236267 
247.417664 288.859283 
83.735886 174.074463 
142.492676 411.986389 
396.772156 446.968231 
184.696548 484.925018 
193.214874 442.839813 
263.615570 376.335815 
39.491032 413.993927 
287.102051 346.929047 
410.110016 386.014069 
91.203125 495.397705 
99.112091 543.238403 
187.160645 513.860229 
138.024597 300.544830 
83.538521 250.828461 
419.781128 424.081696 
115.248917 399.437225 
107.822578 528.615784 
54.847446 439.162537 
344.202667 379.879303 
200.289597 499.900391 
150.783478 245.327515 
333.296753 338.872955 
315.667572 448.834778 
144.204514 547.652893 
145.758667 501.106476 
318.658325 356.868927 
17.491117 383.255524 
501.051117 407.754639 
228.413879 385.617493 
153.244446 526.497742 
159.886734 534.420471 
448.505219 406.257202 
226.320129 429.647858 
19.925318 428.032349 
357.079529 363.273621 
306.654205 395.963135 
80.440010 473.757843 
162.422760 512.701599 
61.927425 318.014099 
456.401215 418.860138 
251.698730 331.174194 
90.250473 353.662628 
539.204956 558.785278 
371.979553 374.106476 
77.621368 532.591248 
129.957047 577.953796 
465.382751 395.882660 
258.263123 321.040558 
540.425049 515.563538 
326.972931 406.990936 
94.994995 439.276398 
109.711464 424.405609 
553.300598 503.533478 
295.362518 353.800293 
82.472511 268.584473 
370.120361 334.426605 
423.711884 405.120941 
105.836174 477.847809 
125.725342 409.823456 
69.798004 538.034241 
253.818542 523.586426 
206.316696 422.779205 
18.579769 420.150604 
270.561554 325.292816 
115.077141 275.620880 
17.272453 273.941101 
137.681839 300.595184 
482.329620 430.860260 
142.049225 475.677460 
213.677521 437.733582 
216.061920 411.148529 
503.028687 400.909485 
347.901855 346.514709 
190.565140 340.593109 
129.850418 262.173553 
192.341904 422.262421 
156.012405 495.694427 
227.004211 396.328217 
228.193283 493.283295 
18.775463 329.823395 
45.456730 296.068298 
173.230011 530.984314 
514.389221 462.562500 
91.814880 298.587891 
538.848511 531.710449 
214.126190 365.411713 
577.940552 528.240967 
178.398972 473.122253 
467.595642 409.849457 
551.856323 520.228516 
277.845154 574.804810 
135.654755 421.585541 
94.068787 388.626556 
98.942039 505.462585 
165.329849 578.490784 
262.337341 450.536743 
297.973297 295.463745 
24.813589 577.643311 
157.080887 167.799179 
120.365982 467.221741 
479.343903 446.174591 
252.539459 482.092743 
260.036621 580.372375 
495.268250 416.798126 
220.226456 432.445496 
115.044495 313.636963 
371.379913 383.229340 
146.141251 222.590271 
380.690247 41.843670 
217.464371 465.961426 
103.582596 180.688263 
507.984375 404.668884 
79.320564 380.514038 
48.793251 486.719482 
237.376404 513.546326 
229.034454 430.401825 
19.044735 367.485535 
201.431458 345.257690 
87.973137 451.226196 
37.543644 207.862091 
62.005318 221.238235 
137.566879 162.405884 
71.716873 240.755066 
401.483856 368.450562 
245.558609 325.694824 
72.344688 227.909851 
17.470928 189.405991 
473.592987 418.547180 
79.102455 426.632080 
235.517242 547.218933 
99.968147 466.075562 
108.957405 505.431885 
115.559532 457.258148 
241.404083 383.336578 
106.113487 395.246216 
444.348572 374.392334 
123.881371 516.723755 
128.587250 469.542114 
477.846558 391.461884 
203.780396 578.246826 
258.724487 522.654785 
378.732697 346.354492 
65.605309 577.876953 
17.933147 165.157867 
23.863068 351.234131 
303.527618 318.035706 
133.920029 389.442627 
84.330360 214.238235 
489.432404 428.996582 
268.390411 503.511047 
295.343811 580.485840 
128.493713 366.292725 
28.277225 178.256317 
316.681519 307.067383 
52.546810 544.789490 
121.602386 160.849548 
133.539169 523.539185 
86.192429 508.420410 
65.067810 552.606445 
138.060165 401.140747 
56.536175 343.297150 
291.617035 461.134125 
579.763367 445.943909 
469.710907 471.395599 
235.175018 396.813354 
16.734230 529.415527 
254.956055 367.799469 
98.189629 421.026947 
108.847298 538.262634 
49.117565 376.580597 
208.450150 393.808655 
246.057709 533.878357 
317.539001 354.952789 
293.251801 338.611298 
90.772743 271.731079 
255.022461 468.353210 
260.214111 516.359619 
175.099976 511.958649 
272.861481 431.768250 
114.872231 352.802643 
82.114342 477.195953 
148.639114 284.636505 
89.115791 264.820007 
490.108276 397.993042 
264.442169 460.949432 
108.738274 224.147705 
187.940079 465.239868 
128.255493 290.840637 
79.199715 489.001129 
316.754578 365.822266 
157.101685 227.367828 
56.325195 491.695648 
340.321411 342.588165 
48.477489 394.408447 
20.089581 263.386475 
203.253723 455.289246 
85.223160 489.114197 
329.723419 349.070587 
62.029053 490.791870 
17.168915 290.985840 
349.649353 355.870087 
95.541901 228.415131 
426.556946 406.237610 
55.173866 221.933548 
292.234344 415.831665 
578.233459 452.540649 
361.876160 370.676056 
155.701370 380.685120 
105.339424 219.443069 
234.292877 443.437653 
17.388700 563.121399 
19.462654 478.386444 
256.497833 328.938995 
377.441986 335.024811 
217.500763 312.115265 
116.487228 494.695312 
103.984795 429.422424 
322.861420 322.843292 
536.572998 419.366821 
267.723724 317.422821 
121.265411 531.620850 
126.785583 532.710205 
240.571457 425.629730 
255.291473 405.719727 
258.742249 467.281708 
540.010254 464.145325 
405.910370 402.000549 
136.774567 517.221252 
87.039040 251.896072 
375.782745 385.686859 
266.864380 419.593506 
111.680222 280.602234 
231.999039 419.087860 
286.163849 383.562927 
191.255814 412.599182 
139.207733 202.872253 
83.372787 509.234467 
66.075043 346.811981 
156.937592 377.300720 
54.991692 556.530396 
214.951309 378.026520 
574.130432 438.884277 
89.887367 543.702515 
72.847496 469.766968 
60.048420 449.475159 
17.219566 320.472748 
204.464325 469.656433 
138.262482 481.847229 
132.519882 254.550400 
34.574585 192.577728 
435.925323 396.126251 
77.977745 538.778259 
59.303524 258.428741 
88.686127 180.218292 
51.120369 535.501648 
75.652992 482.107605 
81.053932 579.280273 
143.963577 238.632080 
208.147751 358.537689 
156.643951 448.011627 
441.056915 385.190094 
237.331879 289.588989 
69.704559 248.236618 
523.860413 446.523224 
280.038025 460.698608 
101.245010 292.015778 
219.142181 371.842102 
118.214485 539.849121 
513.217834 440.123260 
114.853745 443.263916 
157.149338 312.758118 
179.383850 517.864746 
127.068481 475.141907 
472.871582 579.203125 
154.748169 180.008423 
541.065491 422.762543 
225.637924 510.503448 
276.650879 430.901489 
70.363373 174.623215 
407.651459 400.855499 
90.109787 528.815918 
44.883713 418.353119 
191.349274 162.733002 
111.353897 311.563721 
142.474030 245.125549 
446.395569 436.087341 
157.112244 307.471741 
57.897995 402.046143 
123.280617 321.491882 
521.656982 512.302917 
308.230591 310.077209 
151.664642 209.277771 
135.055145 569.450195 
220.892670 460.707825 
61.335503 380.630676 
17.201431 376.651978 
196.526306 301.168365 
132.402603 191.693878 
556.939697 574.134888 
437.884216 405.142822 
220.190781 512.007751 
579.473511 560.773376 
24.789333 362.267029 
151.831100 487.130280 
156.447403 380.896942 
443.683319 426.486389 
446.300568 438.810547 
226.482773 488.429474 
16.717995 455.277435 
18.788948 414.676666 
302.730408 417.617401 
218.056427 228.977402 
119.966293 577.096802 
450.829529 414.266510 
405.352234 350.803711 
248.839264 295.181213 
78.605217 157.942932 
426.592773 370.275818 
312.667084 403.264160 
57.259476 157.534683 
400.550232 414.617889 
19.262672 488.424805 
185.599152 502.246429 
400.859222 388.079346 
544.719910 548.668762 
245.336700 426.222687 
277.366608 483.444763 
90.780632 475.118195 
139.947800 517.820679 
330.522614 422.637024 
555.556885 558.715881 
141.845917 283.032349 
79.032578 228.361160 
414.653015 381.229401 
105.221107 535.438293 
54.295170 472.160095 
122.558487 373.942963 
564.654175 522.957947 
308.076324 300.199036 
151.492432 250.802277 
114.560524 211.296738 
16.716587 210.820007 
147.435547 516.259644 
481.548950 489.869995 
322.326813 339.768555 
217.228348 567.576782 
191.553558 276.431183 
577.947754 520.352661 
160.574997 532.657227 
48.445469 336.322235 
447.542389 397.316803 
222.417023 504.639496 
44.114433 346.464600 
522.222961 529.429199 
303.363007 468.555420 
100.266052 206.891190 
36.626015 285.433167 
229.903076 373.397552 
48.947952 389.382385 
247.404419 365.384491 
579.960510 568.351685 
313.241760 461.166870 
151.941650 577.187988 
36.363777 389.768982 
548.648438 557.836975 
276.672363 558.113159 
16.726803 578.717407 
413.326813 456.920227 
94.266365 518.418518 
112.606758 390.299286 
51.335030 351.646790 
558.604553 564.907898 
295.130188 355.386292 
251.363495 580.437500 
107.975716 505.451019 
123.100777 332.323608 
92.755913 248.982605 
311.385498 344.351593 
155.692368 314.564453 
331.000122 361.501495 
224.670563 557.455750 
116.829750 208.130264 
16.551542 268.274811 
356.632202 438.181580 
481.164032 446.479645 
488.000153 544.957642 
212.420242 463.508911 
85.888336 352.330658 
29.821585 279.200378 
111.374298 167.350311 
53.161320 212.992569 
223.346939 455.408051 
18.044750 310.966614 
354.821350 338.329315 
310.239197 462.300842 
97.046074 212.897125 
190.563324 578.124268 
63.688713 248.601349 
96.269478 254.289032 
461.918427 394.291534 
185.567673 504.410889 
77.959862 283.358154 
463.617889 415.389801 
261.074036 299.370758 
103.101517 360.386322 
549.853394 503.239197 
282.704285 312.142059 
237.435669 488.481995 
211.532562 391.179047 
95.702217 462.567871 
100.093964 474.226440 
110.771500 448.123871 
107.510712 450.813934 
294.514465 326.363556 
194.851715 505.124725 
82.673912 288.430603 
294.255951 339.984955 
421.299683 378.817993 
52.389862 580.261780 
106.622894 284.209839 
89.706734 474.929535 
523.098694 541.211121 
155.154434 358.019775 
494.719208 408.242493 
285.483612 580.488342 
355.852539 387.104767 
148.171036 193.522980 
124.183846 384.878540 
32.549469 516.238342 
502.930939 469.459442 
526.428528 412.982239 
191.936157 364.844147 
128.324707 187.170212 
156.708267 521.526672 
479.056458 431.737427 
227.044800 424.766754 
231.541519 472.499359 
511.714569 460.391937 
201.470184 374.061157 
100.104195 169.493851 
386.621216 351.401642 
173.292450 505.050598 
208.341644 445.099121 
30.067375 336.254028 
417.387207 370.751709 
211.235550 341.368103 
456.077759 479.333984 
240.817230 294.028931 
74.978233 242.374878 
464.409790 432.750885 
469.774414 408.662628 
176.654877 531.542358 
546.979431 496.527771 
430.118530 391.107361 
408.140289 372.496887 
92.368713 409.091644 
99.929810 434.486053 
232.653137 422.565247 
108.916878 479.831696 
211.488556 440.264984 
245.408905 401.502716 
126.368401 185.739029 
102.064682 425.492828 
49.162514 444.847412 
125.583702 440.278015 
73.971947 169.672897 
282.763733 470.667145 
256.186462 504.896545 
497.500183 439.184082 
67.005844 496.015259 
117.763832 289.350189 
16.865307 161.095657 
305.835785 317.775116 
144.145020 249.352325 
484.133331 413.771210 
218.036545 440.096985 
81.932671 407.899719 
369.845245 395.262207 
157.404144 263.047943 
233.581848 405.417267 
510.010254 407.230927 
42.186794 199.030136 
89.517525 427.371490 
389.841614 359.472015 
221.762085 386.658051 
62.779053 524.007935 
33.959606 282.769348 
58.249245 376.102478 
292.494049 430.482208 
207.574295 482.515411 
77.661133 199.841446 
464.700012 475.568909 
468.790588 393.982239 
103.855743 281.725128 
443.806915 479.493927 
235.842331 381.912811 
17.005194 498.001892 
258.270996 403.962006 
578.532898 579.088501 
87.392761 167.188522 
432.670044 365.153412 
32.084167 390.762817 
119.712784 434.333740 
241.072403 407.077301 
29.698067 514.983398 
63.435036 457.224976 
393.269958 407.537415 
124.584473 492.893158 
130.910645 400.709015 
477.150421 416.128296 
262.008606 499.015564 
275.150391 408.806335 
116.930649 334.315674 
303.243622 345.816650 
138.432861 492.663879 
265.721252 476.229645 
110.183220 218.146942 
509.995605 436.403290 
190.739273 445.958038 
126.060471 297.775543 
29.959902 155.057922 
193.506897 404.323120 
57.754181 517.407532 
337.471039 315.316315 
19.316553 195.893234 
386.196411 382.627472 
45.304604 210.755630 
282.126251 447.830048 
65.163727 485.268646 
210.191132 494.295624 
91.528168 215.521713 
428.011017 387.276733 
59.045811 225.861023 
289.460358 387.557556 
294.534851 481.489441 
77.821045 545.366394 
258.555420 442.263000 
206.949341 296.608704 
102.494911 222.787643 
36.787773 390.167999 
236.301880 425.574829 
16.561356 552.310730 
20.125668 508.823181 
134.410400 383.888214 
255.958832 296.466736 
51.459579 166.443329 
47.833897 482.988281 
373.066010 376.768524 
244.240570 458.986725 
250.056625 412.673279 
577.154785 540.873718 
266.790741 334.605957 
127.364052 491.349579 
490.770081 406.090302 
130.798965 536.668701 
253.212158 400.650299 
541.840332 457.214172 
270.677673 450.355713 
276.685028 419.231293 
153.955261 436.684967 
134.076141 537.293518 
43.927528 551.492310 
267.584930 434.795135 
111.176620 247.188980 
286.671478 467.669464 
506.995361 489.435547 
191.614594 390.015533 
126.380760 313.544037 
80.406143 513.910706 
313.928436 337.658630 
157.285858 343.134216 
191.583755 431.871979 
339.868225 367.236603 
347.967133 577.928711 
123.845695 187.662460 
519.177429 548.982300 
326.202087 328.844513 
62.802673 513.938477 
16.562721 315.818329 
192.962738 218.190765 
133.591171 270.390289 
30.417194 199.881882 
62.827599 419.715637 
57.447666 194.982132 
74.599541 502.481781 
26.897879 329.446320 
361.335907 347.550568 
155.248810 455.849915 
104.244423 195.183670 
439.216736 393.319550 
446.752075 474.010193 
238.547485 464.404266 
17.641945 393.005859 
19.649435 551.488647 
101.584496 359.701843 
240.202194 512.976257 
107.177803 319.467346 
249.407715 455.948578 
26.162670 526.883301 
266.574402 292.230438 
292.427582 319.393585 
174.059845 476.728394 
81.444626 532.224487 
279.469177 471.372711 
403.484131 383.905914 
135.979767 496.251282 
46.030136 396.440186 
65.237579 336.327454 
266.709595 393.177094 
109.900429 304.862488 
555.468994 430.179199 
141.665344 223.808136 
243.602463 519.281189 
157.423843 300.931549 
58.773457 533.991028 
341.631714 420.961304 
42.852238 197.154083 
203.192169 400.567261 
150.787247 215.435867 
60.835403 473.718842 
17.070982 344.594055 
530.641846 518.953674 
195.757568 366.199951 
135.682999 230.087433 
31.503616 221.566162 
379.622772 357.916199 
58.733139 234.082184 
286.585602 428.388184 
76.542244 460.545105 
415.157562 35.818344 
153.530975 521.329895 
390.127289 366.656372 
322.198364 37.874146 
16.880386 449.652039 
18.106163 545.188965 
100.548370 312.546234 
39.873569 369.683960 
219.692566 347.107056 
51.337826 354.769928 
454.956421 445.367340 
143.123047 580.311584 
536.601013 457.837036 
55.486774 166.406006 
398.018005 411.911255 
233.319138 310.465027 
129.994797 502.371643 
243.617218 534.425049 
150.284561 161.742813 
542.511780 541.917603 
548.157776 448.930450 
276.907501 500.855743 
413.900452 420.090149 
92.005806 553.085022 
87.373634 373.086151 
455.570526 377.470947 
188.060867 474.683716 
143.378098 264.404297 
67.109581 398.884766 
416.152344 458.139374 
116.175720 392.481293 
57.553505 378.903351 
225.786102 222.973770 
343.681458 419.986328 
122.555717 298.621979 
19.844654 178.150024 
158.259857 565.363037 
17.696594 204.988846 
149.721985 555.142273 
147.431229 487.137756 
31.079849 166.834381 
436.035706 431.644745 
319.191162 344.641357 
220.483154 491.407501 
156.856491 437.355835 
28.700191 340.633850 
152.847931 558.268005 
156.857956 406.605560 
204.974258 476.574066 
237.672501 356.803650 
232.883118 550.300049 
18.137302 393.629120 
97.433716 274.073273 
165.797134 525.015991 
209.616531 455.209778 
454.346649 392.700317 
248.071350 366.314697 
538.147400 503.194641 
213.295395 419.247925 
261.803406 332.969849 
207.778763 510.744934 
285.719635 348.787598 
90.976875 173.579636 
250.888733 480.271423 
411.829742 380.627625 
135.196365 579.948547 
100.910301 536.525208 
327.667725 371.712311 
138.558624 309.992340 
81.214478 253.210373 
313.105560 463.243835 
420.638336 462.180817 
106.871780 511.825043 
54.022575 444.682983 
217.191132 570.691345 
347.532715 384.768066 
124.492805 349.111389 
69.627388 530.486389 
203.742401 506.020264 
204.275360 387.265625 
334.962982 345.787079 
119.952507 190.978531 
66.809319 411.386169 
353.269836 421.842621 
134.847198 313.408447 
318.264160 365.729614 
501.128845 413.958374 
28.157192 201.234558 
193.525986 378.643402 
153.959412 529.094055 
161.811890 557.571167 
223.666840 432.633606 
273.284088 390.644379 
19.214317 433.049377 
356.192627 368.726654 
310.834137 400.667206 
101.149101 232.843796 
266.601654 443.804688 
216.857605 263.083923 
170.159485 565.709106 
94.483826 404.601501 
91.274132 356.274109 
371.638428 355.709076 
52.502151 452.789673 
184.902664 533.182861 
466.544495 399.038300 
547.753296 532.789734 
39.015827 418.135437 
86.206726 425.507111 
132.613358 405.781403 
92.127731 445.970581 
97.220871 496.147003 
376.963135 41.980820 
111.316879 416.146973 
149.180618 164.214676 
294.179474 332.686981 
193.289520 474.025360 
422.053680 422.995453 
102.954559 485.648773 
123.161568 405.614746 
567.075500 457.247009 
479.970276 505.708496 
207.397888 417.340485 
564.327881 540.510010 
274.182129 311.192169 
117.675598 280.888428 
132.044205 295.014465 
323.527863 309.179962 
219.018661 403.192688 
52.038864 303.627502 
342.238831 348.354919 
190.821533 342.314453 
129.295410 265.168854 
53.443501 236.059845 
222.990906 382.578369 
230.921860 486.557007 
18.360931 282.609863 
89.910583 417.260590 
222.447220 216.885590 
172.496872 522.603394 
579.151489 35.611889 
95.184937 304.743286 
67.522522 237.054626 
215.580124 368.490601 
102.500816 580.415771 
288.971741 487.371582 
76.273094 259.324860 
71.007965 451.724609 
49.395508 512.575378 
91.101868 391.508453 
101.501938 501.356354 
109.580383 473.486908 
115.178078 421.602570 
558.964966 443.733765 
18.010597 274.617554 
421.320587 359.749237 
156.339859 181.184296 
123.304474 461.986694 
569.872375 438.537170 
256.560425 474.209534 
125.995895 177.262283 
494.397736 437.382019 
274.393463 377.093781 
114.547394 321.305908 
19.976057 345.035370 
149.241150 219.421417 
137.406845 500.353210 
112.820221 161.019012 
499.291016 444.699036 
191.266342 291.410278 
130.863327 213.193192 
79.635338 389.897552 
157.440948 253.312698 
45.233074 365.519653 
20.144072 372.852966 
516.662292 456.084991 
201.123611 349.088440 
85.984215 470.995453 
38.719913 199.648254 
385.631958 372.432098 
65.687653 228.034058 
29.516537 420.148376 
128.604340 171.864609 
35.920597 363.076111 
223.017609 374.306580 
289.318634 446.732941 
240.089020 323.479919 
180.372955 468.626251 
469.131317 384.712036 
52.293404 168.474625 
16.549156 496.509094 
411.595032 352.905853 
253.231689 330.921295 
98.698143 461.290955 
378.345062 398.285645 
110.911736 500.911743 
114.601791 464.216675 
563.637207 461.119904 
204.178223 400.861237 
78.256325 359.904358 
104.614799 397.416229 
445.490967 371.444916 
122.225456 512.225464 
126.115776 452.502655 
477.639069 401.600433 
257.570038 433.106506 
228.682556 366.793030 
496.093933 464.106750 
271.453156 416.144379 
118.414978 360.700684 
17.846388 183.897720 
304.055176 339.309509 
148.562042 270.632263 
47.605556 489.808197 
491.609406 437.119843 
268.608795 494.582245 
109.088867 186.746704 
111.021103 454.300964 
509.064453 451.998749 
525.048645 503.990631 
126.527725 376.952881 
29.768465 170.729614 
312.524841 301.642670 
157.217926 191.773651 
51.920570 396.729126 
228.090240 382.344452 
516.083435 438.009155 
200.270844 298.707703 
84.740532 499.131653 
39.224380 158.912354 
327.535736 361.984680 
65.099144 546.855103 
49.624012 360.335358 
193.020020 276.772278 
94.952614 196.036057 
55.620823 350.096130 
402.282990 359.498352 
289.873535 450.194061 
244.750839 374.406830 
576.317688 441.682922 
473.698059 462.648804 
155.964981 419.940308 
256.503357 408.182892 
248.142807 438.826996 
235.010269 406.386139 
16.881939 522.882629 
253.812515 289.399292 
98.763817 417.085815 
388.122009 387.364105 
116.568596 506.568604 
107.122086 446.085999 
580.421326 571.764771 
251.340820 418.016083 
530.049500 417.522369 
157.308975 194.940979 
394.728210 378.729614 
293.614990 332.591797 
85.246414 557.616455 
126.142326 422.599640 
257.885864 462.891998 
263.592834 474.618744 
274.815155 436.042389 
43.180431 407.568634 
315.646606 326.478912 
207.449615 500.110657 
88.316704 263.682922 
269.631561 452.926147 
558.077576 571.609497 
190.076813 472.782166 
131.219528 319.708160 
83.415924 497.390350 
367.177917 433.765167 
157.236465 341.953918 
59.942284 494.306152 
338.649139 340.386230 
22.287315 265.474243 
16.750942 285.734253 
198.283340 459.081970 
46.042416 239.542862 
206.208694 460.039734 
326.239624 347.678101 
60.576908 509.404572 
572.667419 437.871552 
351.027740 374.270355 
136.154343 264.312836 
31.733631 280.662506 
214.658081 253.987717 
101.066559 392.077789 
191.661652 159.157608 
77.521797 517.482422 
361.718842 360.490601 
155.385986 388.052429 
105.236946 202.528915 
440.541931 422.477783 
429.712067 408.397614 
238.921310 445.404205 
71.066559 260.208710 
19.768520 483.223328 
183.021286 513.781799 
254.877472 320.971924 
84.285645 580.368042 
373.977783 353.307495 
218.143677 309.186035 
114.967018 547.763550 
455.790039 480.576752 
248.008850 389.156158 
538.316650 420.197723 
269.525146 306.475189 
293.749939 293.618896 
125.524246 526.725891 
183.635010 577.397034 
257.072388 423.568695 
260.647766 470.103546 
37.383373 505.255005 
270.099426 478.718567 
276.905609 394.071228 
292.252167 412.200500 
412.074158 481.982635 
133.223190 514.389648 
45.447887 382.402344 
68.075172 560.813477 
108.884460 274.857239 
191.430984 416.595337 
140.363235 207.591187 
78.683144 538.871887 
157.277985 368.323517 
58.715050 537.990601 
278.566376 304.535858 
73.293579 180.589981 
203.516754 407.005829 
89.386131 537.881775 
61.085579 441.179504 
16.974331 337.087036 
197.748810 337.767609 
133.574692 250.077057 
32.990574 223.571442 
437.090302 392.156982 
212.017456 490.230011 
352.114929 338.934967 
208.591034 486.270081 
72.022644 475.287415 
156.746704 439.443848 
16.559345 415.528320 
18.080708 526.375549 
43.254433 160.880539 
36.978657 364.254333 
218.703049 361.564514 
452.462067 430.173737 
406.639465 362.981171 
138.289398 175.113464 
17.187906 386.848602 
51.858078 507.024200 
401.495514 381.354614 
123.327934 577.096069 
126.674446 484.456909 
70.805130 476.661652 
416.155792 376.744781 
152.796600 166.680542 
547.890320 426.853790 
279.364044 448.113434 
406.741913 451.768250 
62.642063 401.397400 
92.994995 539.071350 
46.259857 421.100098 
141.438126 512.676636 
266.553436 445.792786 
112.907570 327.846924 
192.872452 386.779663 
52.836689 458.285828 
54.290131 408.595581 
280.959503 331.135254 
123.404076 316.449127 
433.412201 415.215729 
534.734558 434.396118 
240.744827 484.637024 
165.000397 468.554810 
17.686409 369.020325 
196.733826 297.535980 
136.581451 205.824081 
218.400009 508.047119 
576.433716 554.825134 
25.382133 359.601715 
156.678467 396.552216 
442.482422 435.710266 
391.717987 344.835510 
227.635895 494.668793 
70.735443 198.386261 
522.551270 497.617218 
304.350128 434.829163 
283.687714 453.658386 
40.616669 344.323242 
85.839142 399.876495 
217.803192 429.495209 
452.510071 424.365387 
248.986969 302.985504 
74.995895 452.003082 
431.345428 375.976624 
314.491486 401.428711 
234.350739 481.487335 
203.370193 510.598572 
178.794052 568.794067 
75.164238 361.682312 
549.999023 425.321533 
324.923798 461.931671 
277.427979 476.087189 
323.056793 579.780518 
403.022156 449.992706 
409.391937 398.536499 
93.987518 482.541718 
42.701530 462.558167 
110.003609 357.046448 
158.385803 463.386841 
559.267578 504.330750 
191.887192 503.726746 
140.495392 290.506989 
83.108849 214.125244 
418.026428 387.185425 
421.025818 461.663696 
103.845451 540.921021 
59.779369 452.562805 
336.908142 453.119659 
120.351295 368.895203 
19.380760 152.724838 
306.112488 359.646088 
152.068680 253.225159 
330.273743 328.895905 
227.010651 546.117065 
119.328651 217.823593 
71.639244 439.021484 
127.694817 562.160156 
320.350677 368.428436 
221.910522 561.620972 
343.146545 316.983490 
577.750549 512.859253 
28.755564 216.792191 
364.881866 429.045990 
150.128021 535.852051 
156.403442 525.298096 
444.673523 393.654480 
222.912979 443.259460 
228.137939 522.711731 
18.564171 465.416748 
305.076080 466.165131 
99.815613 199.171570 
186.127945 574.554199 
145.898911 509.809296 
537.930420 479.545593 
368.483795 339.196777 
212.139984 306.708740 
67.628273 389.414642 
180.456238 547.615723 
259.924805 309.515900 
545.544556 503.024902 
547.008667 558.631653 
17.018581 574.728088 
412.153229 454.900757 
93.465515 431.808136 
110.943390 412.084656 
554.079590 514.207764 
245.144135 479.816589 
104.552788 488.521698 
89.964630 482.777252 
198.081772 480.589691 
206.674789 409.609497 
274.041321 291.749664 
114.429672 259.894562 
17.333551 262.273926 
126.790871 449.812225 
371.397003 345.960571 
135.894775 290.569885 
485.402557 440.987854 
212.605774 470.979950 
219.171097 420.645874 
344.682800 355.060181 
128.595642 270.444305 
26.293888 271.767639 
361.449768 388.712372 
159.779694 481.092072 
227.108612 458.413666 
228.777451 485.150635 
511.443817 445.362793 
355.348022 347.986206 
86.705109 410.463348 
41.757118 236.153442 
166.934891 492.249237 
348.008820 349.612457 
460.635834 388.954102 
95.470772 286.443634 
536.510132 542.543030 
320.489532 460.261780 
74.787857 279.359100 
467.184967 424.005676 
263.059357 303.473724 
551.734436 509.363464 
287.022430 322.551666 
236.233246 497.734863 
91.695663 473.328735 
101.586594 518.359375 
379.591614 437.903656 
108.053307 439.946198 
117.563568 407.428650 
245.119736 532.349792 
195.484528 503.809052 
425.872040 397.245026 
105.751373 459.827423 
413.945251 36.135468 
51.486309 407.112122 
120.145920 378.653931 
566.830078 436.009552 
474.736298 434.366577 
155.522095 363.138245 
493.244110 405.907410 
38.591984 462.220306 
132.469925 451.419220 
149.056961 190.269882 
507.276855 425.503204 
51.412411 431.937561 
240.129501 359.417053 
220.170059 383.738586 
498.161926 430.542267 
507.135284 415.994232 
191.831879 371.989502 
126.526779 195.475739 
80.138321 394.415863 
157.841843 513.871216 
238.642334 270.170227 
229.754517 465.566895 
23.587124 359.883820 
98.233498 167.342148 
40.225803 195.569489 
386.307495 343.075256 
61.099953 201.314697 
50.481625 244.556168 
155.931000 411.203125 
33.676590 366.473938 
319.955750 404.223511 
400.132263 356.675354 
77.668594 236.743881 
468.524292 402.179047 
53.021957 326.587891 
239.106461 538.365112 
18.274111 570.937683 
410.286621 371.603088 
92.714920 418.899353 
97.477882 428.011780 
383.347443 378.022369 
376.846313 42.400829 
108.142197 493.791931 
63.651447 175.577499 
244.339081 394.888580 
251.238113 479.242004 
78.429596 339.117432 
367.033142 368.093414 
103.141869 403.648163 
392.311737 443.259460 
121.774780 437.698425 
126.719147 434.826904 
70.607452 499.666656 
254.880997 503.100403 
546.766602 571.718262 
270.240295 399.016602 
117.846886 296.170410 
16.773252 152.026154 
456.963043 377.760895 
144.842819 240.060989 
480.856110 403.940399 
141.147491 491.674103 
265.381439 512.189758 
109.884804 184.927185 
504.022552 469.013153 
94.870071 180.622421 
78.144730 409.607941 
192.356277 409.858429 
367.568970 396.826630 
157.486481 277.374786 
124.170090 173.053650 
511.915070 412.554657 
520.994568 434.503021 
381.463135 338.906891 
37.399548 175.457458 
114.748177 354.834961 
61.283401 543.797607 
133.617813 160.689911 
285.231995 334.724243 
470.755005 456.214233 
102.215019 263.495819 
441.784271 484.074707 
201.220520 486.297272 
238.030853 386.395020 
16.571943 518.575623 
149.331116 276.986328 
307.251862 579.051086 
100.575653 387.728027 
389.207886 473.194550 
113.313866 523.679810 
171.969238 578.706238 
245.505249 445.371368 
99.991653 411.914246 
81.152702 367.113190 
265.056030 370.947479 
391.790100 408.872223 
292.584503 349.762115 
122.450203 490.553162 
477.231140 422.749847 
254.447754 459.684387 
274.484558 439.265076 
119.063461 341.335236 
304.845520 360.087799 
147.757034 294.210114 
87.527283 208.579086 
490.873138 411.859924 
266.664948 471.031982 
113.860748 211.861877 
506.316772 426.379089 
150.858780 258.095673 
131.525223 305.299530 
79.980812 450.875854 
157.431000 210.533478 
57.250103 503.325775 
19.759548 200.795364 
516.342529 417.111298 
45.048500 220.692764 
222.002289 406.396912 
374.968384 443.476318 
329.363464 336.256805 
82.360680 445.882629 
349.835358 345.992828 
90.234299 221.441193 
68.404930 256.643158 
55.997864 230.139114 
295.613953 463.012421 
579.342224 462.609650 
67.367691 469.633759 
155.812210 395.990082 
104.188080 233.556931 
236.373230 429.476074 
17.093779 548.895752 
19.036007 515.098206 
256.818604 315.865326 
373.734436 366.994751 
113.163719 576.902893 
119.213600 484.409485 
450.083313 510.365509 
241.241013 450.794830 
246.546005 391.297974 
533.187256 442.314453 
264.352966 328.232391 
271.065033 331.214874 
293.656189 354.134674 
122.040901 542.977844 
126.127892 542.562561 
254.560104 392.449219 
206.958694 576.090271 
541.164856 451.780060 
271.837006 457.825226 
278.724335 385.229431 
321.484497 350.576050 
137.247452 506.540527 
88.822319 234.001053 
84.744682 361.399475 
266.315033 429.207916 
190.932343 399.148102 
140.302307 186.185150 
79.281044 520.499817 
317.797852 335.166626 
156.767883 361.587067 
337.929047 362.539001 
280.809143 321.996246 
124.903519 280.425812 
62.234882 434.955841 
16.502399 311.350281 
133.198441 242.501038 
34.617683 204.865677 
296.281830 436.952148 
74.748505 495.063690 
24.000454 322.581329 
361.832275 338.465240 
207.914444 342.415283 
102.816238 178.999542 
438.970154 401.451172 
237.002121 472.300201 
16.737303 409.540741 
526.806946 435.494781 
196.269424 453.163757 
221.780090 285.732880 
119.770210 526.895813 
43.421299 359.387909 
140.881271 160.788712 
533.613770 496.136414 
265.014557 286.368652 
293.937805 317.457794 
175.838776 481.934875 
444.206848 385.782196 
263.286133 447.408722 
229.160782 353.214020 
551.449036 458.279999 
271.768402 503.086243 
278.215790 466.153625 
67.143593 166.239746 
404.076355 387.781158 
136.339279 491.497253 
86.135040 292.311096 
378.263550 579.904541 
113.625443 296.934875 
505.787598 535.662842 
143.817017 229.592712 
118.778076 385.883392 
157.432983 294.021179 
56.194256 415.243195 
341.676758 416.373260 
53.630459 383.477844 
259.722656 416.062805 
474.799469 580.196228 
203.836319 379.397430 
150.832199 217.783752 
17.391035 363.631348 
192.224915 360.536804 
135.321350 224.772095 
30.725208 154.892868 
379.601440 361.808167 
279.412903 413.068817 
54.211800 245.261307 
278.720825 326.413879 
578.706787 527.000854 
414.280457 36.503483 
53.869152 310.134583 
390.238586 373.781555 
237.877853 321.561920 
71.704010 233.608994 
527.918213 476.711975 
98.143402 307.206665 
145.894424 435.427063 
60.515175 347.484528 
451.327759 403.559021 
251.276947 310.536743 
25.446228 383.448090 
536.385498 439.397400 
314.658936 414.723053 
55.032433 170.221573 
230.194153 446.593689 
179.024841 526.951477 
127.934746 509.041748 
393.987091 450.003601 
260.912384 394.364563 
541.779907 537.808838 
440.025574 367.966461 
88.947906 295.528564 
71.507408 158.382614 
409.083496 416.762970 
95.428551 560.159851 
84.256783 367.506805 
121.347763 447.514587 
332.944977 410.106689 
112.951248 353.011841 
188.092194 484.597778 
139.415894 272.344055 
418.361847 394.132202 
104.789558 546.547852 
343.318695 421.264954 
125.734825 292.528198 
19.094233 183.926895 
47.951004 499.505585 
202.127640 541.403198 
210.904160 342.769958 
373.980865 579.174316 
16.629921 198.093384 
348.820679 384.017822 
143.514511 554.393433 
148.473206 480.950867 
35.741905 170.383621 
435.340179 468.409485 
214.321991 409.353577 
217.629608 480.213989 
346.806610 323.417999 
191.962738 269.794922 
95.071480 158.175110 
142.636627 247.619522 
157.032776 420.270477 
428.194580 429.574860 
18.156803 401.872681 
303.874390 459.191132 
309.634094 408.947021 
99.136810 268.245667 
164.719208 529.676086 
451.618286 397.652527 
127.356865 426.313507 
78.081612 166.988190 
119.740120 499.985931 
107.585831 570.802307 
72.564079 336.381683 
262.845001 336.622498 
41.673359 425.119110 
242.816742 436.877838 
84.172737 402.728851 
133.144333 409.925415 
95.003967 507.574097 
99.654366 532.172424 
244.839890 492.958679 
79.774834 236.610077 
105.798447 516.161865 
57.104649 430.106354 
310.165131 334.228699 
155.324356 327.638519 
333.252869 348.947601 
110.053040 169.422607 
117.785271 192.206741 
68.021278 419.980927 
357.690308 426.280518 
144.852890 534.852905 
480.912872 504.839661 
210.298447 455.251434 
498.678284 414.896912 
190.505783 212.253052 
127.861176 256.455627 
29.211271 194.539566 
52.435711 225.410095 
444.654327 416.442139 
227.978165 465.639130 
233.102463 499.145782 
18.560570 440.852570 
354.202332 376.504944 
100.892464 223.702576 
163.876190 477.752625 
171.633484 559.430603 
456.317017 402.826141 
127.918083 419.229645 
94.160156 360.229523 
31.500124 380.590973 
370.387115 362.640442 
114.448357 179.475052 
524.097046 429.513031 
463.467743 379.547852 
260.777466 284.999146 
512.833008 432.466644 
547.406189 538.517944 
325.573822 418.966095 
157.399658 268.689728 
91.435555 452.830383 
96.860519 486.768585 
139.196030 529.196045 
113.131271 437.175049 
242.583679 502.394226 
107.235641 464.503296 
125.115562 400.588470 
564.352051 451.126892 
88.144989 387.391724 
155.913406 367.091248 
495.836853 401.112610 
275.473877 312.278564 
515.597351 420.421875 
354.334106 421.907837 
145.064270 207.740570 
489.287506 499.160400 
213.669556 444.777802 
217.543961 398.475830 
503.412384 457.552277 
344.402435 330.143433 
191.423447 351.824707 
127.846962 200.601807 
219.590591 474.487366 
158.787567 509.158203 
222.212234 387.665863 
232.654999 459.181122 
514.635864 469.425751 
354.611237 323.490051 
97.043083 181.605652 
40.740742 211.753403 
227.748917 256.899261 
171.373520 516.658569 
529.642029 450.189575 
193.437302 164.501373 
127.891594 162.831284 
133.504623 461.253784 
211.260406 376.700226 
239.861130 498.822571 
290.448242 484.491425 
73.538071 252.199234 
160.148285 576.699097 
548.316650 480.948120 
235.349136 520.325867 
98.007591 447.939636 
457.483551 480.457672 
113.550980 465.174957 
65.452515 170.973404 
204.641220 382.042480 
85.086327 244.073181 
80.168701 344.177490 
420.372040 373.268616 
156.845886 175.016205 
122.223824 455.855072 
126.676262 443.009827 
474.889526 460.779572 
252.096024 492.724915 
155.416000 338.677948 
433.990540 389.180420 
492.805573 428.135437 
116.326309 327.739502 
270.521149 295.203949 
144.582260 212.167221 
484.943268 420.395264 
490.974792 470.702271 
218.985825 455.636475 
502.929077 499.480316 
190.852173 296.854065 
131.174881 216.710266 
366.925629 429.202026 
156.833694 248.128143 
49.813652 546.045471 
233.809601 439.023743 
18.670471 334.045227 
520.405212 453.307251 
198.972961 335.112946 
87.308350 464.196625 
39.783741 169.502090 
386.175659 370.120300 
287.483917 487.418732 
61.314953 224.424896 
136.006058 307.956635 
93.294678 252.580994 
246.096237 510.884155 
214.366196 227.757385 
291.485352 439.325500 
182.475922 463.627197 
105.356918 292.459869 
221.093582 225.306931 
16.989067 487.167511 
515.855591 487.657166 
157.244064 324.513153 
101.011726 453.700958 
436.696106 377.970245 
330.079559 579.730591 
109.745193 520.806885 
119.766701 473.297638 
104.341431 439.197113 
244.261292 416.017395 
192.631287 580.097961 
79.020828 362.743774 
236.865875 377.754974 
125.695152 504.118622 
128.110687 456.055481 
474.857727 404.673676 
257.610779 429.781158 
97.384789 580.267761 
270.402527 421.802765 
17.267729 174.737320 
302.918304 333.618713 
149.600067 268.890320 
88.460144 225.705856 
491.359375 416.158539 
268.248413 488.111206 
19.196930 458.076538 
508.178833 448.400421 
190.609924 437.548798 
127.622238 359.813019 
25.163330 162.272873 
157.395813 205.850723 
341.652802 329.919373 
231.158188 398.394470 
516.817200 411.425110 
198.808411 300.290222 
84.772270 521.401611 
37.433067 154.635788 
372.734802 435.001617 
286.389191 432.352692 
156.166611 546.166626 
259.228027 571.571655 
192.448883 273.125092 
90.269554 198.916916 
264.423950 374.691467 
202.497528 476.868683 
99.978958 401.937469 
209.855362 426.074524 
76.381454 553.995178 
469.862244 434.074310 
230.771042 517.158997 
102.095146 236.002808 
238.683151 413.728943 
17.004427 543.172974 
181.394196 519.904419 
252.186401 287.014893 
88.894020 159.351639 
374.535828 361.362396 
109.181992 546.370422 
119.709564 513.187134 
242.719101 471.570068 
247.334412 423.704376 
34.426186 578.917603 
29.119638 159.699768 
394.149658 384.954956 
125.684448 562.312134 
130.794815 406.455872 
467.203491 579.364807 
252.344727 388.801178 
262.363495 481.051514 
541.137817 446.189270 
327.043518 580.229736 
277.239136 407.868164 
145.053513 322.540436 
155.062057 332.872040 
210.687637 572.701050 
503.410889 534.815613 
563.071655 580.410461 
190.890259 382.025757 
76.355942 523.611633 
315.528900 348.088684 
157.098785 334.540192 
58.163593 475.288422 
278.720459 314.330292 
124.272369 202.235779 
512.818604 478.180420 
46.036613 240.311035 
60.348381 235.415283 
329.961517 313.750366 
60.759937 499.575287 
16.943100 301.385132 
351.573486 370.989838 
137.394669 262.183746 
429.632599 414.533997 
215.933777 500.778992 
205.113281 492.392639 
73.218277 514.124146 
360.591522 357.713806 
205.335388 339.682434 
104.111977 208.446716 
442.968323 405.468384 
235.343887 452.974213 
68.216919 268.366425 
527.674438 417.267548 
98.281769 370.725189 
125.184593 501.442780 
377.126495 344.578583 
118.222031 552.826904 
250.084290 462.456116 
267.106934 303.523438 
174.125168 491.332825 
184.450912 574.450928 
70.564949 516.553589 
255.847427 417.965729 
263.918518 426.933777 
37.441780 501.255432 
272.985535 480.696289 
48.567673 493.040985 
69.985161 580.384460 
407.587585 416.999512 
134.052109 482.560364 
47.353695 387.789703 
143.009659 507.309875 
265.584778 403.456177 
112.765862 292.190735 
555.137024 441.173279 
191.606155 420.591492 
140.529953 211.711151 
82.828629 540.650269 
157.276382 293.659454 
57.800713 544.199402 
238.601608 279.257935 
276.092651 299.934753 
124.992935 257.198303 
199.043671 409.208282 
154.199631 223.800049 
286.585754 422.535400 
162.171982 465.726379 
17.702278 331.714081 
353.091614 324.500610 
197.404510 335.731964 
133.347946 220.283768 
35.613766 228.023911 
249.150452 497.272522 
98.675476 439.727692 
454.647156 478.639923 
77.279427 366.122528 
209.306290 369.490204 
158.648849 459.428406 
440.285614 469.735382 
17.097473 435.025116 
18.048897 530.745300 
304.780548 397.056335 
45.568920 167.971451 
41.407700 359.917755 
171.568924 468.704803 
404.236694 369.617828 
138.819519 180.904724 
87.373016 448.096527 
235.535995 476.833069 
516.872559 421.997925 
397.726715 398.661743 
498.563538 441.530640 
127.211960 511.908966 
155.468002 172.515137 
541.245789 530.963562 
280.586243 439.108063 
90.275467 542.838745 
257.200684 578.278015 
110.249252 322.724670 
189.376022 562.700439 
140.520782 257.897125 
378.064148 366.689606 
157.414581 320.256073 
125.433563 307.223480 
18.615437 167.800873 
377.637299 383.186279 
150.601471 196.204285 
116.379135 180.901825 
17.069164 195.165970 
193.018585 288.559235 
133.843582 199.578445 
30.194504 176.791031 
217.545532 502.593964 
578.210693 547.376770 
25.034744 349.973328 
157.273849 395.658081 
226.274963 478.194580 
16.556707 463.261017 
18.041529 378.307983 
101.450737 235.198883 
221.696030 219.619202 
454.267090 378.768341 
94.752670 424.660248 
77.182396 358.831360 
260.593414 371.394348 
41.937523 441.412354 
282.775848 338.490173 
281.751984 493.453094 
567.846497 578.061768 
411.596924 390.973969 
90.704536 491.236633 
84.507805 346.665375 
552.806091 547.672974 
189.953476 504.861206 
141.438950 295.960724 
414.364838 419.603271 
107.644928 524.199646 
89.544296 512.108032 
19.113039 159.958298 
254.568726 574.735474 
153.016815 236.147491 
71.455788 447.300018 
356.511414 459.740204 
76.672760 395.233124 
212.465836 386.241058 
320.277802 325.909546 
282.218536 438.993378 
194.340744 445.794006 
577.700989 509.203033 
26.115494 214.688232 
360.387970 424.957886 
150.509750 540.509766 
232.663620 288.228241 
445.729523 410.937988 
222.445816 446.461975 
19.199312 473.411499 
358.608765 354.376434 
408.625763 363.858459 
166.214188 507.459564 
459.313721 424.856232 
145.139099 576.994080 
35.941406 457.234375 
143.234207 414.795135 
46.547775 316.837067 
192.019562 435.647766 
261.802704 315.867615 
38.215553 401.884430 
246.724564 498.568634 
327.468353 409.104645 
234.200409 504.675415 
90.696236 435.097565 
111.627518 405.662842 
553.960022 506.725952 
297.254456 343.119446 
197.856491 490.835815 
82.619904 261.226746 
424.733429 412.720795 
104.980675 494.819885 
48.495136 410.858521 
123.698502 418.321625 
258.960876 386.887695 
252.671387 528.077698 
204.625885 404.834747 
334.450500 374.583771 
275.905548 322.627502 
114.636177 265.105164 
16.643414 278.997375 
249.508224 461.457611 
134.159073 284.203979 
483.192505 437.720795 
491.423218 533.475525 
242.414856 361.995819 
221.087875 417.086945 
209.683990 433.847626 
346.017365 365.946930 
191.016464 333.933319 
127.867928 276.642120 
25.092812 269.521729 
364.927124 380.268494 
51.221153 249.071838 
222.920746 395.322632 
228.001160 477.390869 
18.564892 318.409302 
358.429230 349.801422 
42.913185 292.902832 
68.980667 505.618073 
172.361160 535.607849 
456.496674 379.278656 
207.299286 300.013702 
94.523651 292.365021 
35.372910 406.033447 
211.895981 354.098724 
175.797012 466.507996 
465.988281 402.818207 
284.054291 326.829651 
226.242676 369.487640 
148.846848 161.976044 
97.437172 515.151306 
381.782379 438.141846 
112.282677 456.389526 
117.710648 408.107330 
286.412598 410.262970 
297.587036 313.323151 
48.716599 299.297119 
425.749878 392.914703 
156.846603 173.963470 
531.270691 449.628326 
122.856300 473.731934 
67.072739 543.538574 
154.835175 346.524323 
496.087372 422.674164 
274.244019 341.789551 
116.519302 311.913239 
137.873611 432.708374 
484.693451 392.453186 
193.384659 346.362701 
221.636185 470.595673 
502.423584 432.300781 
505.913208 412.277039 
190.511948 372.194031 
94.847008 174.828247 
81.063515 396.856873 
195.845291 416.879242 
157.375870 240.804565 
224.232941 409.491760 
230.915283 433.833160 
21.683113 362.151733 
387.016754 392.051910 
203.742523 365.319519 
84.186356 456.932251 
38.117069 186.493927 
388.484406 341.058868 
168.074539 497.212463 
95.545341 235.571732 
33.703846 376.937836 
322.483368 409.235962 
401.401917 375.530365 
76.709846 229.504410 
467.989929 473.057678 
472.814117 425.776123 
400.015900 350.014618 
106.245689 295.347565 
238.111191 545.571716 
17.939489 482.565399 
19.942245 577.960632 
132.352478 419.079224 
307.445679 360.335754 
96.385460 473.228729 
380.865204 384.270874 
110.207817 491.298309 
114.401672 451.969025 
242.917465 388.301208 
534.091248 448.314636 
263.071960 424.072296 
312.858093 580.168030 
103.038467 413.468414 
394.781189 446.505219 
120.214561 431.737335 
73.628098 157.861526 
479.016296 389.193756 
256.562683 520.374634 
261.786896 568.681763 
365.797699 329.487976 
496.965668 452.725983 
274.580872 383.187408 
117.542633 303.853027 
16.644648 168.592590 
302.458008 326.685577 
144.809891 234.023346 
85.522858 216.805374 
490.508057 448.033386 
265.006958 509.485168 
112.081123 179.046356 
