79.087288 442.171082 
191.654480 336.337982 
326.470673 322.013123 
17.239460 310.860199 
255.629700 16.543966 
77.098755 418.883026 
19.692806 326.981812 
333.379364 470.300293 
235.240326 357.589478 
567.891541 17.942131 
209.499130 342.902557 
51.532711 303.034241 
17.586617 408.084167 
19.168575 555.416443 
243.821609 439.299408 
324.424896 462.050659 
578.900574 111.666122 
164.222107 578.453979 
58.130981 577.986328 
94.070229 501.467590 
123.950211 467.596863 
19.386101 57.665382 
107.190422 514.057983 
56.387505 448.282471 
568.969849 402.024963 
93.859222 355.933807 
341.037567 416.560791 
556.144531 580.480835 
146.298187 542.559082 
23.941681 209.924545 
575.982788 405.438202 
284.109497 458.780060 
19.254723 367.463959 
46.738548 337.589783 
307.569824 399.156891 
298.247375 471.630005 
35.745430 359.079956 
41.214165 341.560669 
35.954750 399.425171 
17.788921 566.710815 
18.977600 519.097778 
198.777390 16.567612 
234.986923 547.885254 
16.664082 477.455078 
40.019619 360.155334 
577.755249 117.131279 
94.587250 445.645203 
98.487236 497.786346 
577.160645 148.126740 
562.730652 399.183990 
334.803375 412.910614 
17.924850 63.296547 
199.495514 580.035706 
94.520218 580.018372 
20.220724 68.153694 
346.485626 421.268463 
69.419159 387.165802 
64.231941 421.138062 
68.587601 468.062439 
311.393738 402.216858 
191.193298 344.555176 
69.374840 328.895447 
530.437317 376.455353 
61.852776 428.757812 
192.668472 352.819794 
28.349857 332.641541 
18.536098 286.606018 
508.970032 367.122162 
50.344067 360.763733 
47.544678 301.605042 
24.564487 317.424255 
301.531982 456.967957 
31.960060 343.862671 
17.573605 407.573547 
20.394058 561.160522 
531.514709 555.525635 
17.612631 528.205261 
259.013245 275.236786 
248.254135 438.379395 
535.687195 382.902344 
267.970520 279.060181 
245.055740 437.304291 
99.248291 498.972015 
17.348320 486.063141 
578.610413 103.668358 
579.809570 37.706421 
18.974632 64.999001 
273.963409 282.498352 
25.162338 271.691833 
193.308868 396.325836 
54.927731 423.924622 
338.911346 412.859650 
144.852890 534.852905 
424.616821 381.250183 
19.027447 262.245422 
17.062054 359.687805 
193.127747 354.523193 
17.599556 288.960632 
44.882553 343.961884 
74.995697 444.420654 
18.086674 439.015289 
51.239887 348.928802 
247.385193 257.673370 
296.637939 452.242981 
18.158028 412.780884 
518.732483 371.883667 
16.751991 561.857422 
323.682800 462.285828 
236.743240 545.235840 
19.198273 549.402466 
212.386734 16.782993 
244.085144 425.175415 
96.750084 489.441833 
78.280373 354.759399 
577.038818 138.535706 
122.225456 512.225464 
331.840302 414.791016 
17.016441 57.628132 
253.292603 433.306854 
151.903336 16.693748 
532.829102 380.282837 
193.215942 402.867798 
230.501053 147.103790 
279.543457 284.276215 
80.222084 426.643341 
523.429504 376.288300 
190.515411 353.895447 
59.124165 430.019226 
192.373871 344.156036 
132.479660 578.362793 
21.971134 293.830994 
506.355103 363.959656 
35.933418 309.272400 
80.189346 577.840942 
305.518829 452.974060 
290.515228 454.258911 
38.155975 289.594757 
580.186340 441.640442 
17.538391 425.748230 
19.223637 569.718018 
293.383759 480.982605 
316.879791 450.184143 
16.841934 525.166138 
261.900421 277.085266 
159.384064 577.662109 
72.622490 332.382111 
243.204758 431.042114 
580.303711 100.997849 
416.008148 370.169556 
143.801971 16.736368 
99.986572 16.648487 
580.297852 35.890423 
44.542339 417.487610 
51.417831 504.301666 
275.315857 302.921173 
18.142694 266.224121 
54.712578 366.110657 
233.791748 439.116272 
17.168461 284.111359 
86.991959 466.282593 
578.273376 560.061951 
195.057877 580.237549 
20.038376 448.248291 
307.683044 456.632141 
191.251755 291.479218 
297.327881 456.023071 
16.783928 452.783142 
365.214447 362.766937 
34.341610 281.414703 
183.463959 466.999695 
18.636745 481.269684 
89.116180 579.484253 
315.138641 406.343781 
107.141769 358.357910 
99.065567 455.251099 
319.682648 454.324829 
290.486816 291.553253 
578.132751 181.984772 
191.185287 159.837845 
166.383301 16.633253 
312.169678 463.043823 
16.806046 108.410927 
58.572563 535.368835 
277.225952 305.310852 
66.445213 435.355591 
18.731750 536.033691 
338.456177 329.501801 
64.833908 439.016693 
192.917267 336.359436 
22.146301 297.827148 
31.925272 317.085022 
24.272718 300.236969 
19.163183 460.978851 
304.251038 468.063873 
251.495331 272.056458 
40.141319 286.874664 
17.358686 414.154602 
343.572906 75.303360 
579.411255 564.534363 
127.718422 579.631531 
315.703674 457.660614 
402.084290 364.924469 
246.257797 428.504059 
579.759094 205.654907 
150.616928 578.066162 
45.539917 579.565186 
122.003220 577.974243 
17.312969 579.028564 
580.470398 29.729784 
308.476410 454.202179 
42.348770 421.369843 
17.770584 41.453545 
133.539169 523.539185 
214.051910 573.436340 
572.179810 579.992065 
558.799927 580.084473 
545.460205 579.631348 
83.926445 476.898376 
19.163654 112.995125 
17.850300 268.191284 
307.530396 315.589172 
336.087555 335.953217 
18.067183 271.138672 
567.437500 18.909126 
199.492004 337.005951 
47.553158 356.460083 
21.009598 307.464905 
310.510742 462.822266 
190.509232 163.890320 
30.035347 300.713928 
91.901924 485.864502 
19.742474 421.196228 
204.881622 337.842896 
286.854126 455.870239 
19.152155 486.855713 
313.142883 399.075531 
287.270691 313.555206 
75.370804 363.720276 
66.952621 65.151131 
90.631859 463.382507 
324.130066 460.245392 
576.653625 177.978607 
52.873154 579.267761 
187.279343 577.279358 
177.961182 578.880249 
579.497498 17.031116 
17.409775 67.902138 
106.534294 455.483887 
560.039307 394.303223 
59.384678 451.000580 
43.711765 498.609741 
17.668303 103.951637 
255.542343 580.176514 
58.656643 541.990173 
191.199097 439.364532 
70.655182 441.861115 
184.392502 578.450500 
580.267090 576.178223 
565.119141 579.843933 
197.265884 334.726929 
20.834431 303.468750 
118.521744 578.289917 
18.761841 465.343201 
303.835785 466.792480 
293.192963 393.627228 
297.508301 475.601074 
30.242542 340.250183 
210.369415 341.296875 
305.657867 397.626892 
254.060638 273.935669 
17.716270 536.149170 
168.706985 470.058533 
247.254684 434.987335 
577.273071 137.403381 
16.568214 571.884583 
577.874329 18.208490 
103.541458 421.829224 
105.944061 490.120544 
102.176300 578.489258 
73.001503 576.737610 
17.166052 261.376282 
281.825470 310.239075 
18.717344 277.151672 
70.564819 455.228088 
285.110748 384.516541 
464.492584 399.955688 
16.551716 299.100891 
87.500641 428.132812 
18.106163 545.188965 
388.470581 357.703827 
19.789925 315.209991 
295.894409 447.375061 
33.868706 283.697021 
515.575806 370.424622 
32.451508 421.107574 
518.371094 373.807068 
320.280579 458.497711 
66.735130 341.622223 
75.950966 467.932251 
128.566544 509.755066 
228.394012 356.018311 
580.089661 169.086090 
572.441833 16.617355 
260.281860 437.213470 
93.217819 491.078918 
46.123875 473.794769 
247.364197 262.039154 
51.033863 442.024475 
289.776733 305.635834 
272.201569 281.733337 
67.497849 447.210327 
341.349487 317.891846 
579.760681 575.499939 
60.000000 450.000000 
16.759346 350.359467 
434.943390 383.133179 
150.509750 540.509766 
296.925110 393.818756 
226.980789 444.769775 
156.710327 454.862213 
289.296387 385.716400 
16.650055 429.389648 
210.022751 343.230835 
302.829437 394.798431 
59.116890 334.837555 
149.984055 576.505920 
18.763729 506.323700 
455.767303 443.397461 
404.625580 375.188293 
191.742340 357.210999 
578.638855 192.136444 
18.825863 574.488464 
327.282745 407.806091 
98.203743 428.689606 
326.404602 409.130798 
127.882317 517.882324 
108.486778 494.761749 
373.162415 65.966820 
281.829071 383.454254 
286.338013 16.616913 
580.200989 161.237427 
45.056438 436.707458 
107.080795 493.582733 
194.171188 420.716736 
565.308716 397.849152 
17.427254 279.266479 
71.954842 460.634033 
53.869152 310.134583 
191.540222 331.995392 
25.170784 268.668213 
18.950121 353.445801 
16.677567 315.346436 
47.067387 368.382751 
65.605309 577.876953 
23.224960 322.434967 
52.044773 375.224060 
512.070740 372.902161 
305.355988 448.302765 
17.169815 394.296997 
296.216278 294.223450 
320.332550 408.399658 
67.178574 342.281799 
283.939514 287.730255 
580.162109 406.219696 
576.901489 162.131790 
570.662720 18.577461 
580.203308 131.758896 
321.867706 405.753510 
524.372131 378.324341 
18.944992 53.365524 
54.847446 439.162537 
44.984684 511.396759 
21.957588 19.450478 
16.837862 115.101006 
53.129929 435.550049 
341.978851 421.366821 
68.169518 578.436340 
192.929916 417.586884 
570.882568 400.276001 
327.073761 454.140991 
231.892761 435.717255 
86.908531 456.557037 
299.753540 396.647217 
578.550781 530.896912 
265.798859 578.886902 
306.250977 394.536377 
250.298111 268.504150 
390.859680 370.415100 
61.927425 318.014099 
39.402458 366.363373 
16.973953 550.376587 
143.814392 577.872253 
579.343994 187.158264 
110.039482 577.488831 
18.598049 578.873291 
286.148499 292.077271 
579.704529 123.760223 
192.237122 449.751770 
542.564331 545.689270 
579.457397 153.210358 
205.002335 579.124084 
96.125031 578.573425 
279.480774 385.966248 
17.864616 45.929615 
551.065613 580.409180 
18.656265 17.384796 
257.928619 522.842651 
243.963257 538.079041 
191.394485 401.485962 
342.811523 416.927032 
81.416840 518.331665 
17.835430 270.621399 
