60.430130 402.552246 
191.274811 339.197876 
510.003387 536.489502 
85.585709 438.020660 
372.544647 470.054810 
365.096436 453.545013 
307.617157 433.246887 
46.182850 298.476227 
339.469666 115.331177 
77.828888 497.884705 
231.971344 547.557373 
569.061523 17.905983 
302.326416 438.179810 
212.512329 376.849243 
510.978760 141.652206 
18.065464 554.835083 
530.124695 120.904160 
503.344025 136.484558 
530.978394 562.748779 
513.855164 126.369751 
509.736755 129.775574 
246.381989 458.310425 
279.931793 574.085449 
519.276367 135.098145 
267.506836 287.386108 
438.895691 330.012634 
273.284424 579.451111 
577.553650 113.270546 
166.110336 580.458252 
58.130981 577.986328 
294.412231 294.317749 
438.769470 328.605682 
274.479858 500.768646 
331.276733 448.416016 
390.646881 479.608246 
578.416382 49.806293 
381.254608 578.965454 
369.186249 577.655884 
16.811680 576.434692 
56.003838 449.824829 
267.909241 464.264099 
16.809116 265.183533 
49.694893 428.325073 
336.639038 414.474854 
251.895813 210.291595 
557.015564 579.504944 
59.182304 505.994019 
190.917236 287.726807 
515.302917 552.924805 
17.484007 361.057129 
53.345608 487.142181 
192.641769 365.833832 
313.753937 458.265076 
222.370544 149.446609 
22.214607 370.525269 
555.564941 159.300690 
84.652939 454.812103 
244.961655 268.854401 
523.419861 555.397766 
309.125732 397.576294 
332.043762 466.199890 
295.201538 470.815155 
211.276779 576.928894 
542.927002 150.693985 
35.954750 399.425171 
318.793335 433.265656 
185.705490 532.189758 
514.439209 162.581741 
377.696716 50.518539 
284.685669 296.671631 
579.477600 118.567833 
85.664436 420.306915 
100.100883 495.950775 
237.300110 444.786926 
579.072449 149.354736 
526.930603 312.947357 
76.835503 580.281250 
258.670288 459.151459 
471.424042 352.269043 
577.970276 82.341454 
528.522766 92.909164 
199.277267 580.465820 
450.189880 334.745148 
91.167374 576.625671 
60.163658 577.313965 
130.185440 540.033447 
304.569763 323.366394 
171.191818 532.090454 
346.459076 423.140961 
272.029114 306.809204 
18.106163 545.188965 
16.979931 101.543594 
217.778076 347.406921 
376.805634 580.429565 
266.618500 579.634338 
516.461609 558.861084 
576.858398 502.931641 
343.148499 353.176453 
191.571793 347.304474 
122.195679 464.535553 
19.416796 262.628937 
513.243652 545.379395 
191.605728 265.694550 
580.484497 484.551056 
26.103893 330.869537 
504.621155 366.629486 
308.237946 439.651398 
297.588379 414.553253 
72.303772 491.545685 
75.843399 63.681015 
300.189301 458.873260 
292.964508 459.224823 
213.911255 572.954773 
17.573605 407.573547 
18.245962 560.542725 
508.641296 139.952942 
360.787415 459.382080 
528.168152 556.886353 
17.097799 528.756592 
260.065521 275.502075 
504.449341 149.928329 
180.294464 494.159088 
517.819092 129.119904 
514.187561 150.099899 
433.393677 329.240845 
579.142517 106.990250 
511.649780 505.860352 
579.797974 36.965324 
258.951202 516.378052 
446.109161 337.141296 
124.232788 457.907990 
269.683044 379.535156 
273.692932 284.549744 
357.732300 486.091919 
483.688965 353.796265 
271.365540 377.243713 
524.859009 103.163803 
498.683014 522.798096 
188.536789 523.702087 
339.066620 412.800079 
81.546097 486.381287 
18.204700 101.242882 
569.672424 400.697083 
55.497097 487.689148 
144.852890 534.852905 
279.895477 382.342590 
364.131744 517.454468 
17.062054 359.687805 
349.597290 449.706390 
233.267014 449.027496 
61.751671 489.961548 
16.804953 292.560333 
294.374969 388.648102 
579.178650 566.163818 
527.700256 558.205139 
311.526215 453.214111 
297.945740 453.386871 
18.158028 412.780884 
192.756104 159.821320 
510.735413 558.862732 
365.599335 508.983582 
118.823952 449.963806 
454.441101 477.301636 
174.227203 500.233093 
432.656006 330.171082 
74.877037 373.167755 
110.911736 500.911743 
115.617432 463.509613 
40.853691 437.179688 
99.598015 489.598022 
193.922394 295.587830 
577.686768 141.101532 
517.022095 545.324097 
120.439682 514.194824 
578.577209 75.947937 
557.707214 567.360535 
526.054565 90.816742 
386.488129 352.511597 
230.562027 149.491348 
523.558044 146.805817 
18.866734 107.493401 
218.190491 150.072861 
358.808685 424.644104 
134.020370 459.083832 
468.191345 345.306885 
52.478474 534.282898 
190.817322 353.546173 
287.651459 408.622528 
16.817572 319.301422 
56.494537 429.249695 
193.241211 346.138092 
191.386124 272.946350 
282.311615 290.542877 
309.777924 445.977356 
194.224915 280.294617 
80.015404 576.958984 
122.392319 442.524719 
300.008850 455.186249 
53.662449 521.229614 
192.999481 163.463623 
26.940575 578.804260 
16.829493 422.226624 
19.223637 569.718018 
293.634583 481.144806 
314.484070 453.170990 
266.615997 458.789490 
515.928040 114.210434 
260.622864 276.119659 
157.498840 578.455444 
380.276581 539.262695 
430.629150 326.326508 
518.492737 96.797600 
513.253601 159.796555 
223.089539 151.403610 
96.666084 448.649658 
578.386536 97.465622 
574.001465 38.794075 
306.245758 466.162048 
392.495941 577.649231 
39.053082 497.594330 
243.789627 446.003998 
580.179016 31.279194 
518.863281 89.362427 
38.293793 549.589111 
495.877808 518.133911 
120.640396 454.578186 
299.022186 439.540039 
273.159271 573.867859 
273.937561 448.660309 
274.497528 295.668304 
307.488525 338.664581 
219.489639 245.487991 
529.078918 103.463120 
369.740631 466.548615 
495.799805 512.181580 
531.790283 88.689369 
55.445686 496.665039 
191.869476 296.170441 
21.543076 266.245453 
221.021347 528.328979 
52.990913 474.803925 
386.957458 50.226009 
54.186234 571.996948 
16.637526 285.416626 
500.411072 296.227844 
30.699738 279.540527 
286.355255 487.490356 
20.038376 448.248291 
53.711803 469.423279 
306.140656 461.328674 
191.892181 292.915161 
295.558289 458.940826 
578.481873 401.828796 
17.128567 450.992920 
305.001587 417.560699 
551.866638 361.983307 
576.719910 559.140503 
181.872437 465.126434 
18.971500 483.751556 
88.558083 576.934753 
569.279175 402.061249 
16.882343 487.120819 
514.014282 107.025360 
107.286804 356.419617 
520.236755 159.095337 
194.359756 580.122742 
579.889771 182.823654 
93.153137 479.020691 
324.793488 447.280884 
482.176270 354.544312 
106.805145 472.773651 
221.941772 149.483505 
45.148983 382.686523 
70.562309 64.457619 
522.692627 150.295258 
190.551270 158.756042 
59.889793 470.813812 
181.627380 544.728882 
532.840515 160.286407 
417.032349 458.232605 
17.396603 110.511795 
50.716122 403.391083 
279.998871 496.113281 
220.847672 249.240097 
78.963379 435.652069 
20.113712 114.576210 
67.521500 436.223358 
159.389038 466.012970 
190.894440 358.937195 
534.314819 85.759140 
285.898468 418.213379 
17.107464 338.104492 
159.784012 502.247803 
196.306412 337.957733 
519.758728 557.009094 
20.428783 294.214661 
200.254944 371.042908 
192.197556 275.425720 
354.537720 470.733948 
576.482849 406.113922 
304.306030 468.316528 
307.126038 425.318848 
551.277954 309.133911 
37.713123 287.298737 
372.723663 517.894531 
16.559345 415.528320 
289.761902 478.865540 
74.001930 449.054901 
536.657104 496.217529 
16.807423 542.878662 
504.061584 111.977753 
257.572723 286.753510 
577.936890 208.363037 
19.982033 70.140137 
117.052330 512.674683 
153.049881 579.919556 
121.765816 577.389038 
577.802856 92.870422 
570.156494 402.209015 
579.671326 26.055500 
122.394814 380.311768 
205.684326 374.079224 
560.257996 568.061279 
43.724918 425.452728 
273.767334 465.490387 
271.960358 290.031494 
133.539169 523.539185 
522.997620 119.024689 
573.956116 580.487366 
559.570312 579.959473 
544.276123 579.204468 
529.125671 99.882172 
21.310863 112.785492 
580.293457 216.427475 
498.804626 508.530121 
184.450912 574.450928 
64.843674 69.751183 
18.560902 273.168915 
66.943047 493.977081 
351.721741 457.464539 
139.196030 529.196045 
567.546509 19.291122 
284.012360 383.840271 
203.331024 338.057892 
578.439819 554.594421 
18.044750 310.966614 
54.506210 457.381042 
292.950287 405.109833 
190.909180 167.701248 
17.046255 473.603058 
204.169006 339.091583 
50.375183 82.483322 
290.841827 436.789612 
576.704407 497.707611 
18.298710 489.221100 
509.768494 162.081863 
578.355652 212.422440 
17.867405 506.002625 
277.222534 467.830536 
282.979492 315.234589 
518.767517 150.592728 
268.038147 303.172180 
91.502747 465.319916 
100.604218 477.432922 
176.888031 491.585022 
578.069275 178.917801 
424.778839 326.493195 
52.772476 577.412048 
190.107773 580.107788 
256.639465 574.712402 
576.976868 17.800163 
105.238411 453.150238 
278.724335 385.229431 
44.739635 384.152985 
197.685974 370.834351 
523.313904 158.931213 
54.180382 455.489258 
339.568115 450.098724 
129.447983 462.986298 
531.624756 154.683334 
363.939575 578.479797 
17.984581 107.112206 
53.729008 445.293762 
191.121185 443.329742 
78.838104 463.574615 
568.699524 502.554596 
270.704224 281.891235 
59.065491 513.993164 
580.228638 577.608337 
564.201355 579.891907 
197.590622 334.684662 
578.405151 510.179291 
219.925507 379.856689 
200.302475 372.427246 
118.641579 577.974976 
263.132233 283.851105 
18.761841 465.343201 
305.229614 464.581116 
156.771408 460.009796 
290.481903 390.714752 
295.653259 476.506531 
163.445114 500.636505 
564.087036 142.519958 
58.014839 310.730316 
253.900543 273.947937 
171.884903 506.006775 
39.206566 359.977173 
223.383987 261.047668 
16.965446 538.245972 
519.481628 110.202431 
511.416138 146.565247 
289.332214 438.123596 
128.853485 460.743835 
178.374435 507.223907 
578.340271 137.657364 
17.357948 573.957153 
517.792542 141.840179 
525.783020 551.919678 
578.375793 19.423691 
477.844299 354.572388 
553.521301 562.478210 
336.581390 459.899902 
256.006073 579.617798 
271.203156 472.087494 
56.944317 440.045746 
342.939972 456.942230 
526.683105 125.099976 
51.926510 451.157410 
537.786560 139.274719 
78.000061 480.604431 
16.572884 263.775818 
499.187653 515.329773 
55.050774 483.122681 
536.315552 334.616241 
571.743408 17.888298 
115.842285 430.824249 
70.837486 455.152588 
348.048615 451.778809 
192.905304 293.335602 
189.391724 520.946899 
287.113708 387.335541 
17.205343 298.839386 
61.927425 318.014099 
72.748131 428.284210 
27.841644 351.101562 
362.958862 463.531952 
559.936218 19.347397 
298.298126 449.225616 
53.869152 310.134583 
17.477818 462.496948 
512.452393 368.502014 
501.770966 151.065674 
19.379303 492.667786 
508.595856 160.671417 
537.699951 329.648499 
519.704285 123.691559 
261.548645 371.668518 
333.335541 415.015381 
178.545319 497.300293 
576.986267 173.424301 
422.064270 323.790955 
65.043076 459.796936 
312.028381 446.893372 
51.760918 413.035278 
147.137848 371.454285 
579.291321 504.439819 
171.938461 494.527069 
456.740845 339.728149 
509.699127 551.908447 
55.329098 539.050964 
429.546570 428.328247 
51.033863 442.024475 
531.832397 78.747437 
66.658730 445.860535 
357.386536 460.251648 
578.428040 575.758667 
60.000000 450.000000 
368.383453 525.954407 
194.355164 372.466125 
76.461571 386.455078 
317.957245 425.341400 
150.509750 540.509766 
158.801086 542.192505 
294.310669 390.495300 
223.771683 447.949890 
526.740906 509.129578 
290.904236 387.921265 
295.129608 480.183533 
53.490364 528.112976 
16.650055 429.389648 
319.512726 405.049774 
300.001038 391.969971 
501.213165 163.012283 
147.097214 577.677063 
16.606804 557.487610 
320.579926 447.834442 
507.408905 101.193283 
209.618698 574.575317 
18.714863 570.874084 
212.367676 154.505402 
241.777847 456.200500 
326.190613 409.625977 
577.032104 129.181366 
330.379364 409.564941 
251.110779 578.866455 
579.903687 160.293457 
149.720734 477.898987 
264.914093 415.440399 
270.637604 450.339813 
576.690735 44.210903 
519.146423 148.051727 
212.662613 463.296204 
522.746643 131.170898 
283.156921 462.993225 
54.118458 557.343567 
493.720337 302.008392 
170.591766 578.731445 
16.505476 276.402252 
500.852112 521.536865 
190.931412 278.314606 
214.959946 431.520020 
518.466370 549.402649 
317.298920 405.352844 
194.020172 287.609161 
190.994232 332.382019 
24.582052 269.540955 
18.361193 349.670929 
16.677567 315.346436 
578.070007 150.032654 
520.983337 312.719299 
20.902168 318.422363 
311.002625 429.443878 
77.700706 498.113342 
19.438036 384.733337 
300.582062 448.126495 
503.352478 161.412659 
305.657867 397.626892 
33.552094 405.650574 
162.211380 565.428589 
51.643024 481.215332 
506.484253 150.776825 
98.509438 358.962585 
529.475952 564.574585 
387.694000 534.886475 
514.790405 100.050354 
509.608917 134.601440 
247.936859 452.994843 
277.218811 579.704651 
517.984680 115.234505 
115.011879 442.518311 
177.141663 536.185181 
72.022644 475.287415 
577.612183 163.245178 
575.243530 19.996193 
127.882309 517.882324 
94.291634 494.817291 
234.985535 547.885193 
386.517822 578.850525 
16.769669 79.993546 
259.665955 580.438354 
367.161469 508.690613 
260.048431 571.425903 
518.950928 371.736115 
17.304020 115.495911 
49.559029 432.197693 
54.736275 531.527832 
341.062378 420.068359 
531.417236 76.105118 
467.588470 343.948151 
185.954620 578.157532 
192.325470 267.381958 
522.359558 99.002068 
513.067993 548.497559 
570.036133 401.724182 
551.575623 146.866104 
539.963684 337.498260 
490.457489 358.861511 
18.779572 363.300293 
85.942162 459.023071 
299.753540 396.647217 
74.449982 456.870117 
19.930592 427.769623 
298.701355 463.200928 
17.064686 444.964172 
323.386230 408.009674 
525.854065 566.677307 
16.810310 550.685364 
267.715515 279.232727 
138.495102 577.190918 
111.601601 577.195862 
18.062702 576.222656 
324.462524 407.135101 
579.665771 123.838112 
574.829407 157.163391 
119.006325 455.939514 
277.301300 499.272949 
105.573921 410.299438 
205.627686 579.218689 
393.092865 445.552246 
97.855179 579.951843 
273.398499 458.444458 
578.975708 86.373688 
521.803345 162.537567 
262.596375 567.000427 
550.946716 578.904724 
274.525513 382.202728 
523.655884 132.219589 
524.883606 138.966827 
253.818542 523.586426 
245.935532 535.440430 
342.811523 416.927032 
312.385742 443.494537 
16.989315 272.920807 
202.175186 534.178467 
