53.914921 479.293610 
272.465515 281.497528 
520.375916 483.822815 
330.724640 458.027740 
109.540573 491.253265 
228.718079 413.458405 
65.945160 324.901672 
333.630554 440.174042 
319.298737 405.544952 
214.302078 345.043427 
261.104095 580.070129 
95.963554 518.984192 
327.483887 415.100586 
202.134079 563.145996 
205.259338 526.181396 
16.590065 458.046844 
226.864258 432.151245 
33.811718 474.701660 
284.414703 386.704132 
210.925400 573.868286 
253.870483 574.973389 
18.898001 372.461060 
23.718859 434.404816 
290.089783 290.377258 
92.121796 355.784607 
149.364014 545.972717 
192.122299 380.265045 
401.454254 524.428711 
408.027588 529.043274 
45.843418 456.929138 
580.197937 392.148102 
304.434052 468.732086 
68.587601 468.062439 
124.666023 501.448792 
156.608688 447.768646 
160.955154 499.360962 
181.734482 521.769409 
57.341503 447.011292 
61.635391 338.011963 
67.147667 577.493286 
312.873047 441.440582 
328.893219 430.284698 
128.082596 577.372314 
209.400757 340.729919 
578.867371 21.993404 
428.882629 363.780762 
320.109711 403.871643 
222.135620 350.195648 
54.462959 394.821167 
267.698792 279.712250 
332.525482 412.605469 
17.433109 384.232117 
225.486099 533.576172 
63.435036 457.224976 
341.062378 420.068359 
18.158028 412.780884 
253.119919 493.560852 
297.740173 392.066559 
147.354340 502.380737 
192.279572 338.921387 
402.677673 349.574219 
408.076782 526.031433 
203.842468 360.899780 
173.340958 516.152527 
259.082977 452.832123 
69.667824 428.033386 
517.646790 466.560455 
390.273010 379.304016 
185.050110 525.161865 
274.853363 502.230957 
578.735840 439.861420 
189.045059 497.853180 
277.167511 502.236633 
358.223969 427.525177 
320.813599 405.146057 
17.343422 415.279938 
226.175858 559.324158 
280.301147 380.913086 
285.180481 387.988495 
82.519661 465.862122 
126.616287 505.601929 
144.765488 524.533997 
18.044750 310.966614 
233.058990 550.280457 
239.702759 539.535095 
152.192444 548.801147 
89.154930 436.337067 
344.388062 477.430084 
241.401367 541.751953 
34.779305 305.244690 
58.598663 418.030762 
312.075623 399.205627 
78.757385 434.448700 
41.222698 312.418213 
54.382057 579.381165 
189.976288 520.696167 
192.417526 529.730652 
211.308884 543.038086 
580.443237 511.095154 
199.792542 513.869629 
201.478943 577.606628 
577.706421 16.783192 
86.135391 579.356934 
17.694416 302.974304 
161.620026 577.678223 
174.703064 579.427734 
81.821602 488.401703 
338.097778 359.409271 
19.735296 349.713135 
24.804365 385.340729 
251.540451 577.579651 
301.055054 466.510010 
92.960304 479.581390 
191.805038 294.086182 
74.449982 456.870117 
272.299164 579.817810 
373.748047 434.492676 
181.879379 465.095245 
19.152821 507.099060 
24.403038 579.772339 
579.503052 16.657896 
170.652451 467.406281 
193.250198 525.290894 
578.377502 530.139221 
322.870544 345.109283 
413.533661 578.077454 
523.071594 19.313217 
17.066483 334.699249 
442.611816 389.139771 
87.902992 489.005493 
578.373596 159.055725 
106.449913 469.044006 
18.395084 318.958923 
267.729431 379.200104 
197.312027 354.996155 
96.060898 480.297485 
190.601669 336.366089 
174.750549 468.366425 
17.304941 497.650879 
262.310333 516.160522 
101.589401 437.867554 
34.219177 508.577637 
280.143005 495.661285 
285.234253 451.772552 
18.047756 549.188538 
399.939575 450.630310 
274.276672 457.119781 
487.346466 412.681824 
248.961273 385.357849 
296.644287 529.322937 
391.325623 468.037170 
191.042419 442.238434 
439.247131 578.855774 
246.695389 262.850433 
492.205505 436.284180 
424.428925 366.998260 
299.353455 440.765045 
190.107773 580.107788 
127.882317 517.882324 
255.863525 274.769562 
430.396210 465.077026 
60.766907 517.960510 
329.337585 533.907288 
102.891197 576.841492 
17.513390 329.581573 
184.450912 574.450928 
64.204002 545.907715 
222.090271 557.618652 
498.298828 465.843384 
104.830086 499.674072 
577.016846 186.589279 
95.017105 443.322845 
16.731001 562.853455 
158.386261 568.212341 
377.536102 512.981934 
140.310745 426.022186 
20.643269 447.209351 
505.543243 404.435577 
191.360687 448.219208 
30.287777 507.835052 
489.980377 459.917816 
298.477783 437.565735 
95.869370 407.432617 
316.850983 450.922607 
397.859589 577.550537 
309.543884 463.319519 
326.817230 444.381775 
259.689941 313.033813 
483.290649 446.808197 
577.350647 565.532471 
150.696243 578.261536 
577.314758 161.017181 
242.566940 534.883789 
507.122345 370.390869 
112.415451 504.618347 
169.163025 565.771729 
16.536690 451.213135 
100.438362 500.976929 
81.140450 357.054657 
538.918274 580.325562 
19.262672 488.424805 
36.721527 471.957031 
577.492798 534.835510 
502.485229 363.829559 
137.340027 514.076843 
18.116161 569.743958 
190.935516 361.210999 
193.132828 405.740051 
405.949280 452.819061 
44.761379 481.526611 
219.323181 564.447388 
306.317108 443.287140 
71.005928 494.211426 
432.468628 402.977203 
199.189362 297.695099 
60.899620 313.847595 
270.769531 376.878662 
521.625061 486.577667 
570.033508 19.448078 
336.488281 465.090942 
578.885193 118.461235 
525.642029 17.788353 
17.144054 481.926270 
334.351440 409.741119 
19.554173 382.452606 
577.171875 495.243774 
429.914673 579.359497 
190.952942 332.268555 
63.856850 577.382751 
404.904083 554.778076 
243.744141 474.960419 
130.339706 577.748840 
514.157959 472.782104 
199.912292 358.295166 
178.996124 500.420563 
16.705788 579.305725 
307.289215 400.738312 
164.616257 497.749664 
347.109863 374.777344 
208.349121 574.495972 
178.973038 573.378845 
110.774414 532.907227 
554.954041 579.132629 
406.615845 580.333008 
262.247467 579.821594 
367.530090 55.114208 
296.949219 476.102692 
17.118565 372.026428 
577.434631 440.003662 
248.851761 464.369873 
122.909691 504.098206 
144.852890 534.852905 
571.634644 401.022644 
193.395645 360.547913 
371.399292 577.218811 
176.000320 504.510406 
65.605309 577.876953 
518.422485 478.859161 
283.229889 461.745087 
156.039001 427.234344 
161.823471 551.823486 
58.840008 355.727417 
37.542431 287.404572 
438.673553 471.371185 
277.225586 499.260162 
17.660263 266.625244 
157.282837 377.352600 
205.058121 530.611938 
17.529310 364.487549 
226.367447 553.078064 
190.657639 174.115082 
64.833908 439.016693 
86.475311 417.646271 
145.320175 502.856323 
293.192963 393.627228 
133.578049 438.364624 
116.637802 580.451904 
163.214111 580.112732 
52.073414 434.375061 
264.566742 441.027130 
70.407654 444.465698 
73.292473 464.943542 
281.881378 493.068604 
159.060333 460.340820 
369.613342 431.274231 
216.702332 566.163696 
183.460190 508.085449 
78.717377 457.617249 
41.834507 387.451996 
290.326630 484.212738 
507.321075 579.110413 
353.238464 489.785248 
191.034058 517.046265 
210.916199 531.838257 
364.213379 484.406891 
53.939346 344.218842 
60.393826 443.301758 
84.938454 567.752502 
17.299988 399.183136 
30.882721 277.930969 
80.286774 482.373322 
217.596115 380.301666 
138.712021 580.415161 
257.367401 519.994202 
503.952026 520.415894 
350.200043 432.069458 
73.250549 435.360382 
280.104553 450.864624 
531.956116 580.335693 
300.514252 403.564697 
17.957802 520.787476 
283.594757 580.274963 
484.952240 450.294800 
289.552246 441.556183 
379.041077 437.879456 
76.518768 579.681458 
211.449509 563.935547 
458.138306 478.577881 
577.960144 527.298645 
157.206451 403.142395 
216.485016 517.075867 
111.646935 357.307709 
207.822433 578.321228 
388.441620 514.815063 
470.602783 579.349121 
477.421875 462.028351 
442.094666 409.892975 
196.429703 569.848450 
81.339920 503.945221 
577.793091 151.484329 
92.048515 461.487061 
95.479492 487.161865 
348.932556 472.259521 
157.498840 578.455444 
246.939026 326.116821 
372.043121 497.511780 
21.248526 560.275269 
269.660034 505.120819 
311.225433 346.952484 
190.747406 438.927551 
154.793030 415.348877 
120.203697 577.682007 
489.973969 452.589783 
49.042225 298.810883 
580.302795 547.749451 
532.072876 380.901581 
435.372223 396.468262 
267.128357 310.416931 
17.588226 316.343597 
477.007904 455.365875 
37.340248 580.252136 
500.967743 515.545410 
333.700134 530.167419 
372.340942 333.650330 
576.986084 204.992752 
402.362152 380.330811 
17.535297 549.334229 
285.701233 538.783020 
120.734734 467.883545 
19.524979 530.187317 
274.047455 471.717834 
38.235386 553.588684 
505.167999 404.645203 
135.999588 577.137146 
190.659210 390.505676 
462.741425 476.420044 
578.525024 445.361694 
316.220398 438.386902 
580.196350 564.967896 
57.220562 533.652588 
473.833771 433.840149 
325.766907 536.649414 
482.020355 461.901215 
578.833923 72.455811 
23.016613 302.803070 
78.710060 415.221924 
508.803375 368.238129 
35.220142 571.142517 
17.351965 542.315430 
33.518295 556.572876 
281.842102 332.677216 
393.311432 516.301880 
484.711975 460.097107 
577.725952 541.830078 
190.550064 357.548706 
211.851959 442.062775 
48.360764 460.978516 
304.479858 457.456451 
197.211411 400.104675 
326.962952 425.667694 
32.607876 512.238770 
16.689938 272.419525 
44.463188 155.953003 
109.766022 506.374695 
490.685608 394.629761 
577.607300 145.395828 
17.413321 433.277893 
227.500839 441.172363 
500.932373 363.866394 
18.663242 470.567871 
480.218872 580.153687 
577.439941 516.788391 
192.016907 386.858459 
512.478577 461.126007 
567.899292 578.569885 
412.907135 538.963806 
413.848602 533.319031 
16.639050 567.442383 
472.542542 351.734558 
310.152405 442.575165 
232.543732 229.948807 
37.672268 403.037659 
332.769379 471.175995 
166.097321 554.151062 
568.987122 558.962280 
68.462158 579.712097 
205.477432 571.102783 
336.638000 447.587250 
578.256409 134.732895 
458.961029 504.069580 
162.002457 556.408264 
458.173157 577.933899 
53.472298 576.971008 
254.202347 578.044373 
19.044735 367.485535 
236.532562 462.451324 
73.766769 372.796356 
90.614403 354.733032 
190.946167 350.319641 
192.121002 386.568970 
445.804810 577.702515 
259.880646 424.368988 
305.488098 466.369080 
70.305122 471.674927 
155.900909 453.209320 
374.782654 380.061066 
16.993748 286.989685 
57.545010 440.209045 
312.658234 426.977417 
396.224731 578.224426 
232.392166 269.388031 
38.031811 407.847412 
355.438354 519.046326 
188.071426 542.830933 
113.809364 577.623474 
209.650574 343.385376 
342.166962 469.884552 
358.365662 489.070312 
571.015869 579.780212 
391.231750 515.020264 
56.859909 390.714050 
343.407166 415.688110 
116.568596 506.568604 
325.489197 308.786438 
205.147354 564.360474 
17.097826 352.017303 
97.855484 579.326416 
63.612495 451.717529 
341.153107 416.666016 
18.004547 404.963928 
42.541145 466.467773 
249.711945 528.874268 
294.310669 390.495300 
49.218918 577.415161 
343.164276 469.557861 
192.880814 345.661713 
577.543518 542.339783 
301.336914 301.582703 
70.653534 433.527435 
132.393448 529.002136 
58.715050 537.990601 
179.981384 558.854797 
184.324265 511.318573 
271.498505 508.037537 
78.062477 458.587646 
289.346588 485.601318 
354.746643 478.615295 
187.046387 495.493713 
260.012817 274.801697 
37.727428 313.401245 
102.756172 358.607544 
358.744019 425.678284 
363.579987 487.460510 
156.929337 357.127167 
215.396301 563.747742 
53.528908 357.238922 
59.162975 429.748596 
17.358673 419.299744 
228.754669 498.224854 
284.297394 385.148041 
248.577652 514.562439 
501.870636 303.029999 
336.085510 347.544647 
235.276779 545.965454 
239.122864 543.862976 
252.943665 529.484680 
257.527222 523.425537 
579.878662 389.998383 
366.997620 431.577942 
577.975342 489.372742 
306.407837 400.880707 
101.588974 479.194550 
35.191086 308.378540 
282.985565 437.150543 
75.847572 437.193329 
40.285309 299.182220 
187.912476 464.375610 
154.217911 369.587402 
208.980423 546.743103 
578.292480 502.409088 
201.155441 580.202026 
453.203949 476.836426 
575.508057 19.059258 
155.385498 374.521484 
60.498638 460.916046 
328.917297 325.280914 
16.672089 310.159058 
62.431946 514.872803 
494.083649 460.790009 
86.108627 427.514771 
91.859962 472.925568 
93.612457 472.885071 
190.887436 338.279816 
263.746033 99.122818 
313.751251 404.785675 
264.117493 564.213867 
99.324120 444.921631 
516.790710 539.522949 
31.100037 436.259766 
19.404198 503.694885 
155.063675 409.376587 
489.054047 447.703308 
577.924194 543.939209 
360.096985 425.273468 
220.014587 534.714478 
59.123898 509.993591 
217.216156 500.716400 
16.538130 337.933258 
224.787384 350.075134 
64.554329 553.900024 
275.591248 383.013824 
151.956039 525.260193 
579.240356 171.211227 
91.385567 513.057495 
83.757492 414.743561 
401.976135 374.512848 
366.931366 496.564056 
457.020477 342.105377 
16.529131 500.731354 
303.662750 337.950256 
100.941368 431.443237 
74.188942 421.627655 
287.174866 445.972046 
18.106163 545.188965 
77.198181 375.044769 
250.573547 381.256927 
257.383453 334.475342 
384.847778 442.902679 
192.330200 492.212830 
30.996574 515.899902 
247.470840 268.816742 
491.739441 434.072998 
474.823395 386.134705 
302.024567 444.907715 
187.279343 577.279358 
398.907410 95.862083 
156.110931 344.223877 
388.055054 580.183533 
474.630890 430.871521 
332.867126 529.896912 
260.015472 301.200378 
182.669678 579.952698 
578.548279 193.474609 
102.911827 504.390259 
502.389160 442.927856 
384.837097 180.431778 
286.344879 556.594910 
495.509521 361.383850 
139.658417 429.515350 
19.142410 443.116821 
75.669876 337.058624 
486.029755 447.280396 
577.608215 561.087952 
192.179672 452.763306 
400.020050 449.829712 
34.073277 284.988220 
297.931152 476.738861 
319.900574 453.747742 
58.481422 553.988892 
270.438660 403.927734 
31.039944 578.023132 
276.762054 304.069305 
272.856018 449.588226 
214.546478 568.943359 
109.998291 480.631866 
387.656799 440.436981 
576.998352 150.013992 
418.358490 580.380554 
207.670975 553.613647 
203.714355 524.216064 
171.111664 579.777893 
17.028721 454.763885 
145.927689 578.194336 
99.717056 496.327332 
518.295715 374.602081 
492.980530 474.026184 
139.196030 529.196045 
18.989410 483.628052 
269.474945 566.087891 
487.363983 477.810577 
523.254761 504.678223 
505.262085 365.172333 
479.970093 579.298523 
19.197063 565.911255 
562.632751 578.250793 
408.363129 454.539948 
534.702576 579.808044 
48.720890 475.627716 
579.438232 487.139832 
303.771790 435.697021 
156.345596 550.751404 
81.913399 120.009048 
471.115662 420.563599 
308.893188 427.306824 
231.878784 241.484253 
521.626953 489.421204 
167.480331 557.480347 
211.867126 368.929199 
333.799988 470.998016 
261.303955 570.205383 
509.324127 406.052032 
345.166077 354.367340 
209.792023 154.765259 
294.861969 480.665161 
403.421997 528.924194 
17.584446 485.725220 
224.730896 488.324463 
323.157990 269.022156 
122.225456 512.225464 
335.910889 415.305725 
137.888199 561.472656 
18.847347 377.953674 
249.011520 464.278656 
577.565796 501.328491 
148.218277 551.435669 
192.572021 370.823517 
132.163284 577.876160 
67.975487 458.966125 
323.285797 462.426544 
156.166611 546.166626 
537.323669 457.601837 
180.843277 496.329346 
55.501556 453.429779 
273.109772 306.200897 
79.352036 503.667084 
41.598652 385.902039 
520.151672 579.879333 
243.732407 273.628448 
179.480270 572.796509 
236.203995 357.200928 
55.201832 402.849884 
32.794262 423.322754 
63.748924 448.605164 
285.375946 288.605652 
122.521263 508.811096 
86.908783 351.974548 
415.488159 261.239502 
318.674866 424.443359 
142.902618 530.699768 
18.748716 419.560547 
25.701862 455.496704 
40.181473 468.904297 
190.895523 295.022064 
300.384766 526.947571 
408.239380 516.888794 
203.402771 337.535461 
539.881165 19.912567 
51.033863 442.024475 
578.620605 405.932190 
577.421021 569.520569 
515.717896 473.878448 
283.775818 464.032379 
415.406586 456.698730 
155.376312 399.873535 
313.462646 439.588318 
78.000061 480.604431 
40.538765 414.835236 
332.564240 441.380554 
355.025391 463.713074 
439.349915 470.662781 
279.232758 496.229340 
240.496597 242.365021 
51.027924 387.596191 
579.589905 32.998283 
235.233704 419.410400 
216.650986 541.053040 
42.158592 577.257996 
332.356049 353.011444 
17.573605 407.573547 
190.790344 188.911072 
438.199493 380.389435 
408.523712 77.272171 
80.103226 454.591949 
18.605930 390.086090 
92.351814 444.924591 
345.103424 484.860504 
27.367161 381.362732 
367.411102 430.698853 
244.430923 531.426270 
262.660278 445.482544 
67.896255 452.222534 
72.754189 459.260315 
283.284241 426.528442 
299.753540 396.647217 
184.459122 496.382751 
58.295456 393.980499 
76.100807 443.641449 
290.001770 466.729797 
353.659088 424.358704 
441.444458 436.175171 
566.927612 17.408415 
579.675049 498.966614 
577.307495 24.074707 
59.324158 447.713013 
113.914780 386.080139 
327.698456 340.537231 
386.724213 508.993805 
17.464062 402.180664 
228.507111 551.774719 
108.486580 577.150391 
26.671297 274.969299 
248.621597 532.271484 
87.973137 451.226196 
18.536098 286.606018 
494.591736 474.212311 
575.382874 405.861298 
92.905731 484.891510 
206.928665 370.983673 
282.276550 456.183105 
285.908813 489.784515 
273.952881 340.621674 
273.029755 557.779236 
37.595093 503.069672 
291.059631 447.937653 
577.290466 486.372498 
195.099075 518.233032 
441.630463 470.738129 
276.636139 452.626923 
48.385166 300.758575 
580.140137 523.612793 
329.412506 457.353607 
360.753540 446.685974 
216.000809 515.339172 
53.869152 310.134583 
267.198517 336.733185 
74.424896 579.551819 
156.377762 443.940674 
18.987850 475.479675 
17.168915 290.985840 
479.478821 462.499786 
482.874756 516.095642 
493.380096 475.782166 
578.431274 147.798538 
103.392944 459.411377 
18.042067 324.899109 
18.324291 502.157532 
451.004028 407.033447 
514.091614 536.722839 
97.522469 492.528229 
347.084015 470.586365 
254.977127 308.359283 
576.969055 520.424927 
17.073116 520.467834 
512.981262 316.481567 
58.773457 533.991028 
17.847837 558.979797 
306.911621 298.890289 
488.603790 420.876862 
253.895523 285.751282 
190.665833 433.395691 
247.269180 257.630951 
121.077553 579.619202 
579.654663 562.869446 
321.654846 500.432861 
58.890270 525.991882 
329.244507 312.313690 
16.826855 320.287537 
511.872070 579.195129 
321.399689 409.444244 
36.486141 576.883545 
496.017639 438.636780 
83.420036 413.192810 
578.795959 186.991699 
103.048012 491.270386 
298.459015 472.414795 
504.937286 465.698273 
95.500114 452.345093 
58.130981 577.986328 
17.094088 552.973083 
71.039169 330.572754 
497.089233 420.017853 
18.716377 455.126007 
48.492661 579.378052 
449.643188 578.893494 
131.002792 500.712891 
400.109650 448.546997 
491.540741 484.792847 
422.699524 462.070831 
578.360718 442.698730 
236.778488 228.036270 
413.034698 456.159790 
579.348022 579.573669 
57.278969 529.653015 
58.300381 557.119385 
484.386017 457.152954 
83.409988 580.189087 
85.805695 506.766296 
577.450195 573.844543 
105.783226 524.411133 
577.062500 170.196503 
506.938965 363.893341 
149.471939 537.631653 
17.478207 441.096130 
229.599686 525.018005 
436.913452 271.317108 
282.224243 335.999603 
82.860291 348.499939 
100.314377 524.981140 
576.796082 167.721405 
20.138748 424.966492 
37.360691 446.135437 
486.744812 463.651459 
296.166046 441.200867 
506.448486 369.619598 
19.208136 580.485718 
190.703308 353.137878 
175.486893 577.701233 
51.107105 543.201233 
579.126770 484.160431 
320.473724 436.274902 
468.390778 387.604095 
310.191650 435.115997 
37.287781 358.696289 
410.397003 579.441772 
16.643414 278.997375 
341.413361 484.540131 
65.186600 347.225983 
483.723877 424.692230 
501.176971 445.247559 
110.911736 500.911743 
23.687483 269.094360 
95.582542 494.272491 
202.761322 539.500671 
16.924866 439.450958 
18.761841 465.343201 
398.886902 516.500244 
577.472900 506.068970 
263.995361 371.088623 
514.975769 465.309204 
73.402985 535.689270 
529.530579 479.314056 
162.601074 520.800415 
410.282684 535.731812 
414.392853 533.647949 
180.286392 508.753784 
16.515802 571.025024 
61.927425 318.014099 
313.495361 463.017792 
325.674805 461.042084 
331.641174 469.687775 
166.051514 506.561066 
191.464218 332.943207 
400.552917 64.881058 
204.844391 565.529175 
578.667480 133.330261 
325.295837 407.709351 
81.176926 509.160461 
16.740715 471.081177 
32.097649 481.999908 
286.056488 335.111542 
120.644653 494.335297 
277.041962 457.817413 
42.275684 490.272125 
257.366058 446.409271 
505.840912 308.953705 
133.897156 532.708740 
70.837486 455.152588 
190.985565 342.799011 
195.354736 351.323761 
243.043030 448.960724 
295.892456 444.648651 
578.472900 404.039703 
305.175049 461.218109 
518.699768 486.425629 
196.824966 334.673706 
180.663162 512.929871 
54.847446 439.162537 
61.068432 367.309265 
269.882568 465.711426 
312.620605 448.935059 
520.967590 541.810913 
249.297241 249.266891 
188.949585 541.506226 
261.739319 276.396667 
337.847290 466.194214 
356.256531 488.756348 
569.623657 577.572327 
345.560944 420.822449 
317.813385 305.711578 
207.408218 558.209290 
17.062054 359.687805 
50.768200 416.609283 
100.025566 577.574890 
80.491638 433.099121 
165.546829 577.575806 
337.233459 356.282837 
339.066620 412.800079 
49.125237 578.876648 
133.370636 430.209625 
344.910950 471.795013 
195.549164 349.241211 
28.010872 375.461060 
52.217251 425.930695 
33.926041 282.509003 
213.464462 573.701904 
184.078201 516.733337 
545.646240 452.565643 
79.181702 463.706482 
355.061829 482.075562 
188.297531 510.675507 
194.573715 578.889832 
199.932892 536.672241 
60.000000 450.000000 
17.730886 388.418457 
81.267952 473.909668 
85.739998 402.505310 
335.385681 315.592255 
235.300171 538.140015 
253.815002 526.312134 
93.675781 359.367035 
348.026367 423.945862 
303.745911 396.096924 
99.598015 489.598022 
280.964111 444.282440 
371.348602 492.416687 
375.617584 579.507996 
184.455811 547.557312 
523.576172 511.327698 
394.115143 442.883759 
189.141769 458.896271 
192.610687 539.894897 
279.060913 448.112885 
578.953735 518.264099 
124.992584 525.742615 
156.173157 394.042297 
204.302200 568.526367 
219.034592 564.212341 
21.026966 263.723206 
403.174469 580.009644 
16.677567 315.346436 
93.221962 578.125854 
229.365250 534.930969 
154.770065 580.016418 
197.262726 579.794800 
493.337036 466.350433 
85.311447 432.784607 
580.368530 145.199707 
17.799837 340.856262 
447.900024 394.944153 
213.646973 153.573792 
94.967583 457.875885 
308.544403 236.089005 
162.555420 508.664642 
545.978088 579.606812 
258.878601 521.001282 
302.276184 296.926392 
35.044762 343.095337 
392.601410 444.784790 
267.779877 511.406189 
381.177979 441.602875 
190.799118 428.397888 
132.377457 481.987122 
580.202271 538.927185 
265.567749 335.922791 
267.742432 315.978912 
260.994263 302.928406 
16.985744 346.082520 
528.767273 479.481476 
275.924438 381.083801 
88.669502 462.433136 
579.567566 165.998444 
262.778076 566.779175 
97.269981 439.311584 
30.461206 280.564392 
17.663160 502.241119 
112.867912 580.317261 
288.828979 440.513611 
410.781250 379.692719 
21.328766 537.866699 
26.104263 530.882874 
275.061340 448.171295 
487.298584 438.083191 
577.519287 447.986298 
351.239441 360.322266 
190.849976 453.213989 
193.818802 461.743500 
493.209167 482.117462 
506.538177 579.643982 
299.014893 451.769348 
130.889740 525.295532 
214.307175 430.509186 
54.139935 543.275635 
276.439514 580.283997 
166.338348 579.526794 
493.747314 455.633575 
87.567581 497.452972 
578.841675 206.676666 
577.094604 173.864349 
503.166504 445.635834 
504.676392 512.988159 
16.560177 535.794006 
69.207466 346.770630 
35.206451 547.648987 
158.744232 577.381897 
128.513596 489.762054 
182.462265 466.448090 
19.944572 437.412262 
78.717270 341.735138 
487.222992 468.448517 
441.294250 579.571960 
490.918182 470.424286 
319.955597 460.060577 
363.874420 367.057648 
158.795593 524.238525 
19.031456 60.247200 
326.260864 434.897583 
329.507843 494.125977 
94.270004 577.318115 
25.360434 271.694519 
577.049927 153.023422 
170.549911 577.477478 
16.516855 424.019409 
145.139099 576.994080 
32.093605 435.600525 
19.491817 478.961426 
577.198242 527.965027 
133.539169 523.539185 
27.642849 468.686890 
513.693481 485.085327 
321.298401 456.843170 
308.455780 450.799408 
523.425232 476.230804 
329.061493 463.764282 
469.490021 286.404602 
16.656189 259.596741 
247.700500 467.978607 
228.969788 409.767883 
212.924377 374.876465 
46.529453 401.667755 
333.451324 471.297028 
578.173401 127.153191 
319.955750 404.223511 
217.521118 350.268555 
260.714111 568.597229 
200.759842 558.278870 
16.852097 489.896515 
285.398315 347.928619 
209.813965 570.817139 
486.034882 558.814148 
18.036743 377.012634 
251.274582 459.747620 
158.504791 563.924866 
150.996063 541.842590 
154.546036 529.376404 
401.386780 524.841187 
355.502594 387.428467 
70.626930 465.029358 
323.324097 458.848083 
195.589554 349.721252 
266.108490 427.943970 
181.194778 524.647034 
56.003838 449.824829 
18.642845 110.951714 
306.829010 394.740021 
76.892624 510.709442 
128.805679 578.168152 
54.909283 399.387634 
516.555176 579.439941 
301.034882 549.883606 
16.535051 380.042999 
63.035847 443.922028 
245.501846 471.254059 
81.779411 429.418640 
140.952347 526.546631 
18.888756 415.625793 
190.587875 293.253723 
192.313889 334.029327 
30.802197 388.587708 
176.783813 507.761993 
202.921570 339.005829 
177.541763 511.663605 
52.775009 446.564941 
260.994934 454.362122 
105.827934 579.538147 
516.932129 467.290985 
297.849548 392.247375 
184.892380 523.567993 
59.933361 384.009369 
269.663940 445.134277 
311.647278 435.472107 
79.926727 467.210693 
249.583221 267.537231 
165.833084 464.115082 
577.661682 131.261200 
421.602020 460.953735 
187.716873 559.672424 
495.927917 579.903442 
93.257469 577.761414 
363.894958 497.041443 
217.436035 536.777649 
56.321491 366.080750 
43.829227 580.033997 
190.830185 185.378220 
110.288147 579.635803 
83.729736 449.481018 
128.566544 509.755066 
24.135452 418.097900 
231.472870 553.184021 
288.992279 386.391357 
89.248680 441.588562 
433.546844 578.971069 
155.131973 452.634125 
240.767548 543.815186 
444.564789 578.489807 
266.364075 449.761780 
100.939667 360.734375 
72.296051 493.023438 
374.760651 395.878876 
183.590790 501.096954 
306.707764 332.734985 
314.610168 402.256989 
522.747009 499.766510 
173.141418 504.627777 
188.933868 525.788574 
568.246948 19.703552 
578.484192 496.268402 
251.692917 273.822571 
323.451263 308.761658 
18.185764 278.613708 
86.831139 575.361145 
16.581581 300.073883 
227.335892 556.364685 
246.912628 535.303284 
81.689201 490.477295 
87.205803 454.310913 
104.937531 431.618408 
237.609299 547.215332 
253.080399 580.473755 
577.017273 403.120361 
91.685608 483.341583 
347.469208 476.129791 
192.282288 291.464600 
261.560150 517.123169 
97.846558 471.192627 
71.279129 424.372284 
286.266449 488.039154 
376.744415 437.283356 
181.666809 469.238434 
182.312378 533.239929 
19.093071 511.524994 
22.354755 577.337708 
37.441780 501.255432 
17.477818 462.496948 
394.829071 578.437988 
442.449249 471.334900 
580.231689 535.118286 
109.624199 356.759613 
416.313507 577.016541 
471.963135 523.946106 
73.316338 576.653809 
16.535276 295.806580 
477.015137 468.020935 
495.200256 484.054962 
579.598694 161.631073 
19.112564 324.095703 
301.490540 468.196259 
387.385284 439.921875 
264.771545 514.420349 
284.981049 453.815887 
415.770142 394.225128 
19.264513 551.741455 
314.443359 322.702789 
525.166260 508.578918 
353.123047 421.563812 
190.755615 447.844055 
401.484070 492.886353 
247.021240 258.343933 
44.505371 550.942932 
579.764526 557.607727 
468.519104 385.226746 
61.712902 514.214478 
523.327820 509.364349 
496.680664 440.859711 
85.119125 518.963623 
472.660461 404.650543 
578.748413 183.694916 
520.436768 466.452576 
505.081055 449.357788 
58.306202 565.987610 
16.892796 557.975769 
265.575012 511.048218 
265.116058 422.898804 
66.445213 435.355591 
183.210861 466.729065 
19.931385 448.921631 
73.178589 468.298218 
38.325027 439.694824 
488.599457 454.192535 
392.740875 463.084564 
382.446960 439.401703 
192.433350 443.515137 
489.339752 462.973816 
422.678040 462.303436 
263.277130 313.744293 
511.168945 443.836182 
323.308167 536.845642 
157.307098 330.127960 
255.055084 245.786316 
578.415222 573.454407 
310.472809 461.617554 
274.108459 377.369385 
27.073090 571.217407 
327.116852 455.430328 
223.086487 401.686493 
478.934906 390.571411 
483.713013 451.668365 
81.514061 576.962769 
501.165466 439.001709 
577.487793 579.487000 
104.841499 525.798035 
148.659332 577.384094 
234.462646 355.923157 
195.645950 338.211365 
193.506348 207.595505 
16.809547 444.988403 
72.622490 332.382111 
17.935528 493.123444 
36.903191 440.849670 
181.981979 517.092224 
577.296814 530.618896 
425.321320 578.701538 
18.168457 573.844177 
191.249557 438.794525 
46.264431 467.286652 
258.454865 369.904388 
303.362488 444.753784 
159.491043 503.809937 
433.292511 468.120392 
307.546600 438.267578 
498.087769 398.901398 
76.134293 555.287720 
79.623184 498.994537 
497.810852 441.450104 
335.101471 458.715271 
341.195007 520.309692 
395.489105 523.075317 
96.191383 501.894684 
288.291626 386.192749 
84.350563 494.654541 
17.278778 477.804840 
72.564079 336.381683 
87.974167 349.962128 
19.706200 457.784943 
577.468994 510.760681 
509.415771 450.696045 
191.602493 396.365417 
45.056438 436.707458 
300.636993 354.351044 
515.346497 467.399933 
180.780594 502.761200 
16.787003 575.175903 
308.412079 399.299683 
314.260498 459.487671 
327.428040 462.899109 
53.554794 464.644409 
30.384041 114.466164 
241.328491 265.091492 
46.259857 421.100098 
180.102997 580.263245 
319.308319 419.155762 
404.460785 577.519897 
348.608185 320.527802 
328.395569 409.593811 
294.715942 439.520966 
17.073215 471.892242 
490.625305 516.136353 
120.081261 501.269775 
257.027069 572.666687 
218.060562 150.547440 
145.031876 539.437683 
18.152088 358.352600 
523.310181 494.628326 
191.311676 355.789795 
242.053482 430.315796 
176.378693 499.955750 
51.943493 468.305511 
580.315063 395.969421 
519.470276 483.624023 
161.035706 566.455994 
20.342419 19.301323 
234.587143 261.805847 
523.568481 543.772827 
41.142303 355.522095 
166.874039 467.461487 
501.352539 469.707825 
424.738953 327.378113 
580.483093 24.939606 
359.960114 483.644867 
156.234787 370.214905 
55.304642 378.452881 
331.865112 414.298462 
453.821655 477.149780 
16.819349 362.853912 
226.620621 537.840759 
226.679657 511.145935 
125.411888 524.223450 
446.751007 379.604248 
290.630981 388.692657 
91.355606 453.421509 
342.650940 459.237335 
26.751080 369.183655 
200.060974 357.594757 
205.476822 338.316650 
462.661377 343.953430 
70.092842 444.381195 
556.037292 579.832764 
416.183411 458.299194 
186.356842 503.159851 
57.897995 402.046143 
266.837616 426.876892 
275.374573 499.855499 
79.980812 450.875854 
293.194824 477.187256 
171.159836 498.955383 
355.180450 484.906952 
189.582840 503.499298 
243.819916 219.096039 
319.911469 341.620514 
361.384338 479.792480 
156.301163 366.867004 
445.702454 474.363739 
216.778656 552.245911 
469.697540 450.249237 
57.811165 457.413788 
348.276337 418.666595 
386.856567 341.933807 
63.193031 462.413635 
84.237175 469.474609 
88.692261 444.067261 
138.495102 577.190918 
72.022644 475.287415 
399.321411 348.958893 
297.114380 293.950317 
92.166893 422.563446 
43.711765 498.609741 
302.829437 394.798431 
74.549057 436.276855 
281.247070 448.186615 
284.692291 465.330841 
371.276550 460.704681 
77.312271 429.387970 
41.835312 291.887146 
230.155518 239.051651 
154.961761 378.646301 
276.746613 443.718964 
213.327835 559.270508 
425.708496 387.853607 
580.380188 511.342957 
155.784531 398.744537 
204.259796 570.486938 
218.035721 549.172302 
18.098051 260.987671 
307.760834 545.234131 
112.755791 353.117859 
403.289551 577.326477 
16.818581 282.993530 
155.334900 575.283020 
199.177017 577.474792 
496.483459 470.371765 
87.249802 435.945343 
577.225647 138.272598 
579.491211 139.873291 
18.143547 337.053406 
31.270075 577.793396 
217.539917 150.228821 
88.899963 463.740234 
492.484375 579.201904 
204.648285 364.723053 
16.626472 512.324036 
100.287079 453.893555 
73.315086 441.826782 
18.637085 497.579956 
269.989319 508.191772 
275.149384 439.243164 
252.321579 367.287262 
26.774628 559.122986 
489.381592 455.295532 
298.010529 531.368958 
553.585022 534.236572 
132.214447 524.417358 
221.899506 527.004272 
59.299118 497.994873 
267.099274 312.114380 
47.593014 415.821991 
345.901123 50.199924 
16.674347 348.827393 
479.457947 452.098267 
85.014671 468.721802 
262.993286 569.828552 
507.674683 517.824585 
89.731712 502.581787 
395.196106 524.637512 
401.420471 383.339600 
356.406311 473.515930 
17.361166 510.280701 
67.454254 322.853210 
493.708008 410.292358 
18.743973 535.096069 
396.112579 448.677704 
79.794983 368.162903 
294.661743 553.055908 
134.939850 579.364136 
190.725693 393.367920 
244.557281 277.524780 
492.585724 476.985931 
339.684692 49.971146 
579.877380 569.887024 
58.831863 529.991455 
273.572754 378.112671 
527.755920 579.892029 
328.894196 538.027527 
498.254669 579.463318 
479.806793 409.405029 
480.176392 463.026184 
339.639923 280.544556 
488.180847 505.596710 
341.705231 318.193909 
103.814713 476.740326 
296.540680 475.290771 
17.333742 541.977051 
511.135406 404.455963 
35.129597 552.911743 
280.440948 325.728271 
245.069107 384.531311 
17.835430 270.621399 
19.878883 432.649536 
38.851345 455.985748 
486.888245 474.631531 
296.977051 431.345581 
314.330750 541.850281 
27.011841 477.181488 
45.450954 463.723145 
580.223389 472.636688 
549.887024 580.429626 
579.085327 555.509888 
27.545012 446.547699 
471.674622 387.196411 
18.694733 516.679382 
93.869003 580.160095 
125.570000 365.354492 
337.587189 481.132263 
215.411316 377.745514 
95.163918 502.358337 
112.082115 501.386597 
488.346130 579.469421 
518.486023 326.329803 
16.650055 429.389648 
98.810883 505.482666 
501.893738 365.796906 
432.361542 78.418816 
398.902710 526.141235 
40.019188 449.124146 
577.003540 514.110962 
507.805908 448.396698 
190.959671 384.297150 
313.401001 456.851196 
320.676453 450.573181 
