205.485626 396.059784 
16.541115 557.709717 
293.415497 455.528503 
307.492920 426.380035 
53.684574 446.864807 
409.560059 518.240173 
413.726440 460.642914 
196.140930 351.768005 
192.512344 551.664917 
571.245117 400.792816 
100.659698 476.454315 
418.310394 504.446106 
241.488312 538.329590 
89.243431 482.875793 
105.254875 495.254883 
110.911736 500.911743 
192.783005 489.519806 
16.516634 430.003571 
239.182968 537.820862 
16.907419 344.525787 
235.328339 455.620758 
367.941986 454.348907 
127.882317 517.882324 
321.257843 404.988892 
339.489319 348.808350 
455.468292 507.904144 
45.843418 456.929138 
153.338181 543.338196 
384.008026 476.835449 
199.098618 574.863770 
400.900848 464.437500 
288.992279 386.391357 
72.978073 462.884644 
306.332001 401.167999 
60.525555 339.525543 
413.286072 524.025085 
428.871979 501.980438 
168.569336 555.932495 
102.922615 513.943115 
420.095612 517.174744 
439.641541 534.057861 
426.933624 475.235626 
454.841278 580.489136 
424.812378 475.757568 
16.539484 359.786652 
445.483826 517.952026 
554.102173 579.696655 
543.015686 580.456726 
74.688713 393.829651 
155.145203 576.797424 
17.398663 382.854095 
38.383980 427.510315 
86.350800 368.464447 
455.787323 526.230347 
403.768188 514.790283 
243.102463 419.753998 
62.525951 397.837799 
30.802197 388.587708 
224.668472 526.596802 
345.560944 420.822449 
200.155426 579.141113 
252.296234 411.024719 
254.917328 469.619415 
35.893044 286.705017 
155.229675 451.825287 
330.004730 441.957794 
181.640305 533.039795 
72.750412 577.633789 
45.441471 297.672913 
433.202454 484.120636 
165.877396 562.013794 
439.395050 500.274109 
231.507324 544.528809 
418.693878 475.908844 
57.547661 394.053833 
523.633606 479.124908 
40.668533 526.501343 
210.924255 517.243469 
58.247120 446.145752 
185.954620 578.157532 
75.702599 432.165283 
97.157280 578.469910 
235.420044 497.067169 
324.652283 421.947235 
240.879837 524.213196 
211.691940 544.007019 
67.224991 453.435059 
344.538177 449.534821 
200.909653 549.881409 
129.269638 372.573456 
172.052505 517.483215 
54.563156 389.420319 
19.262672 488.424805 
487.271759 488.121887 
41.010433 290.282898 
155.578033 397.529022 
157.396072 448.497284 
354.461273 458.245087 
580.043213 19.081345 
70.870087 558.278564 
434.039795 520.669800 
577.614502 123.230743 
96.499512 357.512329 
297.647308 467.437988 
186.601089 537.684875 
418.465546 458.403168 
49.721523 308.481720 
54.968819 439.732300 
16.522661 283.602966 
142.024460 532.024475 
250.849854 512.560730 
74.810600 453.517548 
82.467384 393.724426 
16.621603 324.261505 
570.729187 403.167786 
339.321106 580.173950 
412.388611 566.725281 
83.235260 446.341003 
90.790421 437.005768 
325.058472 455.886383 
162.784470 580.151245 
151.614868 564.481995 
190.833374 353.994202 
244.532181 521.377258 
212.279907 540.033569 
69.647850 423.937653 
268.893311 450.147552 
575.774109 551.763733 
18.318092 474.612305 
21.270359 541.866272 
253.774017 509.033356 
37.126213 463.031342 
489.125214 481.494751 
272.553436 409.538910 
45.593452 297.888947 
176.389175 570.020386 
55.798630 471.184906 
302.717896 469.460724 
155.375122 345.727356 
198.695068 556.416138 
142.740402 550.363586 
447.087128 473.818329 
78.244255 489.531494 
78.829811 455.502930 
17.005125 297.628082 
257.920380 571.993896 
461.667175 477.340485 
236.236328 505.025421 
85.356094 480.134674 
88.357979 447.064941 
41.849552 540.532959 
213.120270 569.467529 
261.142609 461.411377 
19.193909 510.456604 
21.374208 504.634796 
37.137295 497.709473 
564.841919 576.238342 
157.407425 407.968353 
504.297821 515.956177 
372.441620 451.353088 
513.498352 482.184326 
215.522400 539.089722 
164.735458 578.089844 
187.279343 577.279358 
579.877380 561.870789 
57.869808 476.785797 
155.737350 326.175964 
61.924931 318.767548 
74.766930 512.425049 
79.717583 484.216919 
76.227211 574.942078 
89.202431 410.963654 
55.234962 531.335388 
157.810013 573.310486 
105.599747 578.321533 
255.229263 580.424500 
18.740776 416.564392 
256.432373 453.584686 
269.034729 480.212067 
396.839844 580.453369 
354.168304 459.807220 
45.343933 476.506012 
48.078415 519.623047 
205.117737 562.861572 
144.852890 534.852905 
385.300415 580.462402 
292.212952 482.873260 
26.162670 526.883301 
564.832825 398.434418 
389.142151 475.661255 
172.017899 580.131958 
577.769958 522.791199 
97.753967 494.652374 
416.274506 485.587280 
205.470215 385.542572 
579.466309 482.203400 
186.523621 466.306976 
191.425842 449.152344 
52.173492 579.942322 
135.845657 578.947266 
92.123589 464.273315 
196.034241 562.008484 
209.478256 549.020752 
18.214920 453.912720 
248.543060 532.295410 
444.294281 486.590027 
178.794052 568.794067 
16.616245 530.554871 
396.729279 473.601685 
449.868805 529.090820 
162.882797 545.178406 
64.177879 461.044983 
301.575775 397.754883 
346.291992 350.686554 
385.145660 478.130615 
51.270573 458.233887 
33.474743 356.172607 
118.641579 577.974976 
409.637482 514.740051 
411.566437 484.093140 
193.160873 547.794556 
46.844997 405.204010 
99.598015 489.598022 
417.225006 522.759766 
250.708694 490.466522 
108.911194 500.132629 
422.917755 500.671387 
16.521513 450.809479 
190.790039 389.712158 
207.781281 570.446594 
17.062054 359.687805 
24.638023 459.290863 
35.609779 444.706146 
209.669128 343.010040 
203.669891 554.868958 
18.563114 569.752075 
58.773457 533.991028 
45.550018 443.129883 
31.960060 343.862671 
145.057434 503.154144 
397.613312 510.528473 
44.099987 580.224426 
307.272827 444.913025 
212.798279 371.578979 
411.617615 512.821533 
327.966675 456.828186 
190.953400 534.179626 
449.736420 532.869385 
316.879639 451.496643 
99.928551 493.526978 
418.204803 518.762390 
439.585358 530.067078 
424.624542 487.099762 
16.534061 345.093903 
195.682968 553.539001 
156.732498 566.457764 
20.097328 330.934082 
37.279804 446.947296 
18.204189 572.170532 
26.149689 387.306213 
165.000397 468.554810 
47.458015 440.587524 
243.331787 414.004272 
63.612495 451.717529 
66.962418 460.806824 
224.391434 556.343689 
383.407227 459.544952 
397.557495 483.549866 
56.462505 333.727844 
249.225616 422.144073 
293.192963 393.627228 
71.246773 445.815491 
390.196289 453.089111 
59.858910 390.782806 
412.662537 508.617493 
41.422745 407.945892 
460.272400 532.362610 
429.808044 519.047852 
48.804291 392.870239 
166.288071 575.159973 
481.528992 469.802063 
334.931366 442.951263 
299.692993 392.940735 
173.518112 572.951355 
418.599426 464.434814 
371.892731 472.092834 
107.913918 490.171967 
40.072762 547.390259 
208.995544 515.940735 
444.280518 503.014221 
267.965729 374.672943 
460.933685 514.840698 
132.213013 579.144348 
18.140598 364.139923 
191.210983 371.592590 
275.419983 382.120758 
378.001343 473.233917 
150.509750 540.509766 
121.446274 577.678467 
243.417084 502.163757 
244.872192 411.204987 
475.865295 500.249695 
68.056519 431.694489 
452.091705 511.692566 
202.144791 527.185547 
577.199341 577.032715 
73.876144 426.205231 
227.822891 523.654785 
155.574310 401.778870 
158.194016 461.717407 
353.906769 426.714081 
579.861572 29.761993 
181.981979 517.092224 
49.171207 531.015259 
256.992065 520.715576 
111.835236 577.106934 
84.342491 579.791199 
167.900467 579.233826 
332.948181 414.330658 
51.134785 318.894226 
57.864979 411.535004 
39.432087 579.173218 
81.915588 528.744934 
212.973557 513.031921 
59.885864 429.062073 
265.654419 377.123413 
78.212395 450.109833 
82.458984 413.827087 
101.325592 359.646973 
17.025421 272.103882 
234.255173 514.852905 
86.054802 458.937988 
89.712959 357.827881 
322.553223 462.138519 
151.635895 578.403381 
190.637100 348.147888 
94.841248 432.635345 
466.331024 503.205780 
578.478516 574.347534 
17.790873 487.799774 
22.969929 578.697449 
71.965767 385.329468 
196.279846 523.688782 
97.284485 375.579132 
175.965622 565.965637 
295.069336 480.014923 
336.853760 413.160034 
188.553528 551.316772 
205.944336 514.692444 
55.042767 457.652252 
68.514893 578.686951 
191.995407 537.940491 
58.025185 467.072754 
79.239098 446.165833 
19.411934 306.586792 
232.438446 552.184082 
84.246727 428.851624 
87.668526 453.432526 
393.933472 468.819611 
323.507996 440.248871 
470.053741 485.516296 
339.797028 445.996033 
315.624695 448.645233 
191.390167 338.133850 
285.668762 332.227051 
78.258255 340.109406 
349.342316 451.153931 
576.850830 535.484253 
18.374498 523.681824 
255.770416 393.609070 
487.077515 522.975708 
124.768639 546.296814 
419.976929 497.425842 
372.899841 449.523926 
277.438202 500.011017 
215.277710 553.882751 
241.093842 542.568848 
186.539230 566.759460 
580.227112 574.082458 
171.921036 557.289307 
112.866707 352.740753 
82.493546 441.630981 
140.068451 580.478149 
24.625523 272.487183 
199.596252 370.894836 
86.262276 463.806427 
580.410767 521.440796 
326.699768 462.059784 
104.964767 444.340332 
190.956482 375.943787 
17.281521 494.704407 
72.457214 328.808899 
233.350861 376.338806 
197.148041 532.321838 
27.902336 485.910339 
471.273621 530.683533 
578.627075 32.127174 
173.998276 556.601746 
54.744987 330.115356 
397.365295 447.173431 
57.666080 496.917816 
250.459320 389.559845 
83.926445 476.898376 
409.470612 475.764191 
35.887985 543.719910 
168.597366 579.633850 
95.687569 482.761108 
100.045204 433.106415 
36.320312 472.559296 
86.312561 501.280273 
104.776413 489.896515 
16.531536 506.965363 
94.910660 478.249512 
29.385273 519.561035 
147.097214 577.677063 
210.298416 528.912109 
22.510763 463.948364 
574.235352 579.673889 
18.106163 545.188965 
484.411041 521.108154 
41.386814 429.696991 
394.825592 454.610809 
206.279022 547.695923 
218.571030 559.500244 
360.550812 580.300354 
213.111862 572.646484 
118.640274 341.952393 
302.829437 394.798431 
157.472595 295.031372 
173.137192 563.137207 
53.531178 449.307709 
58.313889 311.089905 
36.804565 579.971619 
118.876205 338.363892 
313.458069 451.300629 
98.347626 513.061462 
556.507080 580.428955 
90.193321 473.441833 
56.578087 577.647888 
31.378757 560.366150 
452.144012 528.226440 
196.448837 577.637390 
18.768654 436.209839 
451.886963 475.796143 
47.022839 577.306152 
20.003054 579.896301 
102.700188 578.025208 
58.831863 529.991455 
374.191010 461.564606 
161.589401 561.942261 
64.093521 478.658020 
568.346069 541.675293 
50.954262 441.358856 
53.869152 310.134583 
309.732422 440.695587 
424.119629 532.312378 
269.773804 506.694550 
179.102875 576.972961 
410.868134 464.915070 
195.600418 358.400635 
429.524139 478.794037 
100.433563 507.527069 
416.029694 506.305573 
438.741211 478.105408 
438.495422 486.167847 
427.111725 469.870789 
16.507366 430.500641 
74.817085 370.277863 
82.525497 347.403900 
239.822327 540.387329 
18.620287 342.544434 
218.417191 432.861145 
238.161163 410.020691 
321.867706 405.753510 
455.960724 501.790955 
397.219086 510.844360 
280.348572 381.281830 
63.222603 442.677795 
384.001587 475.523926 
200.005966 570.229431 
471.299500 535.006470 
73.292473 464.943542 
307.174683 396.784851 
181.622482 571.622498 
426.439056 505.011566 
434.022705 472.664581 
177.141663 536.185181 
99.424721 512.483704 
331.750763 458.904297 
220.159515 347.407043 
436.305817 467.154907 
450.494202 536.112854 
520.664917 479.150116 
38.235386 553.588684 
425.608643 470.528778 
211.168549 436.584686 
154.770065 580.016418 
104.838974 505.304565 
17.357269 380.345947 
22.214607 370.525269 
45.959019 534.562134 
378.585876 462.565857 
31.888943 283.945953 
47.977375 424.712585 
365.195618 392.875427 
94.866188 356.152100 
190.787308 476.864807 
346.899719 423.976685 
201.902191 538.158813 
167.102936 520.425232 
403.188751 499.127411 
16.550901 425.411469 
262.697510 564.968506 
33.782574 281.433502 
154.572006 458.781281 
329.711761 443.519928 
180.802765 534.573853 
71.215225 580.227722 
219.356003 537.208496 
431.294159 479.023285 
317.164276 406.767975 
338.370270 451.346436 
418.623566 482.572815 
56.667347 398.880707 
258.311310 514.723389 
405.063477 474.576904 
16.503445 392.683929 
59.599087 457.160095 
184.450912 574.450928 
76.351913 428.421265 
80.019180 370.042267 
228.045395 528.681091 
133.328384 487.024017 
18.360931 282.609863 
559.902100 578.392761 
318.731842 447.615479 
247.853775 394.693634 
212.296844 546.331360 
69.966400 448.529419 
347.088654 453.825562 
199.105865 544.418701 
578.101135 560.093018 
171.836136 524.291626 
23.299437 566.514832 
254.360870 502.393738 
35.711277 322.730896 
491.255219 521.760559 
157.256760 443.203003 
354.028595 444.524109 
328.395569 409.593811 
410.015045 454.852173 
221.244080 546.867065 
576.794128 124.728317 
40.301643 393.770569 
186.366974 541.440186 
50.593750 304.462158 
440.461395 471.883636 
78.882507 578.089722 
81.958244 400.827515 
16.854582 322.593384 
464.539368 487.022919 
89.991394 438.841309 
325.288483 451.367432 
345.526886 460.885284 
343.278442 439.878082 
191.025787 332.435944 
244.279068 524.060608 
211.490417 576.520874 
424.674988 522.213623 
255.602951 525.720093 
577.250183 554.611877 
19.788643 470.573883 
252.305878 482.686554 
290.645813 335.605896 
35.430473 489.809570 
564.360840 568.492920 
508.355927 464.668304 
353.374237 422.735840 
359.766205 459.233276 
58.013836 370.862213 
260.531769 409.521301 
48.251343 299.278595 
177.858810 580.076050 
116.703430 486.486847 
56.443668 475.043640 
25.751577 580.360291 
80.961929 574.991394 
16.500618 314.817505 
478.295929 482.382751 
142.216293 563.644348 
77.175209 486.124878 
466.462219 491.694153 
95.874313 439.915161 
432.238983 526.598938 
43.599216 537.706116 
161.339249 579.415771 
64.721359 357.337921 
30.901909 477.446289 
262.844360 467.035095 
265.082916 417.213928 
579.137085 35.329903 
254.106949 574.921021 
366.652557 457.328735 
256.179840 413.123962 
38.202442 485.759186 
232.110291 355.095367 
575.422424 405.797363 
43.235027 518.524719 
17.671522 99.528198 
101.157585 362.134186 
294.766449 393.604279 
190.107773 580.107788 
53.150749 509.634949 
580.078613 557.440308 
391.349396 481.401733 
169.714890 541.786987 
59.240711 501.994446 
35.071190 556.911377 
86.002556 514.457275 
579.601746 507.431793 
301.006439 468.383881 
187.769684 459.303558 
360.570251 444.633636 
64.065933 319.467224 
107.496277 580.436768 
18.158028 412.780884 
35.954750 399.425171 
38.220085 466.023102 
310.507355 580.480896 
19.295053 558.231812 
99.662170 553.795288 
196.439545 401.105835 
42.275684 490.272125 
279.109497 443.585297 
265.435699 567.032959 
579.942505 101.003036 
385.199005 470.944305 
315.809937 459.137482 
108.432579 356.707916 
304.896912 416.310211 
307.145325 464.716003 
392.741669 468.098785 
173.720871 568.881592 
35.021149 562.371155 
315.382111 445.860718 
97.272484 499.167145 
211.850525 415.753876 
204.428879 390.943420 
87.471367 508.975861 
468.812042 481.983063 
52.642094 578.099976 
29.218918 403.498871 
197.669632 565.324219 
112.473854 500.618774 
207.532196 542.568848 
20.038376 448.248291 
251.769241 527.797974 
40.664383 493.933228 
204.453094 550.587341 
33.818592 315.122253 
17.967047 527.377808 
532.711548 580.464905 
205.148849 533.322632 
246.254196 364.066925 
63.304935 463.917480 
79.449524 341.558380 
539.737366 580.475220 
52.502151 452.789673 
305.816650 446.492188 
78.536301 507.549408 
405.990021 512.439453 
195.139496 347.301422 
191.439545 542.781738 
310.929138 436.496338 
102.315201 487.348175 
414.932220 519.160583 
88.663872 489.269348 
579.641663 450.929352 
105.520996 503.654999 
108.479088 492.797028 
224.366440 354.036194 
428.951874 525.721558 
16.536690 451.213135 
213.650513 395.431946 
195.447174 528.128540 
236.997574 545.939880 
207.239029 580.285583 
16.614269 354.644012 
372.368347 461.785492 
574.721924 550.713074 
17.076527 562.945923 
137.334351 516.319885 
58.526222 580.145813 
42.824821 413.875122 
48.011513 449.474487 
51.364040 424.232788 
72.875214 468.609863 
504.671326 449.899353 
213.351532 376.265930 
165.009872 563.821472 
56.768654 537.454529 
314.256500 401.019104 
89.252853 579.817993 
419.070343 522.864502 
437.810608 469.594513 
439.030487 528.546753 
424.742401 467.470886 
198.567535 555.610107 
116.568596 506.568604 
17.014484 393.001221 
86.105034 376.849976 
108.964005 579.373657 
395.319183 461.043335 
241.779434 409.951019 
65.316994 455.977417 
227.474289 551.051331 
16.545128 572.573364 
250.605652 420.710449 
139.196030 529.196045 
61.999546 388.906677 
257.222046 460.402832 
460.364197 536.945374 
426.318817 525.214294 
331.763672 409.544617 
57.897995 402.046143 
519.311035 495.758240 
446.829987 507.469574 
265.345154 371.927734 
130.326294 579.977356 
19.818314 361.555756 
24.206249 386.305054 
217.277359 520.385620 
232.890869 507.575592 
273.572754 378.112671 
469.320679 511.207031 
321.795685 452.736694 
576.891479 405.398071 
122.232979 579.767334 
243.527649 515.783386 
285.292877 385.379425 
62.258320 420.993958 
66.246025 429.151306 
495.905548 514.988770 
572.479309 17.459959 
577.153137 579.807068 
23.606472 567.324951 
155.729767 408.527283 
579.666077 28.791401 
175.592560 478.087708 
220.710175 550.412964 
114.430031 580.024292 
82.908348 578.029480 
366.994263 359.548340 
509.848206 497.541412 
334.171844 410.303833 
335.219543 434.583862 
104.912125 359.229584 
428.421906 480.962921 
262.018066 569.488831 
497.817627 457.351959 
155.579346 389.980469 
46.200260 154.617157 
60.116814 442.000854 
185.203400 556.041748 
74.995697 444.420654 
82.146187 418.404663 
95.401115 401.279480 
16.731438 268.947845 
221.561035 525.451355 
235.719299 510.403961 
83.976974 451.051025 
472.180786 525.306946 
323.821228 449.415619 
444.902283 531.607788 
342.139343 418.248138 
151.214233 574.047974 
190.787155 343.827515 
245.762970 512.081482 
213.050369 532.033630 
66.852570 400.074341 
22.113750 579.412659 
256.160858 517.812744 
206.439804 570.211853 
157.265030 429.454010 
338.908600 414.934021 
187.418884 555.353516 
57.117458 445.402954 
70.157913 538.469543 
438.257355 527.520081 
52.122593 505.037781 
78.000061 480.604431 
79.980812 450.875854 
98.571030 429.506989 
16.585567 302.513489 
24.668444 296.477295 
234.705658 546.232483 
237.319321 514.080933 
324.442993 438.430847 
16.507441 485.003784 
214.376892 562.747498 
104.359673 556.558533 
343.870850 463.788422 
349.454224 450.774933 
16.637882 518.240906 
255.247665 398.112396 
35.284058 506.939484 
112.747208 538.562256 
42.644333 517.075500 
277.457581 500.691986 
284.205017 478.320251 
174.241531 533.081604 
215.279068 548.240967 
383.291565 451.409393 
580.367554 568.757324 
519.753479 449.829041 
27.820263 565.823608 
157.371323 351.062378 
173.628235 544.845703 
143.123047 580.311584 
85.287468 462.022705 
579.962158 518.823486 
42.952477 550.604492 
16.503313 515.227783 
31.113134 495.907257 
17.058336 424.803375 
301.400604 393.758728 
72.622490 332.382111 
38.792221 467.862610 
232.125305 371.284943 
127.734276 579.495728 
45.719620 509.601318 
205.553818 571.101318 
542.313538 520.439148 
54.278206 517.639099 
467.505463 531.529541 
390.226868 467.315887 
197.912872 369.336151 
81.267952 473.909668 
311.839935 459.689545 
577.294373 515.254700 
96.431694 488.194916 
140.448441 548.042664 
198.694733 335.195740 
89.575447 499.928833 
360.958008 459.954071 
94.560417 488.853210 
145.635971 579.345642 
60.000000 450.000000 
17.643929 393.561035 
36.516590 414.049622 
40.325207 515.415161 
59.572426 498.068298 
574.683411 578.399719 
18.016670 540.326843 
41.937523 441.412354 
203.905701 535.632690 
246.412781 381.513885 
240.838455 406.298553 
277.746338 580.447937 
51.164188 464.939514 
402.518372 449.289093 
291.177032 459.742737 
305.364899 399.189056 
63.568138 580.045532 
36.243462 578.969727 
197.905746 335.058441 
311.051910 455.763336 
578.676636 479.743011 
554.727173 578.823425 
414.642639 464.340363 
77.910797 580.077820 
203.860168 374.755951 
88.189789 461.824585 
54.335526 580.112488 
428.324829 466.330261 
454.880676 532.835327 
224.827438 349.919525 
190.506149 427.658142 
362.154724 455.754974 
16.548958 405.938782 
93.221962 578.125854 
196.754608 579.984863 
116.543144 417.650330 
19.657501 430.832977 
33.863258 452.242981 
40.551170 409.769836 
235.712128 411.961609 
572.075439 547.390198 
48.011353 580.472656 
17.489452 577.727600 
138.480316 518.476196 
58.890270 525.991882 
375.592896 472.284943 
41.760296 396.684662 
435.278595 533.914001 
113.222969 574.933777 
422.719971 527.445984 
179.454712 580.312988 
413.725067 468.847992 
191.098709 525.568298 
574.868530 405.747070 
316.644897 460.109222 
554.771240 548.626587 
416.573700 501.559906 
203.863785 338.150452 
437.234344 490.191956 
424.587036 476.563904 
53.789387 530.883728 
264.510071 370.629089 
198.331833 544.478394 
237.323044 527.598938 
31.701712 578.976135 
16.828466 338.814301 
455.031128 507.623260 
31.696804 280.769104 
278.724335 385.229431 
70.305122 471.674927 
300.542877 450.177338 
199.949539 565.088623 
398.355835 489.044403 
70.837486 455.152588 
178.514984 545.766052 
220.975937 560.544861 
194.083298 566.116211 
431.557526 470.333893 
332.715912 453.642822 
220.368607 348.466370 
314.621124 580.258545 
420.960510 475.137177 
481.074554 528.276550 
107.941788 483.987152 
39.729874 557.926758 
50.726555 245.397079 
61.550468 400.781067 
16.623993 375.455597 
23.932125 374.137756 
578.962891 28.243202 
47.786381 539.621094 
88.736557 386.616089 
320.796875 438.976624 
226.028122 521.614807 
455.665497 536.944641 
396.123657 476.790039 
243.628693 493.128693 
285.411865 332.451111 
91.180115 355.056793 
68.729431 441.766113 
264.013794 448.127014 
223.609253 536.825989 
201.506348 534.449646 
403.385712 487.211365 
251.672501 402.667175 
293.611786 390.616180 
34.374405 280.982971 
155.864929 443.511261 
178.485123 541.331116 
222.850647 539.252197 
315.966888 403.013733 
332.665680 424.126495 
339.132965 456.693817 
228.132385 553.671326 
49.971611 329.546936 
524.885071 484.387512 
60.460167 453.682953 
450.146881 522.747498 
185.970047 569.945435 
77.905502 441.676025 
16.643414 278.997375 
560.888000 580.394836 
339.983093 414.098572 
578.117493 147.970749 
96.825592 579.953003 
214.777481 553.592651 
66.658730 445.860535 
262.255798 413.659485 
268.245453 438.055328 
578.121033 564.520203 
173.433273 511.660645 
375.561005 470.973297 
73.146355 394.213318 
159.933640 458.103546 
352.073242 449.835358 
330.300354 410.631927 
256.943939 414.324493 
83.901863 559.108582 
96.789024 367.962097 
297.582367 474.932953 
338.154938 418.306854 
184.686905 469.810883 
189.738815 529.369995 
71.745018 362.244080 
202.769379 524.905884 
50.654263 302.040436 
54.450466 431.986633 
65.605309 577.876953 
78.685356 579.693359 
186.121155 538.677795 
77.108475 459.858826 
16.677567 315.346436 
256.697205 578.566406 
55.878700 438.613251 
82.886017 434.836975 
342.661804 436.133911 
41.886452 576.736267 
32.722565 320.072388 
266.720795 408.531311 
18.761841 465.343201 
358.448120 454.251251 
16.509808 575.884216 
181.980148 465.870178 
260.596191 403.496033 
48.903851 305.693573 
283.446350 491.314636 
176.763367 577.210083 
189.520676 574.718018 
580.069031 579.363281 
26.768230 577.144470 
305.329102 463.320648 
478.457977 528.804321 
59.123898 509.993591 
79.922401 432.851135 
443.811035 472.699677 
367.185822 463.552307 
216.951538 556.703918 
158.629547 579.002380 
46.379711 394.606873 
263.258545 467.816254 
267.986633 411.756927 
17.388878 504.044678 
254.639816 416.256226 
72.564079 336.381683 
276.581665 501.979309 
41.588741 466.880676 
64.874931 347.794128 
206.122589 575.823914 
281.716644 461.395111 
175.652328 547.743408 
380.948761 437.931213 
202.281509 401.004242 
400.632629 456.093567 
193.706131 579.312256 
382.703064 580.392944 
495.699799 451.244232 
392.489288 477.695862 
171.003464 528.731384 
33.339642 551.123657 
461.911102 423.897644 
81.674973 460.305176 
388.432404 442.391144 
96.665115 475.806488 
218.773407 351.270142 
434.165497 533.125244 
89.075577 504.305817 
105.028061 431.376404 
93.670998 504.105865 
32.607876 512.238770 
230.779236 353.831848 
17.573605 407.573547 
370.137726 456.688751 
35.165703 396.176819 
574.465210 574.107971 
20.430012 553.792603 
195.328186 401.522919 
43.886986 486.611023 
394.412537 444.889862 
576.413391 16.759056 
217.370712 569.266418 
265.035339 564.575195 
386.762817 474.731537 
404.973236 453.375092 
108.793129 355.755676 
305.775818 405.496643 
310.140228 461.270203 
207.712906 379.153870 
310.908356 444.614105 
98.889313 503.094086 
99.511314 444.979126 
416.911621 476.941437 
200.689316 354.274353 
407.990265 454.651276 
106.019073 460.062378 
144.423111 558.654968 
452.000092 536.201477 
190.738831 457.367615 
92.174355 474.478241 
145.355881 563.345642 
198.461639 569.487854 
210.333176 557.213074 
19.162498 445.756927 
122.225456 512.225464 
579.243591 398.906006 
16.508968 554.436584 
293.072998 446.350769 
306.076111 449.112274 
309.616577 432.415955 
410.972198 492.068054 
455.591187 516.881042 
76.866409 578.466248 
192.484665 554.948486 
313.431854 441.707489 
88.782227 578.958557 
335.007904 459.922791 
414.054932 513.702698 
86.978706 479.638947 
29.434021 579.322571 
109.446854 508.722412 
428.419373 531.126160 
50.833763 544.297546 
387.363770 341.961884 
75.436157 360.023499 
208.852173 576.934021 
17.157631 347.931183 
368.964874 464.184021 
451.884674 475.983948 
18.042852 560.839844 
58.130981 577.986328 
43.979305 411.269592 
285.128937 441.219025 
65.978600 433.736298 
223.961655 558.970215 
566.929443 576.386658 
169.189041 490.631500 
57.449062 311.186493 
570.597717 401.180115 
182.012970 565.510864 
411.236633 519.026550 
191.184738 578.287598 
311.892731 403.029358 
166.940018 527.478821 
223.013580 352.798279 
418.083923 509.858734 
437.360016 474.597504 
422.944397 462.615997 
554.368896 578.925476 
117.722252 503.045563 
133.539169 523.539185 
19.842304 385.202087 
47.200428 528.890869 
110.039482 577.488831 
210.896118 370.762970 
457.849854 533.786499 
394.444366 466.071014 
47.451874 412.724121 
224.143799 531.030518 
199.530014 579.636780 
403.320770 505.029419 
248.471069 415.389954 
72.744453 435.488556 
330.927002 436.204285 
460.804657 538.303101 
43.442673 298.185730 
433.195007 484.659637 
365.807373 329.972565 
338.450531 461.267303 
230.192108 541.801453 
415.452057 456.794708 
419.791504 489.994202 
41.320724 541.047607 
444.797760 476.003662 
185.280212 579.388489 
75.800247 417.966553 
156.345596 550.751404 
317.044617 367.479950 
17.806623 290.126617 
222.212936 417.597260 
234.412567 504.334473 
322.055145 455.356598 
284.590363 383.585907 
63.496796 423.040222 
68.304642 456.947235 
495.597229 520.429688 
346.944336 445.072113 
199.379608 551.930908 
437.825775 532.463623 
170.378159 467.241089 
57.197327 386.061523 
37.259708 286.027802 
441.583893 501.885834 
154.127502 394.702332 
352.282654 453.603394 
580.025269 23.140095 
222.915771 557.499390 
434.449768 523.190247 
96.167557 355.644104 
337.097992 440.295807 
53.500774 310.890045 
17.350809 259.795410 
16.517532 280.616516 
61.996967 434.748779 
265.502808 336.294617 
77.341591 459.171387 
464.554535 494.470306 
16.720242 260.878265 
83.729736 449.481018 
92.490433 455.430115 
326.127319 445.672180 
445.294708 535.367676 
190.564285 356.591125 
245.902145 516.095642 
481.766083 512.877563 
263.972839 495.184662 
266.757324 452.802155 
17.432209 479.886505 
22.940067 534.205566 
252.940384 524.911133 
193.100052 570.133240 
270.004211 402.107178 
52.737339 534.172180 
259.357910 399.583435 
42.659702 291.276703 
46.682899 324.041382 
57.743324 446.995026 
79.522026 565.813049 
157.253128 391.945953 
361.429871 357.922852 
450.520325 476.557800 
79.597145 452.418213 
97.289764 431.002838 
234.649063 545.178162 
236.228745 502.997894 
342.007507 451.949524 
193.526276 378.701355 
16.519485 491.181335 
282.777222 326.871552 
92.323364 395.452911 
69.026154 366.480896 
114.875984 449.044800 
349.449432 443.969604 
16.654491 513.492493 
254.393707 421.995239 
565.318665 580.235901 
273.537964 500.071228 
409.618500 528.159851 
375.017242 456.961456 
434.291260 432.083252 
284.520905 472.299103 
215.716278 545.936279 
70.473412 347.182312 
382.490845 447.557617 
53.736111 521.124634 
214.353775 562.852234 
285.980774 464.000214 
400.400146 566.199768 
29.861160 468.563965 
16.509787 545.319153 
144.210373 578.848206 
213.992065 385.031036 
548.415771 579.709656 
200.623383 361.648651 
90.428879 424.956451 
103.497284 434.554657 
192.477844 417.402039 
93.850975 498.582031 
252.585480 579.061401 
17.949375 420.934265 
36.720524 408.741272 
41.311604 474.920563 
418.857178 525.634460 
126.723503 577.372253 
99.812431 447.997620 
203.589096 561.954529 
580.497375 537.576721 
302.505798 423.337128 
466.575256 527.601624 
423.871033 580.431152 
170.034576 576.740417 
82.535637 511.243530 
578.050232 517.293579 
98.602211 489.809021 
439.755341 471.136688 
84.274261 494.772430 
187.841400 460.151489 
190.698196 401.478485 
362.836456 465.666077 
132.622589 580.016724 
91.901924 485.864502 
230.378555 369.883514 
118.219833 441.614441 
130.925522 421.259613 
17.611004 456.435852 
37.441780 501.255432 
276.734772 424.696930 
18.041508 535.674438 
28.859430 432.271088 
46.705261 476.731232 
206.070343 541.413696 
295.274109 445.088257 
567.797913 553.155945 
52.182343 460.364990 
326.450073 412.245880 
71.194397 513.782654 
116.637802 580.451904 
347.776611 466.417999 
409.037018 501.341492 
413.339569 478.446808 
195.773743 336.982330 
578.792358 480.856354 
132.598434 438.950775 
417.389465 461.341522 
87.077370 467.364288 
229.677979 511.084839 
424.853485 519.052002 
16.549994 443.772217 
570.800110 579.517578 
49.062355 406.523041 
49.693176 540.921326 
207.019638 572.940491 
16.650055 429.389648 
370.249664 468.673523 
247.850281 415.887238 
572.173706 542.387085 
83.371765 349.170105 
353.658142 580.325073 
358.998352 464.525482 
58.715050 537.990601 
25.736399 418.950653 
164.288223 568.340149 
47.975189 475.401489 
579.584412 563.432922 
169.223663 467.634308 
252.299835 459.309967 
74.217171 476.287842 
309.737213 447.500977 
328.108124 461.762848 
410.130188 475.171631 
427.787018 487.437408 
571.470398 402.793091 
166.203964 541.893555 
99.334908 498.146027 
295.256592 390.636108 
414.508942 499.381195 
270.417877 580.132996 
202.864304 340.231781 
155.666656 320.374298 
52.687294 528.415161 
264.304626 376.284271 
252.178909 523.750793 
198.390060 547.667480 
21.445044 399.624908 
47.669567 547.620239 
126.616287 505.601929 
62.507416 448.627991 
384.315338 465.844269 
201.212204 558.666321 
168.106491 506.061981 
52.085278 404.553314 
17.932249 20.525963 
285.753571 383.568970 
74.449982 456.870117 
38.671898 326.987976 
390.408142 455.323883 
59.471989 380.407288 
220.380692 565.280090 
192.062424 559.891113 
430.437103 464.864929 
577.525146 439.752289 
37.672268 403.037659 
419.722565 461.123291 
435.799896 522.866272 
579.452820 400.269928 
41.272915 542.227234 
237.783463 363.306976 
461.172668 511.673828 
154.216339 542.013489 
18.426554 369.240479 
252.142670 365.849304 
356.391266 460.499603 
380.113800 471.152924 
226.038788 520.483337 
48.291904 397.684845 
284.318695 330.847198 
68.704552 437.399200 
202.484070 532.015259 
292.192688 386.590515 
270.202881 443.613556 
155.836151 448.566528 
328.712036 451.359314 
175.242218 470.095398 
259.480652 521.866943 
431.456177 502.486298 
315.696777 400.944946 
339.269409 444.445740 
228.524338 555.769226 
438.656464 511.913452 
523.387207 463.762726 
390.773407 99.180931 
59.600788 433.395416 
183.313354 565.226013 
76.910645 435.616333 
466.566132 508.936584 
17.242401 274.520874 
94.943375 505.685944 
89.026978 354.500366 
326.190613 409.625977 
375.154358 364.758972 
153.049881 579.919556 
56.134922 501.317505 
213.282532 557.663330 
348.431183 420.174225 
579.037537 568.360718 
172.107758 513.195984 
357.524628 579.967102 
41.084003 579.444580 
269.208954 423.748627 
157.390427 454.946899 
359.528931 327.232086 
51.932549 427.074677 
181.574844 507.423096 
260.638031 413.412659 
197.808334 520.020752 
277.348145 464.064178 
297.477600 477.367188 
336.305725 423.758240 
184.918015 465.793976 
189.439377 529.830505 
56.590286 452.111603 
66.895645 580.331055 
16.504185 263.983063 
61.466778 485.186371 
185.130386 535.002625 
366.087860 360.318481 
237.559708 523.931702 
83.556244 431.013245 
86.935921 433.900635 
27.123688 304.668457 
343.139587 447.259064 
192.533646 341.205750 
91.608475 424.824921 
517.316406 580.498657 
266.576019 404.221893 
348.905853 457.342072 
578.713867 533.502991 
16.597055 462.763977 
255.060028 409.366211 
35.867069 482.610229 
271.518372 478.108154 
181.360168 467.795593 
376.194824 436.252289 
114.643738 531.701538 
278.607819 496.236176 
284.967590 484.538422 
298.483856 475.509735 
55.166096 460.983307 
399.462280 347.755096 
580.030273 576.223755 
427.780334 490.166779 
304.220520 467.414154 
225.483170 539.438293 
479.596619 533.042419 
79.137093 436.231812 
534.071960 580.482727 
137.152527 576.327271 
85.083954 468.824951 
28.325357 273.475037 
190.848160 361.320892 
93.295013 511.054382 
30.208241 487.575104 
198.262650 572.445374 
19.279087 500.242737 
250.901337 578.441711 
40.141083 477.891418 
70.966331 428.949860 
467.963226 526.833740 
203.081207 579.372375 
176.749649 546.112000 
298.352783 477.047577 
18.229393 507.852173 
238.189240 356.213776 
202.040924 393.505615 
408.135742 459.312164 
36.610233 547.058044 
196.712631 363.733521 
116.722855 571.156372 
97.363953 477.455200 
218.351013 347.188751 
200.258423 378.081360 
407.815521 459.156555 
88.924782 507.682159 
30.158833 527.058472 
238.673828 379.650696 
161.319550 542.921021 
92.418686 480.540955 
57.889297 524.547424 
206.916626 531.896667 
17.464062 402.180664 
452.039612 441.388153 
530.180969 484.054657 
126.609985 558.928833 
18.047756 549.188538 
380.643005 438.034698 
196.010910 409.303101 
395.437317 446.940369 
205.094772 544.732849 
217.801575 563.720276 
374.203735 465.500061 
380.713104 401.913940 
386.446198 462.212280 
405.063965 458.510925 
288.786682 445.249268 
291.572113 484.227417 
86.213898 474.300049 
211.155869 356.422974 
61.927425 318.014099 
82.699181 495.123077 
311.625122 448.703644 
95.324516 505.523407 
290.326752 334.622681 
80.007843 359.952362 
415.175537 473.624146 
199.192352 351.464569 
87.585938 470.387451 
32.266953 557.033569 
224.413025 373.456146 
193.896622 454.143646 
424.764801 514.566040 
93.883827 469.716492 
66.527710 323.029083 
75.109177 335.400970 
208.861588 550.717346 
18.344215 438.818970 
571.503967 539.773071 
359.578125 476.573608 
99.814369 580.452026 
28.098042 414.135498 
376.577698 399.002991 
48.360764 460.978516 
41.526955 542.307617 
63.020454 474.038666 
