248.672028 430.254395 
365.103363 328.734589 
83.878944 542.922668 
16.547476 278.234772 
209.722397 367.166473 
260.336060 435.316986 
180.911774 472.464172 
577.246826 573.016174 
27.466156 287.027222 
271.917603 413.284485 
59.299118 497.994873 
101.075577 555.969055 
39.885330 452.647064 
226.189224 351.655457 
70.399277 491.535370 
185.535019 527.753906 
45.838253 430.577423 
239.028259 402.602814 
29.991184 520.950623 
77.984779 482.513702 
409.474426 538.011902 
311.441864 541.175903 
52.487759 438.876038 
488.832458 504.328094 
225.059540 559.072632 
329.288696 488.891541 
303.208496 316.639099 
91.357010 470.888641 
89.105644 551.186401 
128.262772 506.014343 
103.764183 456.382416 
452.606567 514.038391 
53.560001 540.801270 
382.485229 465.914185 
356.941315 480.658630 
548.023865 506.634216 
526.314270 520.859009 
170.982086 519.343689 
364.877136 506.925629 
307.320618 552.492737 
153.667114 457.082428 
66.925064 368.425842 
283.763489 543.136353 
462.428223 519.509460 
165.481049 470.367950 
411.874756 501.399414 
16.677567 315.346436 
191.587418 347.048370 
140.271759 430.988159 
27.234529 272.661102 
458.470123 381.738922 
255.381195 278.071045 
258.134430 508.914551 
470.034729 486.805878 
190.107773 580.107788 
296.841766 530.010742 
234.188583 459.541565 
28.931639 578.993286 
475.511719 491.387451 
413.512604 533.138245 
486.221924 503.306915 
204.017380 532.292542 
530.278320 75.614113 
125.759140 478.120728 
46.783951 534.126343 
92.402390 393.319214 
287.496124 434.959747 
341.895050 415.628540 
130.184341 453.428345 
234.592941 548.139893 
103.907829 402.947998 
291.777344 429.006287 
143.426224 490.109070 
332.023254 529.087402 
356.395844 425.617645 
179.204910 538.841797 
443.876862 535.469910 
150.881882 552.877441 
338.329712 544.127686 
189.541000 464.582520 
108.261497 397.963745 
374.612122 508.365326 
565.355103 564.786316 
194.147552 459.939667 
165.215942 541.032288 
274.366882 555.474915 
95.380905 518.882751 
156.103989 369.678162 
240.012711 358.806030 
68.307495 558.603882 
476.072021 554.201477 
30.102337 335.226166 
216.637405 503.706024 
208.161850 579.148376 
59.711212 359.384491 
255.809753 459.241608 
36.166161 338.219147 
226.344437 495.615265 
17.300682 436.020691 
64.096634 316.902618 
234.900162 481.432404 
325.173767 454.793152 
473.071075 422.315216 
57.897995 402.046143 
85.435936 573.348572 
246.762573 447.519897 
439.802216 371.384796 
83.364502 366.760864 
215.086548 568.350525 
120.606888 403.824432 
47.964451 458.377777 
17.296688 538.482422 
280.057617 495.081787 
86.613876 378.862762 
221.541840 538.741516 
539.112427 529.726013 
33.444061 553.153259 
297.783295 472.647400 
123.998833 524.937378 
306.657379 452.503021 
503.603455 524.493042 
350.682526 538.385986 
107.807343 418.376068 
119.553360 402.984222 
136.957977 574.036316 
63.050407 545.459778 
354.737244 508.042114 
92.509666 527.121338 
203.453415 447.428162 
363.622345 499.124481 
422.674530 505.226318 
214.931427 420.114197 
77.516342 565.330627 
453.796722 545.009277 
369.896942 488.597748 
219.052399 427.443237 
264.385498 514.219116 
251.798950 384.310425 
441.113892 367.957123 
105.517021 513.189453 
81.216003 512.377014 
19.334682 473.948792 
73.684898 578.751282 
259.882355 479.568390 
62.186668 480.687866 
31.607977 497.288300 
216.193207 347.657257 
62.945732 460.194672 
394.504883 513.392517 
515.299683 503.805756 
37.589428 494.181610 
66.870079 464.449951 
525.882629 479.403656 
43.886986 486.611023 
366.438324 477.085510 
27.340645 551.347046 
77.307846 383.268829 
131.828827 342.182709 
49.162514 444.847412 
217.405731 533.055359 
82.288200 486.663879 
302.554565 437.200378 
95.536003 494.957214 
381.929932 522.045532 
579.641235 441.705566 
98.853127 497.565460 
68.383530 447.115143 
350.179443 535.533752 
52.156818 576.845520 
111.678238 477.686127 
112.797241 550.349487 
139.196030 529.196045 
521.795837 579.985229 
118.650421 453.314117 
440.062317 553.555481 
149.236221 456.427795 
405.684052 516.141968 
367.163818 553.494934 
159.678116 480.259460 
497.739227 474.110504 
192.064209 363.543365 
460.681305 543.254517 
413.571136 397.307220 
254.767456 575.456848 
106.047676 571.318665 
85.883034 558.508667 
94.593582 568.138855 
466.103607 510.833160 
258.198914 422.940521 
183.615311 490.675293 
210.786835 448.910248 
285.767517 556.309753 
265.321320 395.340485 
251.137314 367.745972 
100.241661 538.841797 
32.838463 310.992310 
64.646278 472.903992 
190.626923 538.226807 
526.560913 438.955200 
42.824821 413.875122 
78.609459 470.920959 
410.249115 554.619812 
53.189751 388.625366 
244.243057 415.449524 
225.612396 536.085449 
279.257263 385.107727 
529.457275 521.227112 
333.386780 472.137573 
34.300884 568.723389 
318.903290 542.077332 
89.800697 416.515991 
227.138733 426.404114 
147.330231 518.175842 
135.117432 553.423096 
513.498352 518.052002 
101.910187 441.863281 
131.010361 512.099976 
543.288757 519.069763 
54.842030 553.750732 
379.008911 486.915100 
356.854889 470.431702 
430.464752 511.620941 
385.616760 444.104248 
456.980194 494.818359 
144.852890 534.852905 
394.328125 501.698608 
191.014343 430.785858 
374.980957 550.919434 
402.873260 491.406555 
117.683983 347.321564 
206.422470 575.121277 
411.345367 455.068756 
580.129333 538.129700 
502.806274 579.977295 
423.440704 524.588501 
17.513390 329.581573 
68.913132 530.471680 
373.432953 333.100433 
392.427917 488.001099 
63.363819 317.059082 
526.565857 508.486938 
490.784607 467.612885 
484.983063 533.717529 
17.613136 379.505737 
464.016296 496.580170 
199.794113 533.213013 
81.915588 528.744934 
478.132355 447.799225 
390.316254 547.752136 
247.634705 482.336273 
81.785530 343.803162 
205.373459 518.217407 
576.955811 485.856262 
126.763992 495.272491 
17.423410 518.589539 
284.877930 385.131744 
515.836548 575.581421 
129.875687 501.476471 
433.716187 502.164368 
503.393616 467.976044 
398.467224 541.174988 
140.619751 473.730286 
328.908875 513.979797 
435.821716 515.210632 
302.909546 469.277069 
553.885254 432.277039 
215.177109 511.747620 
370.491364 521.638550 
536.904663 544.812744 
452.026489 552.304199 
63.363903 507.340118 
166.546890 527.976257 
353.518951 550.675964 
200.912338 498.100433 
399.390045 127.451424 
258.411682 572.623474 
317.472382 447.702881 
155.551544 325.051025 
319.666443 409.005463 
68.314621 536.725769 
476.283386 507.133972 
453.129852 525.998596 
481.259766 482.895386 
417.222870 492.772369 
230.045502 476.273315 
20.038376 448.248291 
68.193810 367.653748 
273.989685 428.454376 
197.895432 539.242554 
46.991119 300.732300 
577.993835 526.987976 
418.687561 487.474152 
78.797539 359.781738 
119.452797 511.578247 
50.385220 304.287842 
247.884247 459.996674 
39.389786 406.650146 
276.591461 501.139801 
68.035240 381.381561 
120.978943 420.290314 
47.458015 440.587524 
20.684401 552.586670 
356.021362 144.043198 
72.359146 438.499847 
321.332825 407.605988 
245.069870 508.723938 
222.543503 559.648499 
139.307266 432.280457 
472.438873 436.139191 
39.904274 542.230408 
303.745911 396.096924 
425.772705 482.440369 
124.569633 540.849731 
534.932922 509.228119 
304.067047 465.518616 
334.674500 463.909210 
348.174042 554.359253 
109.204552 467.965546 
532.964783 577.392273 
141.236130 552.325867 
114.304008 396.353271 
443.774506 512.820557 
192.086380 490.488129 
378.307220 553.163635 
534.883972 420.690125 
191.073608 334.050293 
366.712646 483.600800 
154.636230 382.715118 
208.504807 436.358398 
72.456627 544.210205 
194.374756 343.256775 
98.936584 386.372620 
469.014435 527.640198 
507.219238 481.259583 
254.043304 407.068146 
554.414551 558.978821 
229.025818 421.252563 
17.703663 488.122375 
480.282196 548.591370 
309.726471 547.919739 
270.952271 451.270081 
63.998936 473.927704 
100.862541 579.459656 
573.212524 568.667847 
278.187225 284.470795 
211.919037 531.568909 
525.773865 462.926971 
312.257782 451.173706 
30.237286 567.894775 
72.825836 488.239502 
499.848267 534.053711 
55.088684 463.208557 
300.869202 551.527222 
510.372864 540.721680 
502.029877 553.257263 
423.846802 532.580566 
542.313660 156.894775 
341.220215 456.111328 
128.222504 531.389038 
577.714417 490.206909 
103.107361 481.690552 
153.786575 569.689270 
74.552505 421.122009 
321.214203 545.884338 
380.849487 443.322845 
560.795471 432.075623 
141.089127 517.623169 
538.734741 494.891602 
119.829163 464.875702 
174.948654 523.424927 
145.975159 475.232117 
375.263885 518.466858 
363.608948 543.696472 
154.914841 502.735504 
179.618454 527.896545 
457.484222 522.849243 
165.057983 489.485138 
159.432663 508.134003 
202.184998 339.181671 
175.149368 484.744232 
156.304535 292.932007 
16.502399 311.350281 
97.297707 453.641113 
237.340912 357.416565 
324.245392 496.265076 
269.790222 378.716888 
457.480164 421.533356 
282.840698 286.596252 
96.155121 527.679565 
489.522797 550.134888 
485.512756 570.809814 
470.617981 444.710541 
407.570190 538.531372 
525.804077 418.322052 
238.112518 435.587891 
72.820198 454.786804 
413.176208 508.609711 
391.127350 526.023071 
55.863289 402.334625 
243.821518 427.381195 
85.061989 410.025208 
206.014496 539.078735 
455.161072 422.435028 
492.606567 527.796082 
313.718536 553.297852 
88.297386 433.306702 
134.493866 537.579651 
232.187057 552.575500 
512.628967 521.133179 
55.876579 510.057159 
332.994202 540.678406 
383.417786 502.516754 
488.082825 475.030365 
121.637039 575.521851 
385.623840 493.806152 
381.074951 504.939331 
150.563675 547.999390 
339.179810 511.843323 
394.388611 487.193420 
278.263641 550.935242 
255.882477 518.467651 
445.930115 495.822418 
154.567108 345.978455 
16.528376 346.724121 
71.160843 518.318542 
309.759460 398.468323 
453.348572 500.584595 
62.646023 533.350525 
289.903687 563.765076 
580.428284 505.387726 
58.563408 364.883759 
553.872864 506.326447 
383.204498 516.329407 
486.451996 516.022034 
17.715374 396.447327 
468.514038 385.810394 
197.020462 512.298462 
574.142029 563.482422 
236.783737 491.914551 
475.441223 460.847534 
62.328766 383.800079 
54.464607 312.631439 
219.274826 483.309753 
87.840500 352.304077 
278.808777 442.435028 
480.415497 465.395386 
122.657066 382.622192 
46.208973 560.561707 
17.697609 532.147461 
429.611694 532.276733 
130.503326 483.602417 
102.627289 373.438812 
295.833771 393.645844 
408.347931 544.817444 
507.174652 521.139404 
405.963776 534.915222 
513.281738 459.994019 
574.971130 406.186371 
510.930298 578.443787 
579.862549 528.924744 
155.094498 540.688782 
191.480789 502.305603 
104.774940 429.653473 
503.776642 547.312378 
57.680138 526.776733 
161.185684 509.582153 
358.142303 535.226318 
405.723022 352.725220 
362.174103 442.792999 
155.540604 339.899658 
473.072510 523.766968 
453.213165 510.342682 
373.183105 487.276672 
216.873581 466.032898 
169.502487 475.106781 
105.943481 526.955688 
228.705276 462.571808 
16.574980 466.456024 
469.340973 426.358673 
40.038082 286.706818 
510.901367 466.483398 
31.683157 475.004242 
475.875305 388.531403 
113.754463 526.459290 
396.988281 524.578430 
496.488342 537.746155 
18.536098 286.606018 
295.271912 442.701477 
69.667824 428.033386 
403.513153 521.733643 
122.407898 433.795349 
45.464554 491.926819 
21.942177 571.707214 
425.812653 542.753784 
547.448059 155.458237 
533.862244 476.412170 
55.466255 497.723816 
222.127090 507.632294 
86.773758 447.267670 
537.905273 498.248505 
253.285507 477.818451 
547.821289 488.318207 
124.891312 552.038208 
133.977707 572.801819 
578.211792 465.152985 
155.711212 534.398193 
344.641510 511.268402 
106.973862 453.679413 
93.837448 379.774719 
138.777054 538.795593 
62.908768 579.927368 
160.135376 576.696533 
172.031067 578.776611 
262.944855 567.146301 
360.789703 532.693665 
157.485901 399.358154 
72.789047 534.164062 
141.125687 419.813477 
368.532593 462.604584 
258.086182 448.652710 
248.922638 423.438324 
106.579643 550.736023 
80.988892 544.266296 
494.678223 532.531433 
417.191284 538.256165 
299.192932 554.653198 
579.062134 578.010864 
502.669220 496.774719 
264.681885 435.807159 
61.751671 489.961548 
152.283005 474.589935 
32.727829 457.399261 
225.932556 356.829010 
64.992126 500.617340 
189.116592 513.348633 
526.340637 443.851379 
30.996574 515.899902 
74.711166 479.845734 
50.191395 408.762482 
80.513443 391.584015 
210.906189 483.773651 
417.397156 513.142639 
495.841614 580.142090 
180.338165 516.487915 
427.824738 364.140289 
579.032715 472.893280 
101.432076 469.910400 
156.130539 440.177521 
517.441895 544.218689 
348.376099 501.539856 
55.422283 548.240479 
357.595154 495.797791 
544.722961 517.962463 
525.755249 545.829285 
439.409637 534.016296 
174.482758 507.345947 
144.816635 495.854156 
154.909317 454.114777 
402.059326 554.509888 
213.424469 474.589050 
165.410660 478.733032 
145.000809 496.478302 
411.491119 490.385559 
95.729141 537.258911 
464.678101 536.591980 
183.969208 463.878143 
24.938185 271.797119 
496.121246 507.539398 
440.925110 409.286346 
492.105316 565.950378 
253.600189 271.725891 
102.168648 511.591248 
313.399017 398.757904 
483.559387 552.815979 
261.535858 276.297211 
512.591675 558.192383 
233.419312 420.805542 
27.073090 571.217407 
473.817657 481.846954 
414.021667 521.958252 
387.789337 504.538818 
430.549133 553.838074 
245.580429 383.209167 
491.424103 516.713440 
86.547203 431.862946 
202.583786 525.715210 
401.222534 506.051086 
126.830742 466.718292 
271.924255 554.792908 
91.179504 386.688812 
340.707031 417.276062 
134.432541 461.012451 
239.695099 540.425659 
102.503723 411.746918 
289.053436 433.290863 
50.950764 527.772888 
334.906830 527.953674 
433.686127 537.357849 
113.625511 479.972809 
275.153229 433.067688 
53.665329 483.017242 
385.233826 476.824219 
222.347366 463.465881 
336.650879 526.098328 
381.870239 543.737122 
395.908875 466.487915 
191.587723 461.186890 
106.585541 357.659088 
292.099854 484.011719 
39.165596 289.621399 
19.848328 294.516846 
194.576385 464.588623 
161.823471 551.823486 
273.562836 564.990967 
249.955887 531.498169 
367.950378 438.145081 
154.905075 366.615479 
19.044735 367.485535 
64.995918 562.524475 
476.670197 550.274719 
538.172791 486.502228 
369.023499 430.639435 
216.399902 493.331238 
265.051788 580.178650 
252.117737 453.301514 
376.781769 531.990784 
84.226212 580.327454 
22.781052 408.158081 
65.106682 324.753937 
258.175079 285.819031 
197.311813 565.181335 
575.569885 579.194031 
233.654022 478.022552 
76.970993 360.358368 
267.703705 279.127319 
62.386784 396.477661 
243.526260 448.875854 
38.732025 426.090332 
487.635956 451.506866 
69.386917 401.030090 
43.479763 551.974548 
21.020695 546.660583 
287.698212 487.395081 
75.102119 371.410492 
532.470459 451.995026 
97.838448 358.725647 
68.215714 486.006836 
139.668335 442.957977 
35.267170 560.332947 
122.225456 512.225464 
159.047897 554.210693 
105.599327 408.632874 
424.224609 488.558990 
247.802536 367.630737 
58.715050 537.990601 
354.465454 512.914185 
500.362732 453.278473 
362.906586 491.057465 
155.985779 419.156952 
158.506836 512.481995 
65.392464 568.663818 
76.032211 554.328796 
178.794052 568.794067 
375.041290 497.248260 
222.631195 420.697632 
264.155670 509.813049 
56.271023 433.503510 
109.737053 505.056976 
17.404831 485.774689 
390.198853 498.011414 
578.613647 557.447998 
31.304003 490.338867 
270.546173 461.086456 
60.000000 450.000000 
394.447266 504.287048 
515.437012 445.719360 
37.441780 501.255432 
486.098083 395.350128 
64.055641 409.319733 
525.022278 501.287842 
47.109589 479.288818 
26.769741 542.690674 
74.850258 402.587158 
19.640472 522.804260 
533.602966 491.604004 
52.502151 452.789673 
222.732178 522.564514 
87.676147 463.297455 
330.228516 412.190765 
169.228165 544.145020 
89.363129 481.601196 
548.812134 473.740784 
532.137390 536.432800 
578.918823 448.492645 
347.920013 520.282043 
108.009651 497.087738 
62.212143 562.619202 
142.571594 520.818420 
549.902954 553.819031 
522.493652 573.388794 
117.114731 488.393402 
447.722870 546.374817 
128.713776 407.601837 
35.251247 355.493164 
365.187805 513.097778 
494.112518 463.223236 
73.815643 515.549316 
192.723602 371.109070 
248.664841 435.689484 
175.258636 490.235596 
83.839287 564.639404 
22.131365 270.546204 
471.727631 514.315918 
256.735199 424.785095 
183.641830 501.188599 
280.658234 549.089172 
238.613373 441.340820 
270.172272 416.557861 
100.591995 549.059570 
35.043297 469.257446 
257.773376 518.466309 
420.895447 554.837341 
215.387222 565.024719 
188.993851 532.459900 
299.108887 523.205322 
46.707516 435.056458 
79.374763 458.114105 
266.443451 373.624634 
52.355206 425.285950 
246.586731 421.008575 
82.749512 406.350098 
37.111767 579.339294 
47.670029 577.698975 
89.724922 408.324188 
129.902756 561.059998 
501.371521 401.442871 
55.553028 567.906311 
379.395416 475.182739 
512.549622 532.520569 
61.745422 385.628265 
352.871429 475.692871 
521.836792 528.398865 
114.077065 433.405457 
150.837173 511.511963 
577.410645 439.683472 
241.819321 490.168884 
154.219360 471.246429 
73.984093 568.526550 
112.889915 354.349457 
163.746918 463.630432 
206.764542 438.836182 
484.705566 463.854767 
95.074722 504.671051 
92.816772 558.201111 
467.828674 552.820374 
557.791199 549.141235 
213.355667 441.436005 
56.863914 310.660370 
251.769409 282.020721 
439.588989 471.060028 
485.718506 536.109802 
19.028103 388.400635 
471.408051 479.006592 
238.787231 466.926025 
321.003204 457.481598 
475.141235 496.516541 
387.642975 553.567078 
54.908146 374.042603 
508.414001 565.130127 
43.218391 538.710815 
420.697968 545.193359 
120.385780 487.354584 
45.173382 507.463684 
92.588196 401.371277 
280.244904 383.650757 
134.120483 445.739166 
427.424561 520.354614 
97.023476 395.721161 
539.600525 522.714111 
139.511551 502.297943 
432.407806 556.401855 
296.844879 460.088379 
217.202545 512.645996 
353.092194 423.931213 
400.608826 547.033813 
458.278320 497.041901 
146.343506 579.973755 
340.523865 539.540405 
396.280792 450.741364 
186.811584 472.737152 
109.974464 407.528290 
369.276947 533.476929 
562.229248 553.926270 
540.664062 537.201538 
199.261719 455.881866 
160.830078 534.608459 
359.565704 556.559814 
241.489258 539.842651 
115.966026 513.404053 
205.616425 492.639526 
105.394058 558.643127 
256.946564 579.597778 
95.023834 461.178284 
64.338165 544.110657 
454.912109 535.366638 
288.011566 549.028137 
293.038391 532.217529 
410.549683 354.909790 
24.981213 292.291138 
250.595596 468.619202 
377.491577 546.261841 
228.776978 482.997803 
17.604055 428.118469 
404.725708 498.897827 
259.821289 458.671173 
197.263550 548.160400 
114.874466 576.498901 
473.876892 428.839996 
62.436665 412.705505 
242.455551 468.775269 
437.100006 367.614044 
273.755829 474.065125 
65.661247 385.398773 
120.966133 412.912476 
44.433559 469.542725 
23.066143 566.042480 
428.329620 513.925049 
76.966583 427.876068 
103.954552 377.194733 
530.905640 471.522430 
155.087143 424.637878 
536.930115 479.107819 
37.530888 546.710815 
572.950989 436.688751 
121.035065 530.544556 
532.111084 515.757568 
308.488586 445.386566 
70.837486 455.152588 
350.746460 544.599426 
393.016083 382.698669 
108.960419 457.262238 
95.145958 236.489105 
136.844376 580.421387 
61.989254 558.182983 
445.655792 504.063354 
149.585144 410.183258 
203.469818 450.534393 
258.714722 520.885315 
46.450447 403.673401 
154.850800 434.288025 
76.122978 539.757568 
450.622253 537.602600 
219.650894 437.497101 
249.524826 397.856628 
445.161591 373.629456 
17.797106 338.752899 
85.474625 504.783203 
17.507059 496.811646 
505.634125 499.652710 
271.613281 443.803467 
58.671021 468.437531 
517.763672 493.113129 
70.430885 462.627686 
527.925781 486.603638 
42.824455 399.359436 
326.450073 412.245880 
76.818481 388.558075 
52.343483 471.021118 
84.113838 476.970978 
536.045532 465.556396 
16.641434 507.213043 
95.845146 502.550903 
226.670486 433.693542 
342.926666 470.491760 
391.965210 346.523102 
580.189758 502.716980 
97.218910 491.841919 
345.593231 477.566223 
55.723137 571.093628 
107.201866 483.087036 
208.293213 342.685150 
136.766922 505.207764 
545.837524 538.043640 
522.547974 558.306152 
117.823685 445.101807 
510.137848 519.434265 
78.160309 392.387360 
530.458984 415.579132 
154.577606 489.505676 
179.141083 529.248901 
463.436340 547.735779 
160.955154 499.360962 
518.596008 542.778259 
505.407684 493.913177 
251.009232 578.725891 
557.949219 561.298462 
104.428558 578.670166 
89.947922 444.182861 
90.154823 579.403137 
464.308899 535.561890 
263.644989 415.509155 
280.134186 562.878357 
253.934418 369.783661 
96.524017 533.497803 
481.991272 578.923157 
407.693024 481.049591 
522.948547 414.250549 
43.787983 421.584839 
234.462799 430.622620 
75.705887 445.704346 
384.748047 535.114014 
49.970200 376.629913 
242.576920 436.782837 
81.324867 420.723938 
276.157166 380.616730 
509.132324 544.098816 
333.709747 480.685272 
122.210701 447.890228 
316.428040 544.452576 
516.486755 577.507935 
131.139542 547.501709 
497.141968 482.553711 
511.312622 450.190430 
350.540131 466.460907 
53.839828 512.532898 
379.469543 492.265076 
554.729492 429.491150 
324.848694 495.058350 
527.311707 519.019104 
574.930237 440.993866 
169.949112 537.201233 
147.586411 522.514099 
341.014618 513.958252 
104.865387 362.146759 
371.588043 538.918640 
84.027618 399.515594 
18.003563 326.955566 
227.141693 498.385162 
412.916687 456.749878 
507.927979 570.057007 
312.504425 433.243011 
156.875519 278.302277 
17.062054 359.687805 
71.785591 522.474915 
112.680931 415.901062 
63.188084 320.746490 
284.927948 288.178680 
516.241211 61.011761 
419.214600 497.494385 
481.168274 526.171082 
17.573605 407.573547 
464.383698 492.357788 
201.065170 505.413452 
192.033401 526.040466 
313.248138 302.290375 
473.858276 452.061096 
388.012848 543.364441 
322.677551 307.867554 
244.058182 473.666962 
524.239075 561.720764 
483.664001 479.615936 
275.599030 453.231903 
122.545921 502.697601 
42.698967 554.855713 
88.871986 354.195770 
130.889023 495.977234 
496.056183 461.479095 
216.350189 568.901489 
32.987850 175.627884 
136.450592 481.519989 
437.890717 505.338074 
297.531677 441.426331 
550.404724 425.269318 
578.595276 404.576996 
339.491516 554.800659 
185.509949 493.260498 
106.762375 390.944977 
488.713898 555.264648 
539.239929 552.916321 
192.322327 501.717682 
63.315796 512.435303 
160.147125 514.513916 
355.883911 543.965759 
361.923523 464.429993 
156.510788 334.927582 
95.492844 360.125458 
477.171814 519.093262 
512.036011 408.906158 
498.974670 441.930054 
508.074707 556.040894 
250.176941 483.034943 
263.007233 373.769836 
38.143597 317.238129 
224.936630 467.648499 
423.721741 362.059998 
70.774879 355.532257 
256.700409 443.827484 
506.578430 456.980499 
76.311089 335.248840 
56.761230 429.070648 
50.874043 303.529846 
513.175171 465.192841 
35.954750 399.425171 
207.845398 580.213257 
70.715858 433.052246 
231.574615 550.904053 
315.260925 400.866730 
185.367386 575.749390 
282.035431 452.541016 
192.413696 351.648773 
131.959869 438.296295 
48.720890 475.627716 
246.836838 533.219177 
219.037033 565.104187 
84.428650 453.001678 
346.232269 323.201782 
506.908295 528.749695 
501.392883 565.773804 
493.447998 480.700012 
545.363464 498.819092 
126.699806 548.334412 
134.338425 580.132446 
306.809998 460.374481 
159.212433 522.749939 
324.965210 535.891907 
105.609032 447.916931 
57.326725 569.992920 
441.906403 523.781433 
146.850113 428.121521 
404.749420 350.854675 
190.552216 338.085022 
362.557831 521.096375 
156.268951 391.422363 
432.674011 399.628326 
212.370438 430.016022 
72.711624 522.323792 
196.281372 335.611145 
368.416656 467.695160 
252.910934 415.746552 
169.160629 466.910736 
111.648834 537.110657 
83.940346 520.053467 
17.430967 259.523071 
214.761795 347.068909 
313.678497 158.802460 
579.939514 550.649109 
31.289761 457.358032 
265.084686 428.376953 
116.068085 572.551636 
99.871376 572.158142 
493.438354 539.334595 
47.972313 502.714752 
536.493225 577.668091 
208.576462 524.420593 
191.249878 506.170349 
523.107056 464.603058 
312.843353 457.691010 
74.808304 500.659271 
49.892921 419.044891 
290.177124 290.617981 
80.163918 488.783386 
132.469986 417.427917 
303.543365 453.971436 
316.795593 505.471497 
92.421883 448.722961 
130.790253 523.400818 
311.101776 400.748322 
100.533318 472.587891 
46.975338 525.961609 
159.841110 577.633179 
347.715546 491.221161 
326.159607 536.220825 
382.927368 454.238281 
494.105591 502.011230 
358.935364 496.114685 
545.660339 522.961243 
521.958374 543.624573 
115.683685 463.221924 
172.284683 535.965820 
18.867756 443.332214 
286.508759 535.589600 
364.199982 547.646301 
464.139648 437.771149 
402.627136 463.783661 
463.723419 535.716614 
161.038834 480.932709 
516.150146 427.553223 
156.859100 297.469757 
22.321468 301.823303 
464.445740 544.632202 
182.549728 469.383179 
428.629242 498.781647 
501.337189 489.045349 
266.691010 388.270905 
579.744629 516.583313 
97.181877 519.690063 
32.279373 282.482483 
93.490898 476.884521 
489.696838 438.149017 
290.962555 453.733856 
231.774231 415.061371 
237.878357 415.941101 
473.900909 478.537262 
413.049164 514.926880 
390.944061 515.203552 
52.386829 393.392853 
517.512390 481.453949 
87.166023 434.082825 
402.818695 453.270111 
333.840759 465.228607 
125.325569 458.677704 
114.230850 530.697571 
282.416473 422.416779 
179.823059 505.193604 
508.798492 510.154877 
128.280167 471.880066 
100.475014 423.966949 
348.474243 421.923004 
49.877659 528.637207 
334.903961 547.908813 
436.781158 546.545349 
393.264465 545.262451 
121.671898 579.859253 
388.192291 483.691528 
154.996231 314.885895 
147.681320 537.681335 
340.251465 535.299744 
395.954803 458.048187 
375.886993 552.684814 
274.514618 492.335632 
211.513748 502.006989 
249.604263 526.969910 
445.342224 502.125641 
361.334167 426.569244 
157.284409 358.935608 
23.932125 374.137756 
66.246376 509.027649 
474.640778 538.670715 
452.171722 492.991669 
373.446198 434.727020 
120.012466 428.497803 
295.916046 556.998413 
267.045227 568.405334 
460.179504 487.984100 
252.254868 446.796326 
40.019188 449.124146 
487.780365 504.903687 
18.748716 419.560547 
71.443428 333.511108 
461.338104 509.388397 
18.521770 576.140320 
233.741180 497.407318 
478.109497 467.758270 
117.492462 536.170349 
506.735443 445.898621 
38.325027 439.694824 
83.584351 349.521759 
540.380859 421.737457 
74.739578 411.540894 
138.612137 461.165192 
264.932434 566.493652 
93.114929 368.817230 
287.901306 479.915222 
128.009323 473.891937 
287.389832 442.901001 
100.977570 360.416809 
290.328583 388.091888 
535.947205 483.739044 
140.549194 469.546936 
448.859619 376.957581 
433.047241 524.254028 
103.521698 432.995361 
120.929855 450.755188 
122.217735 509.794098 
155.020874 551.629578 
68.951538 398.334503 
104.461327 432.009766 
495.312714 450.826050 
115.725288 423.368744 
536.162781 504.406525 
113.696007 430.779053 
359.054626 521.929871 
497.110992 515.845642 
156.857727 411.066345 
18.930765 157.467255 
70.833557 579.556702 
478.875824 532.260559 
180.789810 576.062256 
375.409546 479.180054 
111.085670 531.170898 
17.805399 462.958191 
197.956192 579.583923 
40.271408 291.509033 
509.289429 472.460327 
99.285141 426.211151 
57.133488 446.760223 
398.161560 529.994873 
512.569641 450.130463 
71.037628 418.755554 
527.933411 491.340942 
78.927208 342.029755 
429.947662 548.949280 
79.355888 344.270294 
514.702087 479.222137 
530.626221 497.961517 
53.447613 491.072021 
294.727661 458.960571 
84.700317 466.688171 
136.129349 396.067719 
300.001038 391.969971 
495.003571 399.036957 
544.704285 486.279938 
60.006569 417.556641 
533.511475 528.931396 
579.463318 461.783569 
214.696396 518.016174 
297.556335 294.484833 
344.636566 512.273254 
398.422607 347.102020 
532.240784 547.951477 
106.470474 493.244598 
213.479538 490.274261 
93.214149 200.930847 
142.847427 548.664734 
163.711533 571.767517 
440.842163 542.199402 
518.487732 505.035309 
88.117569 531.551758 
157.104462 402.568970 
72.391762 506.246216 
456.678772 552.307983 
